/*--------------------------------*- C++ -*----------------------------------*\
  =========                 |
  \\      /  F ield         | OpenFOAM: The Open Source CFD Toolbox
   \\    /   O peration     | Website:  https://openfoam.org
    \\  /    A nd           | Version:  11
     \\/     M anipulation  |
\*---------------------------------------------------------------------------*/
FoamFile
{
    format      ascii;
    class       volScalarField;
    location    "0.5";
    object      epsilon;
}
// * * * * * * * * * * * * * * * * * * * * * * * * * * * * * * * * * * * * * //

dimensions      [0 2 -3 0 0 0 0];

internalField   nonuniform List<scalar> 
400
(
0.00270607
0.00296571
0.00316189
0.00326672
0.00331467
0.00333505
0.00334411
0.00334909
0.00335289
0.00335647
0.00336016
0.0033648
0.00336863
0.00336998
0.0033648
0.00334361
0.00328868
0.00317191
0.00296368
0.00270598
0.00296507
0.00222552
0.00218775
0.00220919
0.00222456
0.00223076
0.00223203
0.0022311
0.00222937
0.00222745
0.00222586
0.00222556
0.00222515
0.00222374
0.00221967
0.00221012
0.00219242
0.00217402
0.00222679
0.002965
0.00317447
0.00217451
0.00203768
0.00201897
0.00201967
0.00202154
0.00202199
0.00202138
0.00202034
0.00201927
0.00201842
0.00201797
0.0020175
0.00201662
0.00201481
0.00201239
0.00201349
0.0020394
0.00219167
0.00315939
0.00329434
0.00219397
0.00201335
0.00197361
0.00196556
0.00196442
0.00196417
0.0019637
0.00196306
0.00196246
0.00196206
0.00196191
0.00196185
0.00196178
0.00196193
0.00196421
0.00197604
0.00202363
0.00221648
0.00326076
0.00335466
0.00221282
0.00201372
0.00196401
0.0019513
0.0019484
0.00194769
0.00194729
0.0019469
0.00194662
0.00194654
0.00194671
0.00194707
0.00194769
0.00194921
0.00195429
0.00197148
0.00202849
0.00223665
0.00330361
0.0033835
0.00222398
0.00201782
0.00196416
0.00194936
0.0019456
0.00194468
0.00194432
0.00194409
0.00194402
0.00194418
0.00194463
0.00194535
0.00194649
0.00194889
0.00195555
0.00197542
0.00203641
0.0022497
0.00331706
0.00339838
0.00223024
0.00202179
0.00196675
0.00195126
0.00194718
0.00194616
0.00194583
0.00194572
0.0019458
0.00194619
0.00194693
0.00194806
0.00194978
0.00195306
0.00196101
0.00198264
0.00204567
0.00226099
0.00331817
0.00340843
0.00223446
0.00202542
0.00197021
0.00195455
0.00195034
0.00194923
0.0019489
0.00194885
0.0019491
0.00194976
0.00195091
0.00195263
0.00195523
0.00195977
0.00196944
0.00199321
0.00205841
0.00227521
0.00331299
0.00341798
0.00223848
0.00202943
0.00197447
0.00195883
0.00195447
0.00195319
0.00195275
0.00195269
0.00195307
0.00195406
0.00195579
0.00195845
0.0019625
0.00196918
0.00198189
0.0020095
0.0020787
0.00229761
0.00330355
0.00342923
0.00224345
0.00203459
0.00197994
0.00196422
0.00195952
0.00195783
0.00195709
0.00195692
0.00195739
0.00195877
0.00196132
0.00196541
0.00197182
0.00198226
0.00200061
0.00203595
0.00211377
0.0023366
0.0032893
0.00344373
0.00225036
0.00204174
0.00198724
0.00197106
0.00196555
0.00196308
0.00196171
0.00196122
0.00196166
0.00196347
0.00196706
0.00197321
0.00198332
0.00200013
0.00202888
0.00207973
0.00217658
0.00240691
0.00326763
0.00346329
0.00226042
0.00205191
0.001997
0.00197959
0.00197257
0.00196872
0.00196626
0.00196518
0.0019654
0.00196757
0.0019724
0.00198126
0.00199671
0.00202352
0.00207004
0.00215
0.00228636
0.00253135
0.00323527
0.00349063
0.00227537
0.00206625
0.00200976
0.00198989
0.00198053
0.00197474
0.00197089
0.00196911
0.0019691
0.00197165
0.00197785
0.00198988
0.00201203
0.0020523
0.00212463
0.00225103
0.00245781
0.00274155
0.00321974
0.00353022
0.00229727
0.00208562
0.00202584
0.00200273
0.00199128
0.00198441
0.00198034
0.00197885
0.00197958
0.0019834
0.00199161
0.00200712
0.0020359
0.00208922
0.00218776
0.00236764
0.00267704
0.00306723
0.00327648
0.00358729
0.0023278
0.00211062
0.00204886
0.00202677
0.00201818
0.00201588
0.00201716
0.00202127
0.0020278
0.00203728
0.00205118
0.00207255
0.00210724
0.00216652
0.00227517
0.00249318
0.00296424
0.00351564
0.00352681
0.00366351
0.00236669
0.0021522
0.00210512
0.0021033
0.00211912
0.00214259
0.00216914
0.00219646
0.00222391
0.00225225
0.00228355
0.00232059
0.00236627
0.00242348
0.00250762
0.00270354
0.00328528
0.00418204
0.00395909
0.00376624
0.00243951
0.00227589
0.00230599
0.00239619
0.00250609
0.00261984
0.00272774
0.00282434
0.00290914
0.00298555
0.00305942
0.00313562
0.00321263
0.00327446
0.00330034
0.003344
0.00378176
0.00477812
0.00436032
0.00385004
0.00266291
0.00274956
0.0030863
0.00347921
0.00387551
0.0042446
0.00456187
0.00481636
0.00501408
0.00517263
0.00531521
0.0054576
0.00560003
0.00569878
0.00567749
0.005504
0.00537156
0.00518628
0.00465483
0.00389903
0.0034013
0.00452973
0.00582128
0.00699054
0.00803353
0.00890456
0.00955283
0.00997947
0.0102373
0.0103996
0.0105453
0.0107158
0.0109237
0.0110804
0.0110139
0.0104304
0.0086902
0.00601404
0.0048581
0.00361576
0.0040362
0.00474656
0.0054235
0.00601528
0.0064784
0.00678743
0.006943
0.00698192
0.00697305
0.00692596
0.00687943
0.00687305
0.00688297
0.00691104
0.00689165
0.00680026
0.00656271
0.00604535
0.00490284
)
;

boundaryField
{
    movingWall
    {
        type            epsilonWallFunction;
        value           nonuniform List<scalar> 
20
(
0.00361576
0.0040362
0.00474656
0.0054235
0.00601528
0.0064784
0.00678743
0.006943
0.00698192
0.00697305
0.00692596
0.00687943
0.00687305
0.00688297
0.00691104
0.00689165
0.00680026
0.00656271
0.00604535
0.00490284
)
;
    }
    fixedWalls
    {
        type            epsilonWallFunction;
        value           nonuniform List<scalar> 
60
(
0.00270607
0.00296507
0.00317447
0.00329434
0.00335466
0.0033835
0.00339838
0.00340843
0.00341798
0.00342923
0.00344373
0.00346329
0.00349063
0.00353022
0.00358729
0.00366351
0.00376624
0.00385004
0.00389903
0.00361576
0.00270598
0.002965
0.00315939
0.00326076
0.00330361
0.00331706
0.00331817
0.00331299
0.00330355
0.0032893
0.00326763
0.00323527
0.00321974
0.00327648
0.00352681
0.00395909
0.00436032
0.00465483
0.0048581
0.00490284
0.00270607
0.00296571
0.00316189
0.00326672
0.00331467
0.00333505
0.00334411
0.00334909
0.00335289
0.00335647
0.00336016
0.0033648
0.00336863
0.00336998
0.0033648
0.00334361
0.00328868
0.00317191
0.00296368
0.00270598
)
;
    }
    frontAndBack
    {
        type            empty;
    }
}


// ************************************************************************* //
