/*--------------------------------*- C++ -*----------------------------------*\
  =========                 |
  \\      /  F ield         | OpenFOAM: The Open Source CFD Toolbox
   \\    /   O peration     | Website:  https://openfoam.org
    \\  /    A nd           | Version:  11
     \\/     M anipulation  |
\*---------------------------------------------------------------------------*/
FoamFile
{
    format      ascii;
    class       volScalarField;
    location    "0.5";
    object      k;
}
// * * * * * * * * * * * * * * * * * * * * * * * * * * * * * * * * * * * * * //

dimensions      [0 2 -2 0 0 0 0];

internalField   nonuniform List<scalar> 
400
(
0.000833452
0.000914597
0.000975988
0.00100888
0.00102398
0.00103043
0.00103331
0.0010349
0.00103612
0.00103726
0.00103844
0.00103991
0.00104113
0.00104155
0.00103989
0.00103317
0.00101584
0.000979161
0.000913952
0.000833425
0.000914396
0.00116282
0.001289
0.00135301
0.00138405
0.00139863
0.00140579
0.00141004
0.00141334
0.0014164
0.00141932
0.00142172
0.00142327
0.00142306
0.00141816
0.00140314
0.00136821
0.00129704
0.00116135
0.000914373
0.00097997
0.00129887
0.0014592
0.00154218
0.00158362
0.00160329
0.0016125
0.00161722
0.00162029
0.00162285
0.00162521
0.00162713
0.00162792
0.00162588
0.00161723
0.00159505
0.0015477
0.00145615
0.00128579
0.000975195
0.00101763
0.00137155
0.00155179
0.00164682
0.00169535
0.00171869
0.00172942
0.00173448
0.00173731
0.00173937
0.00174112
0.00174226
0.00174201
0.00173807
0.00172608
0.00169832
0.00164218
0.00153743
0.00134709
0.00100698
0.00103667
0.00140932
0.00160155
0.00170425
0.0017574
0.00178314
0.00179482
0.00180002
0.00180257
0.00180415
0.00180529
0.00180572
0.00180443
0.00179885
0.0017842
0.00175223
0.00168988
0.00157647
0.00137414
0.00102044
0.00104583
0.00142849
0.00162762
0.00173484
0.00179069
0.00181778
0.00182992
0.00183508
0.00183735
0.00183855
0.00183918
0.00183906
0.00183695
0.00183014
0.00181352
0.00177856
0.00171195
0.00159284
0.00138317
0.00102467
0.00105057
0.00143873
0.00164157
0.00175115
0.00180828
0.00183589
0.00184811
0.00185312
0.00185515
0.00185606
0.00185641
0.00185595
0.00185335
0.00184573
0.00182777
0.00179069
0.00172103
0.0015979
0.00138363
0.00102501
0.00105377
0.00144542
0.0016502
0.00176075
0.00181818
0.00184573
0.00185775
0.00186253
0.00186436
0.00186511
0.00186534
0.00186477
0.00186197
0.00185391
0.00183507
0.00179645
0.00172437
0.00159796
0.00137926
0.00102333
0.0010568
0.00145139
0.00165725
0.00176794
0.001825
0.00185205
0.00186361
0.00186807
0.00186972
0.0018704
0.00187065
0.00187016
0.00186741
0.00185924
0.00183987
0.0018
0.00172566
0.00159559
0.00137143
0.00102029
0.00106037
0.00145816
0.00166477
0.00177505
0.00183119
0.00185731
0.00186816
0.00187215
0.00187355
0.00187418
0.00187452
0.00187426
0.00187181
0.00186382
0.00184424
0.00180338
0.0017267
0.00159213
0.0013599
0.00101568
0.00106495
0.00146677
0.00167405
0.00178338
0.00183798
0.00186266
0.0018724
0.00187568
0.0018767
0.0018772
0.00187765
0.00187768
0.0018757
0.00186816
0.00184873
0.00180721
0.00172819
0.001588
0.00134302
0.00100866
0.00107113
0.00147831
0.00168615
0.00179369
0.00184589
0.00186839
0.00187654
0.00187878
0.00187919
0.00187941
0.0018799
0.00188017
0.00187869
0.00187172
0.00185258
0.00181046
0.00172903
0.00158225
0.00131708
0.000998337
0.00107974
0.00149413
0.00170196
0.00180635
0.00185487
0.00187432
0.00188037
0.00188139
0.00188103
0.0018809
0.00188133
0.00188173
0.00188056
0.00187381
0.00185433
0.00181055
0.00172544
0.00157104
0.00129253
0.0009941
0.00109219
0.0015156
0.0017217
0.00182094
0.00186452
0.00188057
0.00188483
0.00188513
0.00188459
0.00188459
0.00188533
0.00188602
0.00188494
0.00187754
0.00185558
0.00180624
0.00171268
0.0015566
0.00129839
0.00101479
0.00111007
0.00154333
0.00174431
0.00183683
0.00187641
0.00189161
0.00189685
0.00189906
0.00190095
0.0019035
0.00190676
0.0019096
0.00190992
0.00190219
0.00187558
0.0018152
0.00170951
0.00157141
0.00141813
0.00109901
0.00113385
0.00157479
0.0017688
0.00186021
0.00190451
0.00192766
0.00194279
0.00195546
0.00196748
0.00197928
0.00199088
0.00200179
0.00200852
0.00200565
0.00197754
0.00190442
0.00178334
0.00169288
0.00169669
0.0012383
0.00116579
0.00161104
0.00181218
0.00192526
0.00199872
0.00205466
0.00210267
0.00214569
0.00218398
0.0022177
0.00224767
0.00227503
0.00229873
0.00231047
0.00229214
0.00221431
0.00206675
0.00197203
0.00198191
0.00136363
0.00119198
0.00166894
0.00194098
0.00214215
0.00230592
0.0024471
0.00256997
0.00267331
0.0027568
0.00282228
0.00287456
0.00292037
0.00296332
0.00299841
0.00299968
0.00293531
0.00275772
0.00251961
0.00218307
0.00145609
0.00120665
0.00178288
0.00231341
0.00273959
0.00308044
0.0033601
0.00358165
0.00374146
0.00384438
0.00390571
0.00394408
0.00397802
0.00401741
0.0040627
0.00407998
0.00403722
0.00382527
0.00325897
0.0023043
0.0015201
0.00111836
0.00124935
0.00147098
0.00168256
0.00186873
0.00201655
0.00211789
0.00217179
0.00218776
0.0021865
0.0021743
0.00215958
0.00215744
0.00216055
0.00216936
0.00216301
0.0021338
0.00205851
0.00189522
0.00153416
)
;

boundaryField
{
    movingWall
    {
        type            kqRWallFunction;
        value           nonuniform List<scalar> 
20
(
0.00111836
0.00124935
0.00147098
0.00168256
0.00186873
0.00201655
0.00211789
0.00217179
0.00218776
0.0021865
0.0021743
0.00215958
0.00215744
0.00216055
0.00216936
0.00216301
0.0021338
0.00205851
0.00189522
0.00153416
)
;
    }
    fixedWalls
    {
        type            kqRWallFunction;
        value           nonuniform List<scalar> 
60
(
0.000833452
0.000914396
0.00097997
0.00101763
0.00103667
0.00104583
0.00105057
0.00105377
0.0010568
0.00106037
0.00106495
0.00107113
0.00107974
0.00109219
0.00111007
0.00113385
0.00116579
0.00119198
0.00120665
0.00111836
0.000833425
0.000914373
0.000975195
0.00100698
0.00102044
0.00102467
0.00102501
0.00102333
0.00102029
0.00101568
0.00100866
0.000998337
0.0009941
0.00101479
0.00109901
0.0012383
0.00136363
0.00145609
0.0015201
0.00153416
0.000833452
0.000914597
0.000975988
0.00100888
0.00102398
0.00103043
0.00103331
0.0010349
0.00103612
0.00103726
0.00103844
0.00103991
0.00104113
0.00104155
0.00103989
0.00103317
0.00101584
0.000979161
0.000913952
0.000833425
)
;
    }
    frontAndBack
    {
        type            empty;
    }
}


// ************************************************************************* //
