/*--------------------------------*- C++ -*----------------------------------*\
  =========                 |
  \\      /  F ield         | OpenFOAM: The Open Source CFD Toolbox
   \\    /   O peration     | Website:  https://openfoam.org
    \\  /    A nd           | Version:  11
     \\/     M anipulation  |
\*---------------------------------------------------------------------------*/
FoamFile
{
    format      ascii;
    class       volScalarField;
    location    "0.5";
    object      nut;
}
// * * * * * * * * * * * * * * * * * * * * * * * * * * * * * * * * * * * * * //

dimensions      [0 2 -1 0 0 0 0];

internalField   nonuniform List<scalar> 
400
(
2.31028e-05
2.53848e-05
2.71135e-05
2.8042e-05
2.84699e-05
2.86536e-05
2.8736e-05
2.87816e-05
2.88165e-05
2.88494e-05
2.88831e-05
2.89253e-05
2.89599e-05
2.89719e-05
2.89242e-05
2.87324e-05
2.82406e-05
2.72038e-05
2.53664e-05
2.31021e-05
2.53791e-05
5.46814e-05
6.83517e-05
7.45787e-05
7.75004e-05
7.89215e-05
7.96867e-05
8.02017e-05
8.064e-05
8.10597e-05
8.14524e-05
8.17397e-05
8.19332e-05
8.19601e-05
8.15467e-05
8.01728e-05
7.68462e-05
6.96439e-05
5.45119e-05
2.53785e-05
2.72269e-05
6.98248e-05
9.40459e-05
0.000106019
0.000111755
0.000114441
0.000115735
0.000116448
0.000116951
0.000117383
0.000117774
0.00011808
0.00011822
0.000117977
0.000116829
0.000113784
0.00010707
9.35735e-05
6.78904e-05
2.70908e-05
2.82915e-05
7.71679e-05
0.000107643
0.000123672
0.000131606
0.000135333
0.000137044
0.000137882
0.000138376
0.000138748
0.000139056
0.000139249
0.000139212
0.000138589
0.000136673
0.000132157
0.000122825
0.000105125
7.36836e-05
2.79874e-05
2.88321e-05
8.07816e-05
0.000114636
0.000133095
0.000142449
0.000146871
0.000148855
0.00014975
0.000150204
0.00015049
0.000150685
0.000150745
0.0001505
0.000149525
0.000146984
0.000141395
0.000130365
0.000110266
7.5981e-05
2.83682e-05
2.90934e-05
8.25781e-05
0.000118159
0.000137907
0.000148044
0.000152852
0.000154974
0.000155878
0.000156283
0.000156491
0.000156586
0.000156531
0.000156114
0.000154867
0.000151879
0.000145583
0.000133525
0.00011213
7.6536e-05
2.84878e-05
2.92293e-05
8.35312e-05
0.000119957
0.000140327
0.00015082
0.000155786
0.00015795
0.000158834
0.000159192
0.000159341
0.000159368
0.000159229
0.000158692
0.00015725
0.000153946
0.000147165
0.000134455
0.000112333
7.62051e-05
2.84969e-05
2.9321e-05
8.41508e-05
0.000121004
0.00014162
0.000152219
0.000157206
0.00015935
0.000160198
0.000160517
0.000160626
0.000160612
0.000160419
0.000159796
0.000158206
0.000154648
0.000147478
0.000134262
0.000111645
7.52516e-05
2.84483e-05
2.94077e-05
8.46948e-05
0.000121799
0.000142471
0.000153028
0.000157949
0.000160033
0.000160836
0.000161124
0.00016121
0.000161172
0.000160945
0.000160255
0.000158528
0.000154714
0.000147132
0.000133373
0.000110228
7.36742e-05
2.83601e-05
2.95092e-05
8.52971e-05
0.000122595
0.000143223
0.000153645
0.00015844
0.000160433
0.00016118
0.000161437
0.000161506
0.000161451
0.000161196
0.00016044
0.000158556
0.000154425
0.000146303
0.000131799
0.000107929
7.12318e-05
2.82262e-05
2.96397e-05
8.60433e-05
0.000123532
0.000144038
0.00015425
0.000158863
0.000160733
0.000161409
0.000161625
0.000161673
0.000161603
0.000161313
0.00016047
0.000158372
0.00015379
0.000144879
0.000129247
0.000104273
6.74448e-05
2.8022e-05
2.98151e-05
8.70134e-05
0.000124704
0.000144997
0.000154909
0.000159274
0.00016098
0.000161568
0.000161727
0.000161746
0.000161653
0.000161303
0.000160329
0.00015791
0.000152647
0.000142509
0.000125144
9.85484e-05
6.16761e-05
2.77259e-05
3.00593e-05
8.83011e-05
0.000126171
0.000146117
0.000155611
0.000159643
0.000161146
0.000161636
0.000161721
0.000161699
0.000161564
0.000161126
0.000159952
0.000157057
0.000150791
0.000138861
0.000119031
9.03795e-05
5.48434e-05
2.76237e-05
3.04114e-05
8.99909e-05
0.000127915
0.000147308
0.000156225
0.000159842
0.000161122
0.000161505
0.000161535
0.000161473
0.00016129
0.000160742
0.000159317
0.000155835
0.000148327
0.000134212
0.000111502
8.14599e-05
4.9466e-05
2.82873e-05
3.09158e-05
9.20902e-05
0.000129742
0.000148207
0.000156348
0.000159568
0.000160636
0.000160908
0.000160901
0.000160814
0.000160614
0.000160001
0.000158404
0.000154538
0.000146134
0.00013034
0.000105495
7.49736e-05
5.14834e-05
3.08223e-05
3.15833e-05
9.4308e-05
0.000130833
0.000147941
0.000155206
0.000157815
0.000158546
0.000158655
0.000158614
0.000158541
0.000158386
0.000157932
0.000156457
0.000152999
0.000145229
0.000130169
0.000105872
7.85092e-05
6.19526e-05
3.48576e-05
3.24771e-05
9.57525e-05
0.000129865
0.000144665
0.000150046
0.000151609
0.000151884
0.000151905
0.000151993
0.000152154
0.000152295
0.000152258
0.000151669
0.000149549
0.000144406
0.000133709
0.000114961
9.25497e-05
7.39867e-05
3.83808e-05
3.32138e-05
9.41387e-05
0.000123316
0.000133814
0.000137547
0.000139065
0.000140044
0.000140993
0.000142015
0.000142973
0.000143772
0.00014441
0.00014481
0.000144489
0.000142105
0.000136582
0.000124355
0.000106367
8.27028e-05
4.09933e-05
3.36085e-05
8.41088e-05
0.000106334
0.000116037
0.000122168
0.000126485
0.000129657
0.000131884
0.000133287
0.000134109
0.000134622
0.000135057
0.000135553
0.000135989
0.000135208
0.000133188
0.00012626
0.000109995
7.94612e-05
4.28073e-05
3.11322e-05
3.48048e-05
4.10278e-05
4.69788e-05
5.22491e-05
5.6493e-05
5.94762e-05
6.11407e-05
6.16977e-05
6.17047e-05
6.14331e-05
6.10137e-05
6.09494e-05
6.10372e-05
6.12859e-05
6.10995e-05
6.02597e-05
5.81118e-05
5.34735e-05
4.32052e-05
)
;

boundaryField
{
    movingWall
    {
        type            nutkWallFunction;
        Cmu             0.09;
        kappa           0.41;
        E               9.8;
        value           uniform 0;
    }
    fixedWalls
    {
        type            nutkWallFunction;
        Cmu             0.09;
        kappa           0.41;
        E               9.8;
        value           uniform 0;
    }
    frontAndBack
    {
        type            empty;
    }
}


// ************************************************************************* //
