/*--------------------------------*- C++ -*----------------------------------*\
  =========                 |
  \\      /  F ield         | OpenFOAM: The Open Source CFD Toolbox
   \\    /   O peration     | Website:  https://openfoam.org
    \\  /    A nd           | Version:  11
     \\/     M anipulation  |
\*---------------------------------------------------------------------------*/
FoamFile
{
    format      ascii;
    class       volScalarField;
    location    "0.5";
    object      p;
}
// * * * * * * * * * * * * * * * * * * * * * * * * * * * * * * * * * * * * * //

dimensions      [0 2 -2 0 0 0 0];

internalField   nonuniform List<scalar> 
400
(
3.73578e-09
-7.71299e-06
-5.40473e-06
5.73611e-06
2.63209e-05
5.6236e-05
9.48979e-05
0.000141523
0.000195153
0.000254645
0.000318688
0.000385637
0.00045312
0.000518657
0.000579254
0.000631608
0.000672453
0.000699302
0.000711276
0.000706626
7.16287e-06
-1.05715e-06
2.5192e-06
1.50298e-05
3.58116e-05
6.47997e-05
0.00010176
0.000146192
0.000197357
0.000254296
0.000315815
0.000380107
0.000445262
0.00050887
0.000568183
0.000620262
0.000662278
0.000691733
0.000706034
0.000701347
3.58775e-06
-7.75913e-06
-5.05066e-06
8.12098e-06
2.96354e-05
5.89551e-05
9.59037e-05
0.000140161
0.000191177
0.000248147
0.000309952
0.000375006
0.000441434
0.000506931
0.000568835
0.000624242
0.00067014
0.000703106
0.000718482
0.000711241
-1.00477e-05
-2.55918e-05
-2.53564e-05
-1.26868e-05
9.40775e-06
3.97135e-05
7.78467e-05
0.000123527
0.000176337
0.000235616
0.00030037
0.000369188
0.000440239
0.000511225
0.000579368
0.000641405
0.000693506
0.000730713
0.000746622
0.000735875
-3.47155e-05
-5.42628e-05
-5.68557e-05
-4.53402e-05
-2.29739e-05
8.53459e-06
4.85429e-05
9.67346e-05
0.000152783
0.000216164
0.000286031
0.000361113
0.000439646
0.000519281
0.000596973
0.000668831
0.000729837
0.000773243
0.000791027
0.000777377
-7.07733e-05
-9.41502e-05
-9.95266e-05
-8.93675e-05
-6.69015e-05
-3.41218e-05
8.13851e-06
5.95343e-05
0.000119829
0.000188653
0.00026534
0.000348786
0.000437344
0.000528631
0.000619304
0.000704722
0.00077845
0.000831583
0.000853897
0.00083823
-0.000118317
-0.000145733
-0.000153959
-0.000145258
-0.000122809
-8.87804e-05
-4.41134e-05
1.0867e-05
7.6051e-05
0.000151267
0.000236087
0.000329661
0.000430571
0.000536522
0.000643991
0.000747625
0.000839405
0.000907645
0.000938605
0.000921998
-0.000177582
-0.000209624
-0.000221016
-0.000213977
-0.00019174
-0.000156623
-0.000109618
-5.09718e-05
1.9386e-05
0.00010154
0.000195384
0.000300447
0.000415741
0.000539322
0.000667797
0.000795387
0.000912496
0.00100386
0.00105008
0.00103431
-0.0002491
-0.000286713
-0.000301869
-0.000296888
-0.000275209
-0.000239351
-0.000190321
-0.000128238
-5.2805e-05
3.63745e-05
0.000139601
0.00025693
0.0003881
0.00053192
0.000685745
0.000844082
0.000996232
0.00112269
0.00119542
0.00118384
-0.000333763
-0.000378275
-0.000398081
-0.000395751
-0.00037515
-0.000339095
-0.000288607
-0.000223638
-0.000143633
-4.78694e-05
6.44043e-05
0.000193887
0.00034142
0.000507095
0.000690015
0.000886381
0.0010859
0.00126517
0.00138435
0.00138296
-0.000432918
-0.000486094
-0.000511703
-0.000512757
-0.000493877
-0.000458343
-0.000407191
-0.000340172
-0.000256493
-0.000155158
-3.50072e-05
0.000105464
0.000267948
0.000454965
0.000668592
0.000909006
0.0011695
0.00142645
0.00162973
0.0016456
-0.000548628
-0.000612696
-0.000645423
-0.000650558
-0.000634043
-0.00059984
-0.000548978
-0.000480929
-0.000394735
-0.000289345
-0.000163457
-1.51e-05
0.000158775
0.000363011
0.000604197
0.000889511
0.00122066
0.0015841
0.00193813
0.00198137
-0.000684311
-0.000761773
-0.000802776
-0.000812302
-0.000798574
-0.000766474
-0.000716917
-0.000648785
-0.000561136
-0.000453278
-0.000324356
-0.000172573
5.83951e-06
0.000217831
0.000474934
0.000793843
0.00119033
0.00167719
0.00224721
0.00237156
-0.000845829
-0.000938738
-0.000988336
-0.00100162
-0.000990527
-0.000960979
-0.000913488
-0.000845622
-0.000756823
-0.000647393
-0.000517889
-0.000367984
-0.000194741
9.26647e-06
0.000257144
0.000569415
0.000980094
0.00155052
0.00231756
0.00266687
-0.00104571
-0.00115174
-0.00120745
-0.00122143
-0.00121138
-0.00118367
-0.00113702
-0.0010689
-0.000978397
-0.000866978
-0.000738047
-0.000594767
-0.000437776
-0.000263402
-6.0691e-05
0.000178458
0.000487505
0.000957537
0.00164448
0.00246032
-0.00129956
-0.0014054
-0.00145705
-0.00146216
-0.00145021
-0.00142489
-0.00138168
-0.00131505
-0.00122211
-0.00110641
-0.000976024
-0.000840205
-0.000706495
-0.000579941
-0.000462791
-0.000340477
-0.000243839
-3.65181e-05
0.0001651
0.0017149
-0.00165255
-0.00170525
-0.0017096
-0.00168597
-0.00167985
-0.00167442
-0.0016457
-0.00158122
-0.00147973
-0.00135003
-0.00120889
-0.00107521
-0.000963815
-0.000887377
-0.00086391
-0.00091014
-0.000946783
-0.000723193
-0.00133307
0.00164699
-0.00208711
-0.00199745
-0.00188999
-0.00185895
-0.00188719
-0.00191636
-0.00190547
-0.00183847
-0.00171809
-0.00156011
-0.00139491
-0.00125552
-0.00116053
-0.00112032
-0.00114755
-0.00122104
-0.00126688
-0.000730496
-0.00151096
0.00501563
-0.00363868
-0.00290248
-0.00252576
-0.00237588
-0.00233829
-0.00231095
-0.00223174
-0.00208528
-0.00189222
-0.00167865
-0.00147839
-0.00132814
-0.00124659
-0.00123349
-0.00128949
-0.00133461
-0.00123255
-0.000428187
0.000815319
0.0119405
0.000816585
0.00181567
0.000849902
0.000131023
-0.000346622
-0.000753847
-0.00111777
-0.00138401
-0.00151174
-0.00151508
-0.00143978
-0.00133619
-0.00125924
-0.00124513
-0.00129344
-0.00134988
-0.00113194
0.000180357
0.00397053
0.0155364
)
;

boundaryField
{
    movingWall
    {
        type            zeroGradient;
    }
    fixedWalls
    {
        type            zeroGradient;
    }
    frontAndBack
    {
        type            empty;
    }
}


// ************************************************************************* //
