/*--------------------------------*- C++ -*----------------------------------*\
  =========                 |
  \\      /  F ield         | OpenFOAM: The Open Source CFD Toolbox
   \\    /   O peration     | Website:  https://openfoam.org
    \\  /    A nd           | Version:  11
     \\/     M anipulation  |
\*---------------------------------------------------------------------------*/
FoamFile
{
    format      ascii;
    class       surfaceScalarField;
    location    "0.5";
    object      phi;
}
// * * * * * * * * * * * * * * * * * * * * * * * * * * * * * * * * * * * * * //

dimensions      [0 3 -1 0 0 0 0];

internalField   nonuniform List<scalar> 
760
(
-2.33186e-08
2.33183e-08
-6.08775e-08
3.75589e-08
-1.04138e-07
4.32603e-08
-1.4702e-07
4.28825e-08
-1.86463e-07
3.94428e-08
-2.21005e-07
3.45423e-08
-2.49847e-07
2.8841e-08
-2.7241e-07
2.25636e-08
-2.88154e-07
1.57441e-08
-2.9657e-07
8.41572e-09
-2.97265e-07
6.95219e-10
-2.89676e-07
-7.58893e-09
-2.73462e-07
-1.62145e-08
-2.4842e-07
-2.50415e-08
-2.14664e-07
-3.37557e-08
-1.72904e-07
-4.17605e-08
-1.24963e-07
-4.79405e-08
-7.4768e-08
-5.01954e-08
-2.97373e-08
-4.50308e-08
-2.97373e-08
-3.75729e-08
6.08912e-08
-8.09577e-08
8.09436e-08
-1.26026e-07
8.83289e-08
-1.70381e-07
8.72376e-08
-2.11887e-07
8.09484e-08
-2.48875e-07
7.15303e-08
-2.80127e-07
6.00927e-08
-3.04729e-07
4.71658e-08
-3.21961e-07
3.29767e-08
-3.31204e-07
1.7658e-08
-3.31888e-07
1.37971e-09
-3.2358e-07
-1.58975e-08
-3.06009e-07
-3.37849e-08
-2.79173e-07
-5.1878e-08
-2.43507e-07
-6.94211e-08
-2.00095e-07
-8.51726e-08
-1.50852e-07
-9.71839e-08
-9.85247e-08
-1.02523e-07
-4.63867e-08
-9.71688e-08
-7.61239e-08
-4.54104e-08
1.06302e-07
-9.2665e-08
1.28198e-07
-1.39085e-07
1.34748e-07
-1.84017e-07
1.3217e-07
-2.26159e-07
1.2309e-07
-2.64043e-07
1.09415e-07
-2.96372e-07
9.24224e-08
-3.22093e-07
7.28867e-08
-3.4036e-07
5.1243e-08
-3.50463e-07
2.77617e-08
-3.51777e-07
2.69322e-09
-3.43868e-07
-2.38064e-08
-3.26446e-07
-5.12071e-08
-2.99534e-07
-7.87901e-08
-2.63597e-07
-1.05358e-07
-2.19661e-07
-1.29108e-07
-1.693e-07
-1.47545e-07
-1.14327e-07
-1.57495e-07
-5.63483e-08
-1.55148e-07
-1.32472e-07
-4.94142e-08
1.55716e-07
-1.0055e-07
1.79334e-07
-1.50014e-07
1.84213e-07
-1.97205e-07
1.79361e-07
-2.41209e-07
1.67094e-07
-2.80822e-07
1.49027e-07
-3.1484e-07
1.2644e-07
-3.42208e-07
1.00255e-07
-3.62037e-07
7.1072e-08
-3.73562e-07
3.92867e-08
-3.76111e-07
5.24256e-09
-3.69137e-07
-3.07807e-08
-3.52241e-07
-6.81028e-08
-3.25282e-07
-1.05749e-07
-2.88498e-07
-1.42143e-07
-2.42589e-07
-1.75017e-07
-1.88705e-07
-2.01429e-07
-1.283e-07
-2.179e-07
-6.33101e-08
-2.20138e-07
-1.95782e-07
-5.24639e-08
2.0818e-07
-1.07832e-07
2.34702e-07
-1.61576e-07
2.37957e-07
-2.12572e-07
2.30357e-07
-2.59878e-07
2.144e-07
-3.0242e-07
1.91569e-07
-3.39112e-07
1.63133e-07
-3.68966e-07
1.30109e-07
-3.91111e-07
9.32175e-08
-4.04763e-07
5.29387e-08
-4.09176e-07
9.65535e-09
-4.03664e-07
-3.62931e-08
-3.87595e-07
-8.41716e-08
-3.60504e-07
-1.3284e-07
-3.22204e-07
-1.80443e-07
-2.72921e-07
-2.243e-07
-2.13416e-07
-2.60933e-07
-1.45183e-07
-2.86133e-07
-7.11697e-08
-2.94151e-07
-2.66952e-07
-5.60884e-08
2.64268e-07
-1.16456e-07
2.95069e-07
-1.75548e-07
2.97049e-07
-2.31626e-07
2.86436e-07
-2.83522e-07
2.66296e-07
-3.30161e-07
2.38207e-07
-3.70543e-07
2.03515e-07
-4.03779e-07
1.63345e-07
-4.29068e-07
1.18507e-07
-4.4564e-07
6.95104e-08
-4.52688e-07
1.67035e-08
-4.49348e-07
-3.96337e-08
-4.34673e-07
-9.88463e-08
-4.07727e-07
-1.59786e-07
-3.6771e-07
-2.2046e-07
-3.14176e-07
-2.77835e-07
-2.47367e-07
-3.27743e-07
-1.68803e-07
-3.64697e-07
-8.25236e-08
-3.8043e-07
-3.49476e-07
-6.09655e-08
3.25234e-07
-1.27493e-07
3.61596e-07
-1.93081e-07
3.62637e-07
-2.55416e-07
3.48771e-07
-3.13035e-07
3.23915e-07
-3.648e-07
2.89973e-07
-4.09792e-07
2.48507e-07
-4.47254e-07
2.00806e-07
-4.76512e-07
1.47765e-07
-4.96871e-07
8.98697e-08
-5.07501e-07
2.73333e-08
-5.07365e-07
-3.977e-08
-4.95144e-07
-1.11067e-07
-4.69295e-07
-1.85635e-07
-4.28165e-07
-2.6159e-07
-3.70279e-07
-3.35721e-07
-2.94898e-07
-4.03123e-07
-2.03078e-07
-4.56517e-07
-9.96803e-08
-4.83828e-07
-4.49156e-07
-6.74269e-08
3.9266e-07
-1.416e-07
4.35769e-07
-2.15001e-07
4.36038e-07
-2.84761e-07
4.1853e-07
-3.49117e-07
3.88272e-07
-4.06873e-07
3.47729e-07
-4.57223e-07
2.98856e-07
-4.99615e-07
2.43198e-07
-5.33597e-07
1.81747e-07
-5.58648e-07
1.1492e-07
-5.74001e-07
4.26869e-08
-5.78515e-07
-3.52563e-08
-5.70495e-07
-1.19087e-07
-5.47684e-07
-2.08446e-07
-5.07282e-07
-3.01992e-07
-4.4621e-07
-3.96793e-07
-3.61813e-07
-4.8752e-07
-2.53449e-07
-5.64881e-07
-1.25853e-07
-6.11424e-07
-5.75008e-07
-7.57385e-08
4.68399e-07
-1.59361e-07
5.19391e-07
-2.42101e-07
5.18779e-07
-3.20488e-07
4.96917e-07
-3.9248e-07
4.60263e-07
-4.56876e-07
4.12126e-07
-5.13082e-07
3.55062e-07
-5.60874e-07
2.9099e-07
-6.00164e-07
2.21037e-07
-6.30762e-07
1.45518e-07
-6.52135e-07
6.40602e-08
-6.63198e-07
-2.41936e-08
-6.61986e-07
-1.20299e-07
-6.45523e-07
-2.24909e-07
-6.09582e-07
-3.37933e-07
-5.48699e-07
-4.57676e-07
-4.56725e-07
-5.79494e-07
-3.28744e-07
-6.92862e-07
-1.66615e-07
-7.73554e-07
-7.41623e-07
-8.62881e-08
5.54687e-07
-1.81565e-07
6.14668e-07
-2.75411e-07
6.12625e-07
-3.63646e-07
5.85153e-07
-4.43988e-07
5.40605e-07
-5.15359e-07
4.83496e-07
-5.77535e-07
4.17238e-07
-6.30808e-07
3.44263e-07
-6.75654e-07
2.65883e-07
-7.12442e-07
1.82306e-07
-7.41134e-07
9.27519e-08
-7.61023e-07
-4.30398e-09
-7.70158e-07
-1.11165e-07
-7.65093e-07
-2.29973e-07
-7.40108e-07
-3.62919e-07
-6.86555e-07
-5.11228e-07
-5.925e-07
-6.73549e-07
-4.43828e-07
-8.41534e-07
-2.32146e-07
-9.85237e-07
-9.73769e-07
-9.97679e-08
6.54455e-07
-2.09469e-07
7.2437e-07
-3.16431e-07
7.19586e-07
-4.1564e-07
6.84362e-07
-5.04689e-07
6.29654e-07
-5.82841e-07
5.61648e-07
-6.50495e-07
4.84893e-07
-7.08697e-07
4.02464e-07
-7.58738e-07
3.15924e-07
-8.01839e-07
2.25408e-07
-8.38819e-07
1.29732e-07
-8.69837e-07
2.67141e-08
-8.93573e-07
-8.74298e-08
-9.06808e-07
-2.16738e-07
-9.02827e-07
-3.669e-07
-8.69495e-07
-5.4456e-07
-7.86515e-07
-7.56529e-07
-6.22565e-07
-1.00548e-06
-3.40555e-07
-1.26725e-06
-1.31432e-06
-1.17419e-07
7.71874e-07
-2.45068e-07
8.52019e-07
-3.67257e-07
8.41775e-07
-4.78143e-07
7.95249e-07
-5.75507e-07
7.27019e-07
-6.59329e-07
6.45469e-07
-7.30985e-07
5.56549e-07
-7.92546e-07
4.64025e-07
-8.46379e-07
3.69757e-07
-8.94876e-07
2.73904e-07
-9.4019e-07
1.75046e-07
-9.83774e-07
7.02978e-08
-1.02624e-06
-4.49633e-08
-1.06572e-06
-1.77254e-07
-1.09614e-06
-3.36484e-07
-1.10293e-06
-5.37774e-07
-1.05566e-06
-8.03789e-07
-8.94046e-07
-1.1671e-06
-5.25582e-07
-1.63571e-06
-1.83991e-06
-1.41396e-07
9.13269e-07
-2.91271e-07
1.00189e-06
-4.30292e-07
9.80796e-07
-5.52299e-07
9.17256e-07
-6.56029e-07
8.30748e-07
-7.42773e-07
7.32213e-07
-8.15356e-07
6.29133e-07
-8.77096e-07
5.25765e-07
-9.31623e-07
4.24285e-07
-9.82751e-07
3.25032e-07
-1.0343e-06
2.26594e-07
-1.08991e-06
1.25912e-07
-1.15281e-06
1.79376e-08
-1.22467e-06
-1.05399e-07
-1.30296e-06
-2.58196e-07
-1.37457e-06
-4.66157e-07
-1.40113e-06
-7.77238e-07
-1.28342e-06
-1.28481e-06
-8.30862e-07
-2.08827e-06
-2.67077e-06
-1.75061e-07
1.08833e-06
-3.51324e-07
1.17816e-06
-5.06511e-07
1.13598e-06
-6.35903e-07
1.04665e-06
-7.4089e-07
9.35734e-07
-8.24882e-07
8.16205e-07
-8.92704e-07
6.96955e-07
-9.48945e-07
5.82006e-07
-9.98536e-07
4.73876e-07
-1.04671e-06
3.73204e-07
-1.09899e-06
2.78879e-07
-1.16139e-06
1.88306e-07
-1.2403e-06
9.68489e-08
-1.34216e-06
-3.53745e-09
-1.47063e-06
-1.29724e-07
-1.61886e-06
-3.1793e-07
-1.74249e-06
-6.53611e-07
-1.71266e-06
-1.31464e-06
-1.21254e-06
-2.58838e-06
-3.88331e-06
-2.23936e-07
1.31227e-06
-4.26793e-07
1.38101e-06
-5.90176e-07
1.29936e-06
-7.15514e-07
1.17199e-06
-8.1027e-07
1.03049e-06
-8.8088e-07
8.86815e-07
-9.33662e-07
7.49736e-07
-9.75061e-07
6.23405e-07
-1.01093e-06
5.0974e-07
-1.0471e-06
4.09379e-07
-1.09012e-06
3.21898e-07
-1.14727e-06
2.45452e-07
-1.22699e-06
1.76578e-07
-1.33831e-06
1.0778e-07
-1.4866e-06
1.8568e-08
-1.66763e-06
-1.36901e-07
-1.83977e-06
-4.81473e-07
-1.87414e-06
-1.28027e-06
-1.43224e-06
-3.03028e-06
-5.31555e-06
-2.9047e-07
1.60274e-06
-5.06605e-07
1.59715e-06
-6.5301e-07
1.44577e-06
-7.45433e-07
1.26441e-06
-8.06013e-07
1.09107e-06
-8.48375e-07
9.29177e-07
-8.76576e-07
7.77938e-07
-8.94041e-07
6.4087e-07
-9.05363e-07
5.21062e-07
-9.1649e-07
4.20506e-07
-9.34473e-07
3.39882e-07
-9.66859e-07
2.77838e-07
-1.02139e-06
2.31108e-07
-1.106e-06
1.92393e-07
-1.22815e-06
1.40717e-07
-1.37133e-06
6.27667e-09
-1.50858e-06
-3.44221e-07
-1.47638e-06
-1.31248e-06
-1.21186e-06
-3.2948e-06
-6.52741e-06
-3.98013e-07
2.00075e-06
-5.58805e-07
1.75794e-06
-6.11369e-07
1.49833e-06
-6.3145e-07
1.28449e-06
-6.35309e-07
1.09493e-06
-6.25449e-07
9.19317e-07
-6.04291e-07
7.56779e-07
-5.74377e-07
6.10957e-07
-5.40069e-07
4.86754e-07
-5.0706e-07
3.87497e-07
-4.82036e-07
3.14857e-07
-4.70678e-07
2.6648e-07
-4.7677e-07
2.372e-07
-5.023e-07
2.17923e-07
-5.47079e-07
1.85497e-07
-6.12017e-07
7.12141e-08
-6.8667e-07
-2.69568e-07
-7.04143e-07
-1.295e-06
-7.79569e-07
-3.21937e-06
-7.30698e-06
-3.83668e-07
2.38442e-06
-3.81221e-07
1.75549e-06
-2.80257e-07
1.39737e-06
-1.65629e-07
1.16986e-06
-5.0806e-08
9.80106e-07
6.25716e-08
8.0594e-07
1.73797e-07
6.45554e-07
2.81057e-07
5.03697e-07
3.82439e-07
3.85372e-07
4.75516e-07
2.94419e-07
5.55397e-07
2.34976e-07
6.19322e-07
2.02556e-07
6.68136e-07
1.88386e-07
7.03628e-07
1.82431e-07
7.20966e-07
1.68158e-07
7.14951e-07
7.72288e-08
6.41975e-07
-1.96591e-07
2.76762e-07
-9.29789e-07
7.843e-08
-3.02104e-06
-7.22855e-06
-1.32786e-07
2.5172e-06
2.33062e-07
1.38965e-06
6.91926e-07
9.38505e-07
1.10648e-06
7.55314e-07
1.4602e-06
6.26383e-07
1.76206e-06
5.04078e-07
2.02033e-06
3.87281e-07
2.23859e-06
2.85444e-07
2.41988e-06
2.04083e-07
2.57015e-06
1.44145e-07
2.69482e-06
1.10302e-07
2.79878e-06
9.85955e-08
2.88786e-06
9.93064e-08
2.96733e-06
1.02969e-07
3.02506e-06
1.10421e-07
3.04553e-06
5.67604e-08
2.93009e-06
-8.1144e-08
2.57386e-06
-5.73567e-07
1.53033e-06
-1.9775e-06
-5.69822e-06
2.5172e-06
3.90685e-06
4.84536e-06
5.60067e-06
6.22705e-06
6.73113e-06
7.11841e-06
7.40386e-06
7.60794e-06
7.75208e-06
7.86238e-06
7.96098e-06
8.06029e-06
8.16326e-06
8.27368e-06
8.33044e-06
8.24929e-06
7.67573e-06
5.69822e-06
)
;

boundaryField
{
    movingWall
    {
        type            calculated;
        value           uniform 0;
    }
    fixedWalls
    {
        type            calculated;
        value           uniform 0;
    }
    frontAndBack
    {
        type            empty;
    }
}


// ************************************************************************* //
