/*--------------------------------*- C++ -*----------------------------------*\
  =========                 |
  \\      /  F ield         | OpenFOAM: The Open Source CFD Toolbox
   \\    /   O peration     | Website:  https://openfoam.org
    \\  /    A nd           | Version:  11
     \\/     M anipulation  |
\*---------------------------------------------------------------------------*/
FoamFile
{
    format      ascii;
    class       volVectorField;
    location    "0.5";
    object      U;
}
// * * * * * * * * * * * * * * * * * * * * * * * * * * * * * * * * * * * * * //

dimensions      [0 1 -1 0 0 0 0];

internalField   nonuniform List<vector> 
400
(
(-0.000241023 0.000243332 0)
(-0.000771407 0.000447363 0)
(-0.00164382 0.000533498 0)
(-0.00252249 0.000529406 0)
(-0.00335202 0.000483121 0)
(-0.00409548 0.000419823 0)
(-0.0047317 0.000348411 0)
(-0.00524733 0.000271103 0)
(-0.00563297 0.000187494 0)
(-0.00587529 9.81479e-05 0)
(-0.00596629 7.03478e-06 0)
(-0.00589904 -9.46687e-05 0)
(-0.0056605 -0.000199351 0)
(-0.00524707 -0.000306927 0)
(-0.0046569 -0.000414207 0)
(-0.00389761 -0.000514251 0)
(-0.00299325 -0.000592146 0)
(-0.00199299 -0.000615803 0)
(-0.00097258 -0.000530784 0)
(-0.000312956 -0.000309311 0)
(-0.000445559 0.000769353 0)
(-0.00115214 0.00114939 0)
(-0.00206203 0.00130156 0)
(-0.00297259 0.00129368 0)
(-0.00384071 0.00119716 0)
(-0.00463178 0.00105347 0)
(-0.00531862 0.000882231 0)
(-0.00588044 0.000691325 0)
(-0.00630148 0.000483132 0)
(-0.00656813 0.000258934 0)
(-0.00666895 2.01642e-05 0)
(-0.00659374 -0.000232358 0)
(-0.00633488 -0.000495741 0)
(-0.0058893 -0.000763916 0)
(-0.00526064 -0.00102628 0)
(-0.00446338 -0.00126381 0)
(-0.00352574 -0.00144341 0)
(-0.00249134 -0.00150948 0)
(-0.00141917 -0.00137848 0)
(-0.000547757 -0.000974112 0)
(-0.000559952 0.0016519 0)
(-0.00136911 0.00206854 0)
(-0.00231272 0.00221162 0)
(-0.00323845 0.00217936 0)
(-0.00411871 0.00202838 0)
(-0.0049259 0.00179886 0)
(-0.00563342 0.00151558 0)
(-0.00621804 0.00119209 0)
(-0.00666112 0.000835239 0)
(-0.00694732 0.000449036 0)
(-0.00706342 3.67963e-05 0)
(-0.00699867 -0.000397811 0)
(-0.00674542 -0.000847874 0)
(-0.00630046 -0.00130141 0)
(-0.00566807 -0.00173864 0)
(-0.00486252 -0.00212863 0)
(-0.00390841 -0.00242635 0)
(-0.00284013 -0.00257119 0)
(-0.00170003 -0.00248892 0)
(-0.000686443 -0.00205749 0)
(-0.000611871 0.00260858 0)
(-0.00149482 0.00305646 0)
(-0.00250475 0.00316964 0)
(-0.00348079 0.0030972 0)
(-0.00440151 0.00288606 0)
(-0.00524455 0.00257059 0)
(-0.00598644 0.00217641 0)
(-0.00660472 0.00172068 0)
(-0.00708019 0.00121397 0)
(-0.0073966 0.000663039 0)
(-0.00753966 7.33673e-05 0)
(-0.0074971 -0.00054865 0)
(-0.00725908 -0.00119241 0)
(-0.00681963 -0.00184019 0)
(-0.00617905 -0.00246398 0)
(-0.00534602 -0.00302298 0)
(-0.00433767 -0.00346336 0)
(-0.00318171 -0.00372078 0)
(-0.0019171 -0.00371856 0)
(-0.000771965 -0.00325873 0)
(-0.0006463 0.00362525 0)
(-0.00159779 0.00411957 0)
(-0.00269559 0.00419885 0)
(-0.00375189 0.00407526 0)
(-0.00474339 0.00379519 0)
(-0.00564855 0.00338854 0)
(-0.00644633 0.00288041 0)
(-0.00711616 0.00229016 0)
(-0.00763973 0.0016311 0)
(-0.0080008 0.000912187 0)
(-0.00818426 0.000140448 0)
(-0.00817577 -0.000675933 0)
(-0.00796178 -0.00152386 0)
(-0.00753073 -0.00238129 0)
(-0.00687527 -0.00321353 0)
(-0.00599463 -0.00397118 0)
(-0.00489674 -0.00459109 0)
(-0.00360573 -0.00499902 0)
(-0.00216659 -0.00509903 0)
(-0.000862697 -0.00459415 0)
(-0.000687505 0.00470671 0)
(-0.00171726 0.00527241 0)
(-0.00292256 0.00532262 0)
(-0.00408393 0.00514128 0)
(-0.00517253 0.00478265 0)
(-0.0061645 0.00427624 0)
(-0.00703988 0.00364758 0)
(-0.00778014 0.00291784 0)
(-0.0083688 0.00210237 0)
(-0.00879062 0.00121128 0)
(-0.00903015 0.000251867 0)
(-0.00907077 -0.000767792 0)
(-0.00889411 -0.00183429 0)
(-0.00848067 -0.00292368 0)
(-0.00781197 -0.00399684 0)
(-0.00687369 -0.00499651 0)
(-0.00566079 -0.00584728 0)
(-0.00419186 -0.00645514 0)
(-0.00251903 -0.00668574 0)
(-0.000995843 -0.00611522 0)
(-0.000745123 0.00587228 0)
(-0.00187293 0.00653564 0)
(-0.00320875 0.00656408 0)
(-0.00449905 0.00632055 0)
(-0.00570826 0.00587349 0)
(-0.00680882 0.00525659 0)
(-0.00778115 0.00449814 0)
(-0.00860917 0.00362189 0)
(-0.0092793 0.00264482 0)
(-0.00977855 0.00157714 0)
(-0.0100922 0.000424586 0)
(-0.0102018 -0.000807451 0)
(-0.0100839 -0.00210859 0)
(-0.00970899 -0.00345679 0)
(-0.00904389 -0.00481202 0)
(-0.00805463 -0.006111 0)
(-0.00671451 -0.00726338 0)
(-0.0050265 -0.0081445 0)
(-0.00304154 -0.00855898 0)
(-0.0012011 -0.00791293 0)
(-0.000823215 0.00715032 0)
(-0.00207551 0.00793576 0)
(-0.00356981 0.00794786 0)
(-0.00501427 0.00763647 0)
(-0.00636613 0.00708933 0)
(-0.00759396 0.00634886 0)
(-0.00867906 0.00544923 0)
(-0.00960894 0.00441825 0)
(-0.0103747 0.00327466 0)
(-0.0109675 0.00202771 0)
(-0.0113753 0.000679496 0)
(-0.0115798 -0.000770558 0)
(-0.0115527 -0.00231966 0)
(-0.0112542 -0.00395333 0)
(-0.0106324 -0.00563702 0)
(-0.00962517 -0.00730688 0)
(-0.00816872 -0.00885907 0)
(-0.00622804 -0.0101296 0)
(-0.00382708 -0.0108341 0)
(-0.00151923 -0.0101286 0)
(-0.000924855 0.00857505 0)
(-0.00233391 0.00950544 0)
(-0.00402032 0.00950223 0)
(-0.00564653 0.00911276 0)
(-0.00716205 0.0084495 0)
(-0.0085323 0.00756856 0)
(-0.00974109 0.0065138 0)
(-0.0107818 0.00531921 0)
(-0.011653 0.00400578 0)
(-0.012353 0.00258101 0)
(-0.0128759 0.0010412 0)
(-0.0132066 -0.000623902 0)
(-0.0133153 -0.00242486 0)
(-0.013153 -0.00436279 0)
(-0.0126472 -0.00641953 0)
(-0.0116977 -0.0085437 0)
(-0.0101804 -0.0106297 0)
(-0.00798068 -0.0124763 0)
(-0.0050314 -0.013679 0)
(-0.00202484 -0.0129823 0)
(-0.00105483 0.010187 0)
(-0.00266045 0.0112844 0)
(-0.00457949 0.0112601 0)
(-0.00641761 0.010774 0)
(-0.00811598 0.0099707 0)
(-0.00963847 0.00892626 0)
(-0.0109745 0.00769881 0)
(-0.0121271 0.00633112 0)
(-0.0131059 0.00484738 0)
(-0.013921 0.00325288 0)
(-0.0145771 0.00153635 0)
(-0.0150685 -0.000325755 0)
(-0.0153702 -0.00236319 0)
(-0.0154298 -0.00460351 0)
(-0.0151573 -0.00706172 0)
(-0.014408 -0.00972389 0)
(-0.0129685 -0.0125158 0)
(-0.0105774 -0.0152322 0)
(-0.00692577 -0.0173403 0)
(-0.00286789 -0.0168293 0)
(-0.00122219 0.0120371 0)
(-0.00307603 0.0133219 0)
(-0.00527642 0.0132595 0)
(-0.00735797 0.0126445 0)
(-0.00925346 0.0116649 0)
(-0.0109287 0.0104247 0)
(-0.0123839 0.00900186 0)
(-0.0136366 0.00745068 0)
(-0.0147126 0.00579976 0)
(-0.0156388 0.00405245 0)
(-0.0164374 0.00218912 0)
(-0.0171199 0.000170726 0)
(-0.0176773 -0.00205577 0)
(-0.0180683 -0.00455654 0)
(-0.0181987 -0.007402 0)
(-0.0178844 -0.0106565 0)
(-0.0168026 -0.0143459 0)
(-0.0144532 -0.0183679 0)
(-0.00994586 -0.0221521 0)
(-0.00438289 -0.0222887 0)
(-0.00144413 0.0141962 0)
(-0.00361641 0.0156809 0)
(-0.00615452 0.0155433 0)
(-0.00850721 0.0147451 0)
(-0.0106017 0.0135345 0)
(-0.0124129 0.0120534 0)
(-0.0139597 0.0104055 0)
(-0.0152806 0.00865883 0)
(-0.0164225 0.00684749 0)
(-0.017435 0.00497435 0)
(-0.0183648 0.00301289 0)
(-0.01925 0.000909724 0)
(-0.0201144 -0.00141418 0)
(-0.0209516 -0.00406929 0)
(-0.0216931 -0.00720456 0)
(-0.0221483 -0.0110187 0)
(-0.0218997 -0.0157581 0)
(-0.0201163 -0.0216596 0)
(-0.0145844 -0.0284231 0)
(-0.00749834 -0.0304149 0)
(-0.0017525 0.0167677 0)
(-0.00434022 0.0184406 0)
(-0.00727068 0.0181534 0)
(-0.00990302 0.0170832 0)
(-0.0121687 0.0155613 0)
(-0.0140665 0.0137781 0)
(-0.0156447 0.0118673 0)
(-0.0169698 0.00991035 0)
(-0.0181137 0.007948 0)
(-0.0191523 0.00598485 0)
(-0.0201627 0.00399168 0)
(-0.0212204 0.00190685 0)
(-0.0223971 -0.00036839 0)
(-0.0237493 -0.00298399 0)
(-0.0252842 -0.00617728 0)
(-0.0268781 -0.0103347 0)
(-0.0281247 -0.0160967 0)
(-0.0278019 -0.0244949 0)
(-0.0216282 -0.0361541 0)
(-0.0130359 -0.0427761 0)
(-0.00220436 0.0199325 0)
(-0.00532863 0.0216962 0)
(-0.00867246 0.0211106 0)
(-0.0115348 0.0196255 0)
(-0.013878 0.0176808 0)
(-0.0157518 0.0155177 0)
(-0.0172462 0.0132985 0)
(-0.0184602 0.0111158 0)
(-0.0194929 0.00901468 0)
(-0.0204452 0.00700313 0)
(-0.0214248 0.00505563 0)
(-0.022546 0.00311402 0)
(-0.0239342 0.00107926 0)
(-0.0257242 -0.00121646 0)
(-0.0280348 -0.00408222 0)
(-0.0308978 -0.00811355 0)
(-0.0340256 -0.0145324 0)
(-0.0357851 -0.0259378 0)
(-0.0302561 -0.0452392 0)
(-0.0191765 -0.0619605 0)
(-0.0029041 0.0238347 0)
(-0.00668927 0.0254793 0)
(-0.0103214 0.0243304 0)
(-0.0132089 0.0222188 0)
(-0.0153886 0.0197208 0)
(-0.0170193 0.0171075 0)
(-0.0182182 0.0145648 0)
(-0.0191244 0.0121525 0)
(-0.0198679 0.00992552 0)
(-0.0205571 0.00790361 0)
(-0.0213192 0.00607055 0)
(-0.0222887 0.00438136 0)
(-0.0236212 0.00275473 0)
(-0.0254963 0.00103247 0)
(-0.0280888 -0.0011479 0)
(-0.0315199 -0.00468008 0)
(-0.0355318 -0.0116029 0)
(-0.0382392 -0.0262457 0)
(-0.0354032 -0.0565299 0)
(-0.019115 -0.0914339 0)
(-0.00394898 0.0291791 0)
(-0.00838428 0.0298163 0)
(-0.0118234 0.0275368 0)
(-0.0141801 0.0245251 0)
(-0.0156211 0.02141 0)
(-0.0166294 0.0183318 0)
(-0.0173143 0.0154184 0)
(-0.0177444 0.0127737 0)
(-0.0179975 0.0104348 0)
(-0.018189 0.00841976 0)
(-0.0184472 0.00673409 0)
(-0.0189185 0.00535035 0)
(-0.0197531 0.0042065 0)
(-0.0211096 0.00315799 0)
(-0.0231659 0.00180075 0)
(-0.025968 -0.00103015 0)
(-0.0292979 -0.00838147 0)
(-0.0306634 -0.0272156 0)
(-0.0323125 -0.0669606 0)
(-0.00931729 -0.126508 0)
(-0.00603417 0.0346095 0)
(-0.0104751 0.033746 0)
(-0.0117742 0.0299805 0)
(-0.0125219 0.0259337 0)
(-0.0127938 0.0222094 0)
(-0.012694 0.0187959 0)
(-0.0123483 0.0156228 0)
(-0.011803 0.012757 0)
(-0.011124 0.0102857 0)
(-0.0104194 0.00826634 0)
(-0.00981564 0.00672433 0)
(-0.00943478 0.00562664 0)
(-0.00936541 0.00489147 0)
(-0.00966255 0.0043539 0)
(-0.0103901 0.00355689 0)
(-0.0116688 0.0011423 0)
(-0.0136051 -0.00638734 0)
(-0.0109993 -0.0273374 0)
(-0.0241865 -0.0702111 0)
(0.00231067 -0.14736 0)
(-0.00694172 0.0501774 0)
(-0.00818478 0.0391193 0)
(-0.00671703 0.0317099 0)
(-0.00459298 0.0266939 0)
(-0.00223912 0.0223603 0)
(9.82523e-05 0.0183762 0)
(0.00238146 0.0147381 0)
(0.00460454 0.0115708 0)
(0.00672463 0.00898666 0)
(0.00868297 0.00702954 0)
(0.0104096 0.00568247 0)
(0.01184 0.00486049 0)
(0.0129581 0.00443354 0)
(0.0138091 0.00420854 0)
(0.014311 0.00374882 0)
(0.0143689 0.00174966 0)
(0.0126355 -0.00458707 0)
(0.0167743 -0.0224684 0)
(-0.01188 -0.0647445 0)
(0.021565 -0.14853 0)
(-0.00354645 0.0298739 0)
(-0.000268115 0.0193112 0)
(0.00913156 0.0157045 0)
(0.0180213 0.0135139 0)
(0.0257978 0.0115597 0)
(0.0324356 0.00973197 0)
(0.0380845 0.00810924 0)
(0.0428518 0.00669229 0)
(0.0468239 0.0054735 0)
(0.0500942 0.00450713 0)
(0.0527782 0.00383164 0)
(0.055024 0.00341504 0)
(0.0569305 0.00320845 0)
(0.0586068 0.00311323 0)
(0.0598829 0.00296271 0)
(0.0606879 0.00156432 0)
(0.0593895 -0.00259949 0)
(0.059393 -0.0155937 0)
(0.026186 -0.0500543 0)
(0.0582081 -0.115431 0)
(0.0502195 0.0902744 0)
(0.0593122 0.0510042 0)
(0.0878223 0.0322804 0)
(0.106137 0.0247413 0)
(0.119356 0.0199907 0)
(0.130209 0.0155458 0)
(0.139085 0.0111291 0)
(0.145852 0.0072274 0)
(0.150689 0.00418935 0)
(0.154021 0.00198233 0)
(0.156364 0.000760585 0)
(0.158336 0.00059307 0)
(0.160221 0.000931435 0)
(0.162265 0.00125651 0)
(0.164062 0.00178447 0)
(0.165896 0.000876383 0)
(0.165123 -0.000354364 0)
(0.160877 -0.00532886 0)
(0.131553 -0.0202428 0)
(0.133207 -0.112909 0)
)
;

boundaryField
{
    movingWall
    {
        type            fixedValue;
        value           uniform (1 0 0);
    }
    fixedWalls
    {
        type            noSlip;
    }
    frontAndBack
    {
        type            empty;
    }
}


// ************************************************************************* //
