/*--------------------------------*- C++ -*----------------------------------*\
  =========                 |
  \\      /  F ield         | OpenFOAM: The Open Source CFD Toolbox
   \\    /   O peration     | Website:  https://openfoam.org
    \\  /    A nd           | Version:  11
     \\/     M anipulation  |
\*---------------------------------------------------------------------------*/
FoamFile
{
    format      ascii;
    class       volScalarField;
    location    "9.5";
    object      epsilon;
}
// * * * * * * * * * * * * * * * * * * * * * * * * * * * * * * * * * * * * * //

dimensions      [0 2 -3 0 0 0 0];

internalField   nonuniform List<scalar> 
400
(
2.5268e-05
9.05223e-05
0.000342433
0.000664874
0.00087375
0.00103611
0.00116874
0.00129576
0.0014079
0.00152255
0.00163044
0.00174429
0.00185921
0.00193281
0.00196608
0.00196767
0.00181784
0.00143453
0.000886234
0.000637977
0.000111399
0.000316519
0.000794525
0.00105528
0.00111494
0.00113567
0.00114255
0.00118251
0.00123327
0.00132246
0.00143483
0.00158094
0.00175431
0.00195891
0.00218325
0.00240222
0.00250398
0.0025095
0.00197383
0.0012876
0.000350472
0.000902892
0.00111125
0.00113343
0.00110051
0.00108055
0.00107007
0.00110309
0.00116339
0.00123999
0.00132966
0.00143074
0.00155222
0.00170281
0.00188964
0.00211612
0.00231274
0.00239075
0.00220119
0.0016479
0.000768133
0.00118225
0.00118786
0.00109629
0.00102152
0.000977817
0.000967145
0.000979142
0.00100408
0.00103069
0.00106986
0.00113235
0.00123115
0.00137715
0.00159135
0.00188083
0.00220155
0.0023496
0.00230501
0.00188274
0.00108295
0.00132968
0.00115819
0.00100257
0.000896419
0.00084221
0.00080726
0.000779761
0.000756456
0.000745984
0.000745376
0.000785039
0.000869787
0.00102111
0.00126862
0.00164012
0.0021311
0.00243031
0.00247275
0.00205876
0.00124461
0.0013203
0.00108088
0.000886468
0.000777471
0.000705978
0.000641282
0.000578263
0.000521182
0.000485947
0.000472551
0.00048411
0.000555676
0.000696198
0.000950756
0.00137461
0.00201057
0.00257142
0.00271824
0.0022019
0.00127035
0.00126946
0.000976257
0.000785321
0.00067379
0.000586284
0.000500164
0.000417487
0.000347372
0.000303139
0.000284488
0.000282875
0.000333247
0.000448264
0.000677593
0.00110767
0.00184102
0.00270393
0.00300036
0.00231334
0.00125142
0.00116576
0.00088159
0.000702538
0.000590923
0.000493729
0.000397215
0.000309096
0.000239614
0.000197303
0.000178929
0.000175814
0.00020728
0.000288749
0.000474556
0.000869185
0.00163067
0.00277185
0.00334821
0.0024055
0.00120392
0.00105213
0.000800136
0.000638447
0.000529828
0.000429351
0.000331028
0.000245256
0.000181424
0.000144612
0.000129254
0.000127145
0.000148476
0.000205337
0.000344667
0.000690506
0.00146767
0.00278983
0.00369261
0.00247058
0.00111226
0.000955454
0.000734755
0.000590609
0.000487445
0.000389277
0.000293769
0.000212905
0.000155569
0.000122952
0.000109501
0.000109028
0.000124818
0.000167234
0.000273079
0.000558252
0.00130275
0.00278545
0.00406084
0.00252192
0.00101681
0.000873357
0.000683251
0.000556518
0.000460893
0.000367214
0.000278748
0.000206123
0.000153996
0.000122186
0.000106684
0.000106001
0.000118449
0.000153842
0.000241065
0.000484465
0.00117361
0.00275396
0.00439041
0.00254744
0.000932833
0.000820422
0.000648037
0.00053388
0.000444661
0.000361234
0.000280821
0.00021171
0.000161508
0.000130346
0.00011489
0.00011457
0.000123614
0.000152558
0.000231399
0.000451183
0.00108763
0.00273892
0.00468035
0.00255957
0.000842823
0.000779464
0.000628533
0.000524157
0.00044405
0.000365177
0.000290126
0.000226839
0.000180069
0.000149923
0.000133527
0.00013345
0.000141739
0.000168474
0.000238709
0.000441986
0.00104954
0.00273417
0.0048339
0.00256273
0.000758004
0.000759418
0.000636639
0.000530529
0.000451503
0.000377481
0.000310241
0.000253412
0.000209833
0.000180689
0.000162715
0.000162477
0.000170625
0.000197602
0.000268084
0.000463927
0.00104118
0.00275328
0.00489449
0.00256138
0.000663307
0.000734062
0.000653952
0.000551361
0.00047314
0.000402881
0.000340169
0.000287829
0.000247261
0.000220101
0.000201656
0.000201913
0.000210913
0.000240511
0.000316594
0.000522625
0.00109317
0.00282251
0.00488502
0.002509
0.00056323
0.00072535
0.000692287
0.000606769
0.00052494
0.000454765
0.000392253
0.000340185
0.000299114
0.000271823
0.000252653
0.000253751
0.000265458
0.000302253
0.000393864
0.000633047
0.00122912
0.00296119
0.00462444
0.00242398
0.000456011
0.000681316
0.000709406
0.000679189
0.000615214
0.000546284
0.000480662
0.00042405
0.000379339
0.000348353
0.00033125
0.000335497
0.000355918
0.000413503
0.000547221
0.000877909
0.00155628
0.00324355
0.00418812
0.00227618
0.000305593
0.000601032
0.000788635
0.000841762
0.000821752
0.000763847
0.000689525
0.000622105
0.000571951
0.000536361
0.000537489
0.000558728
0.00061602
0.00074993
0.00102431
0.00165771
0.00248339
0.00378018
0.00388071
0.00208379
0.000313201
0.000601299
0.00102081
0.00120946
0.00127058
0.00126449
0.0012388
0.00122132
0.00123467
0.00128209
0.00138498
0.00158559
0.0018683
0.00232499
0.00291968
0.00382858
0.00453693
0.00439714
0.00382733
0.00181141
0.000226382
0.000349905
0.000637392
0.000923738
0.00113445
0.00126866
0.0013426
0.00138764
0.00140944
0.00142291
0.00142829
0.00143836
0.00144857
0.00147117
0.00148956
0.00154021
0.00160689
0.00168229
0.0016643
0.0014863
)
;

boundaryField
{
    movingWall
    {
        type            epsilonWallFunction;
        value           nonuniform List<scalar> 
20
(
0.000226382
0.000349905
0.000637392
0.000923738
0.00113445
0.00126866
0.0013426
0.00138764
0.00140944
0.00142291
0.00142829
0.00143836
0.00144857
0.00147117
0.00148956
0.00154021
0.00160689
0.00168229
0.0016643
0.0014863
)
;
    }
    fixedWalls
    {
        type            epsilonWallFunction;
        value           nonuniform List<scalar> 
60
(
2.5268e-05
0.000111399
0.000350472
0.000768133
0.00108295
0.00124461
0.00127035
0.00125142
0.00120392
0.00111226
0.00101681
0.000932833
0.000842823
0.000758004
0.000663307
0.00056323
0.000456011
0.000305593
0.000313201
0.000226382
0.000637977
0.0012876
0.0016479
0.00188274
0.00205876
0.0022019
0.00231334
0.0024055
0.00247058
0.00252192
0.00254744
0.00255957
0.00256273
0.00256138
0.002509
0.00242398
0.00227618
0.00208379
0.00181141
0.0014863
2.5268e-05
9.05223e-05
0.000342433
0.000664874
0.00087375
0.00103611
0.00116874
0.00129576
0.0014079
0.00152255
0.00163044
0.00174429
0.00185921
0.00193281
0.00196608
0.00196767
0.00181784
0.00143453
0.000886234
0.000637977
)
;
    }
    frontAndBack
    {
        type            empty;
    }
}


// ************************************************************************* //
