/*--------------------------------*- C++ -*----------------------------------*\
  =========                 |
  \\      /  F ield         | OpenFOAM: The Open Source CFD Toolbox
   \\    /   O peration     | Website:  https://openfoam.org
    \\  /    A nd           | Version:  11
     \\/     M anipulation  |
\*---------------------------------------------------------------------------*/
FoamFile
{
    format      ascii;
    class       volScalarField;
    location    "9.5";
    object      k;
}
// * * * * * * * * * * * * * * * * * * * * * * * * * * * * * * * * * * * * * //

dimensions      [0 2 -2 0 0 0 0];

internalField   nonuniform List<scalar> 
400
(
7.90116e-06
2.83051e-05
0.000107049
0.00020782
0.000273098
0.000323844
0.000365297
0.000404998
0.000440051
0.000475886
0.00050961
0.000545193
0.000581115
0.000604116
0.000614514
0.000615012
0.000568177
0.00044837
0.000276996
0.000199399
3.48292e-05
0.000121209
0.000255816
0.000413595
0.000482524
0.00055701
0.000603002
0.000667875
0.000721616
0.000784849
0.0008452
0.000908304
0.000964407
0.00102621
0.0010803
0.00110788
0.00111399
0.00100041
0.000664278
0.000402445
0.000109562
0.00037034
0.000532465
0.000613309
0.000667687
0.000714069
0.000752861
0.000801756
0.000846548
0.000895117
0.000940106
0.000983957
0.0010268
0.00107481
0.00112155
0.00115556
0.00116848
0.00112195
0.000814689
0.00051506
0.000240117
0.000582206
0.000665698
0.000700873
0.000725959
0.000747543
0.000774663
0.000806551
0.000837101
0.000865176
0.000889118
0.00091914
0.000961313
0.00101691
0.00108783
0.00115732
0.00118825
0.00118918
0.000956245
0.000588459
0.000338496
0.000696209
0.000718821
0.000717403
0.000724573
0.000739062
0.000752958
0.000758761
0.00075387
0.000747067
0.000746296
0.000767421
0.000811989
0.000885088
0.000993431
0.001131
0.00122754
0.00125241
0.00107888
0.000643479
0.000389011
0.000725712
0.000723093
0.000712627
0.000710907
0.000707643
0.000687803
0.000652276
0.000616413
0.000593931
0.000585569
0.000593849
0.000638832
0.000721473
0.000855932
0.00104713
0.00124565
0.00132582
0.00121447
0.000688214
0.000397049
0.000717703
0.000715723
0.000696774
0.000678529
0.00064888
0.000602691
0.000546695
0.000496779
0.000464863
0.00045202
0.00045202
0.000491379
0.000571905
0.000713781
0.000938273
0.0012415
0.00139917
0.0013413
0.000723043
0.000391135
0.000697233
0.000697261
0.000668919
0.000639846
0.00059424
0.000532353
0.000466439
0.000411414
0.000376247
0.000361203
0.000359458
0.000390012
0.00046033
0.00059195
0.000822123
0.00117651
0.00146272
0.00147884
0.000751848
0.000376288
0.000658324
0.000666622
0.000640187
0.000605924
0.000552028
0.000483204
0.000414599
0.000359801
0.000325491
0.000310953
0.000309535
0.000333126
0.000389853
0.000505584
0.000724136
0.0010991
0.0015102
0.00159906
0.000772188
0.000347642
0.000625449
0.000637783
0.000615318
0.000580249
0.000523834
0.000454179
0.000386924
0.000334962
0.00030231
0.000288172
0.000288152
0.000307437
0.000354717
0.000452826
0.000653896
0.00102924
0.00153367
0.00172203
0.000788228
0.000317812
0.00058225
0.000606135
0.000592091
0.000560032
0.000507082
0.000441321
0.000379785
0.000331364
0.000299292
0.000283092
0.000283236
0.00029931
0.00034067
0.000427678
0.000611129
0.000976271
0.00154474
0.0018243
0.000796204
0.000291566
0.000546326
0.00058217
0.0005752
0.000548583
0.000499727
0.000442061
0.000384067
0.000337711
0.000306579
0.00029047
0.000290698
0.000302756
0.000338489
0.000419547
0.000591733
0.000939148
0.00155117
0.00190869
0.000799991
0.000263435
0.000499616
0.00055429
0.000555698
0.000539585
0.000500655
0.000447877
0.000396142
0.000353948
0.000324724
0.000308786
0.000309511
0.000320703
0.000353405
0.000426893
0.000587435
0.000921758
0.00155859
0.00194908
0.000800978
0.000236926
0.000469614
0.000539379
0.000544888
0.000534823
0.000505554
0.000460998
0.000416976
0.000379722
0.000352973
0.00033739
0.000338503
0.000349641
0.000381709
0.000453149
0.00060668
0.000917723
0.00156226
0.00196125
0.000800549
0.000207331
0.000421821
0.000514538
0.000538016
0.000535312
0.000517236
0.000480608
0.000443274
0.000411339
0.000388092
0.000374244
0.000376007
0.000387724
0.000420296
0.000491612
0.000645891
0.000934681
0.0015648
0.00192782
0.000784173
0.000176053
0.000392936
0.000502391
0.000541712
0.000544406
0.00053576
0.000512439
0.000480951
0.000452552
0.000431222
0.000417985
0.000420204
0.0004328
0.000467282
0.000541508
0.000706057
0.000975625
0.00157035
0.00183633
0.000757594
0.000142546
0.000332042
0.000469958
0.000548463
0.000569604
0.000566903
0.000553682
0.000526964
0.000500913
0.000480178
0.000469422
0.000473448
0.000489932
0.000531901
0.000617183
0.000810372
0.00106896
0.00158761
0.00167423
0.000711396
9.55314e-05
0.000282262
0.000479881
0.000587458
0.000649495
0.000652553
0.000644352
0.000622465
0.000596712
0.000575369
0.000574642
0.000585222
0.000615261
0.000685334
0.000805955
0.00106964
0.00134526
0.00162828
0.00149231
0.000651264
9.7901e-05
0.000297831
0.000526965
0.000658796
0.000733696
0.000765069
0.000779881
0.00079478
0.000812752
0.000841813
0.000891013
0.000970035
0.00107802
0.00124072
0.00143583
0.00172299
0.00183328
0.00172003
0.00137214
0.000566134
7.07641e-05
0.000109371
0.000199225
0.000288722
0.000354579
0.000396525
0.000419635
0.000433707
0.00044052
0.000444729
0.000446408
0.00044955
0.000452739
0.000459793
0.000465537
0.000481364
0.000502199
0.000525765
0.000520144
0.000464518
)
;

boundaryField
{
    movingWall
    {
        type            kqRWallFunction;
        value           nonuniform List<scalar> 
20
(
7.07641e-05
0.000109371
0.000199225
0.000288722
0.000354579
0.000396525
0.000419635
0.000433707
0.00044052
0.000444729
0.000446408
0.00044955
0.000452739
0.000459793
0.000465537
0.000481364
0.000502199
0.000525765
0.000520144
0.000464518
)
;
    }
    fixedWalls
    {
        type            kqRWallFunction;
        value           nonuniform List<scalar> 
60
(
7.90116e-06
3.48292e-05
0.000109562
0.000240117
0.000338496
0.000389011
0.000397049
0.000391135
0.000376288
0.000347642
0.000317812
0.000291566
0.000263435
0.000236926
0.000207331
0.000176053
0.000142546
9.55314e-05
9.7901e-05
7.07641e-05
0.000199399
0.000402445
0.00051506
0.000588459
0.000643479
0.000688214
0.000723043
0.000751848
0.000772188
0.000788228
0.000796204
0.000799991
0.000800978
0.000800549
0.000784173
0.000757594
0.000711396
0.000651264
0.000566134
0.000464518
7.90116e-06
2.83051e-05
0.000107049
0.00020782
0.000273098
0.000323844
0.000365297
0.000404998
0.000440051
0.000475886
0.00050961
0.000545193
0.000581115
0.000604116
0.000614514
0.000615012
0.000568177
0.00044837
0.000276996
0.000199399
)
;
    }
    frontAndBack
    {
        type            empty;
    }
}


// ************************************************************************* //
