/*--------------------------------*- C++ -*----------------------------------*\
  =========                 |
  \\      /  F ield         | OpenFOAM: The Open Source CFD Toolbox
   \\    /   O peration     | Website:  https://openfoam.org
    \\  /    A nd           | Version:  11
     \\/     M anipulation  |
\*---------------------------------------------------------------------------*/
FoamFile
{
    format      ascii;
    class       volScalarField;
    location    "9.5";
    object      nut;
}
// * * * * * * * * * * * * * * * * * * * * * * * * * * * * * * * * * * * * * //

dimensions      [0 2 -1 0 0 0 0];

internalField   nonuniform List<scalar> 
400
(
2.22359e-07
7.96557e-07
3.01186e-06
5.84625e-06
7.68231e-06
9.10978e-06
1.02758e-05
1.13927e-05
1.23788e-05
1.33868e-05
1.43355e-05
1.53365e-05
1.6347e-05
1.6994e-05
1.72864e-05
1.73004e-05
1.59829e-05
1.26126e-05
7.79185e-06
5.60897e-06
9.80056e-07
4.17743e-06
7.41291e-06
1.4589e-05
1.87944e-05
2.45876e-05
2.86421e-05
3.3949e-05
3.80012e-05
4.19212e-05
4.48086e-05
4.69667e-05
4.77151e-05
4.83841e-05
4.81088e-05
4.59846e-05
4.46043e-05
3.58933e-05
2.01202e-05
1.13207e-05
3.08253e-06
1.36713e-05
2.29622e-05
2.98681e-05
3.64581e-05
4.24694e-05
4.76715e-05
5.24466e-05
5.54397e-05
5.81545e-05
5.9821e-05
6.09024e-05
6.1131e-05
6.10573e-05
5.99102e-05
5.6792e-05
5.31323e-05
4.73862e-05
2.71374e-05
1.44886e-05
6.75543e-06
2.5804e-05
3.35762e-05
4.03268e-05
4.64321e-05
5.14348e-05
5.5844e-05
5.97943e-05
6.28105e-05
6.53617e-05
6.65022e-05
6.71466e-05
6.75554e-05
6.7581e-05
6.69265e-05
6.40917e-05
5.77199e-05
5.4168e-05
3.57034e-05
1.65534e-05
9.52229e-06
3.28076e-05
4.01518e-05
4.62014e-05
5.27103e-05
5.83691e-05
6.32078e-05
6.64493e-05
6.76164e-05
6.73337e-05
6.72495e-05
6.75179e-05
6.82228e-05
6.90464e-05
7.0014e-05
7.01931e-05
6.36366e-05
5.8086e-05
4.23653e-05
1.81011e-05
1.09429e-05
3.59004e-05
4.35363e-05
5.15589e-05
5.85037e-05
6.38382e-05
6.63928e-05
6.62185e-05
6.5614e-05
6.53319e-05
6.53054e-05
6.55618e-05
6.60989e-05
6.72898e-05
6.9351e-05
7.17901e-05
6.94569e-05
6.15228e-05
4.88345e-05
1.93594e-05
1.11689e-05
3.65184e-05
4.72245e-05
5.5639e-05
6.14972e-05
6.46343e-05
6.53611e-05
6.44302e-05
6.39402e-05
6.4158e-05
6.46388e-05
6.50075e-05
6.52093e-05
6.56684e-05
6.76712e-05
7.15304e-05
7.53496e-05
6.51606e-05
5.39659e-05
2.03391e-05
1.10025e-05
3.75311e-05
4.96326e-05
5.73218e-05
6.23538e-05
6.43692e-05
6.4212e-05
6.33488e-05
6.35751e-05
6.45738e-05
6.56243e-05
6.61432e-05
6.60453e-05
6.6048e-05
6.64546e-05
6.99848e-05
7.63958e-05
6.94699e-05
5.87862e-05
2.11494e-05
1.05849e-05
3.70725e-05
4.99848e-05
5.77739e-05
6.23655e-05
6.38781e-05
6.34804e-05
6.30784e-05
6.42203e-05
6.5935e-05
6.73271e-05
6.78206e-05
6.72675e-05
6.66156e-05
6.67468e-05
6.83463e-05
7.40783e-05
7.35759e-05
6.2322e-05
2.17214e-05
9.77917e-06
3.68483e-05
4.98248e-05
5.76955e-05
6.2165e-05
6.34411e-05
6.31961e-05
6.32859e-05
6.49098e-05
6.68978e-05
6.82539e-05
6.85409e-05
6.81516e-05
6.77148e-05
6.75799e-05
6.89334e-05
7.31833e-05
7.59992e-05
6.57217e-05
2.21725e-05
8.94013e-06
3.49358e-05
4.8395e-05
5.66944e-05
6.12447e-05
6.30203e-05
6.28839e-05
6.29785e-05
6.41718e-05
6.59801e-05
6.7608e-05
6.81129e-05
6.80698e-05
6.78947e-05
6.82878e-05
6.93818e-05
7.30901e-05
7.79825e-05
6.82229e-05
2.23968e-05
8.20187e-06
3.27422e-05
4.70699e-05
5.57746e-05
6.09113e-05
6.22185e-05
6.26291e-05
6.27069e-05
6.35534e-05
6.48977e-05
6.60943e-05
6.63827e-05
6.67356e-05
6.75925e-05
6.84606e-05
6.98461e-05
7.29846e-05
7.90649e-05
7.00544e-05
2.25033e-05
7.41061e-06
2.88217e-05
4.39936e-05
5.30222e-05
5.90108e-05
6.17757e-05
6.22261e-05
6.22627e-05
6.26155e-05
6.32997e-05
6.4267e-05
6.46067e-05
6.53071e-05
6.67195e-05
6.87086e-05
7.02673e-05
7.2858e-05
7.99611e-05
7.07304e-05
2.2531e-05
6.66493e-06
2.61363e-05
4.11279e-05
5.03673e-05
5.70166e-05
6.09373e-05
6.16512e-05
6.17503e-05
6.18442e-05
6.20573e-05
6.29619e-05
6.34709e-05
6.4483e-05
6.63614e-05
6.89371e-05
7.14023e-05
7.28011e-05
7.97808e-05
7.07293e-05
2.25187e-05
5.83253e-06
2.18155e-05
3.6436e-05
4.72494e-05
5.45087e-05
5.97645e-05
6.11124e-05
6.14403e-05
6.15865e-05
6.15872e-05
6.25089e-05
6.30187e-05
6.41483e-05
6.61026e-05
6.87044e-05
7.18407e-05
7.1925e-05
7.80773e-05
6.84712e-05
2.20579e-05
4.95272e-06
1.91575e-05
3.28126e-05
4.35267e-05
5.08135e-05
5.68063e-05
6.02505e-05
6.11968e-05
6.16232e-05
6.15683e-05
6.22357e-05
6.26261e-05
6.35069e-05
6.50175e-05
6.70047e-05
7.0874e-05
6.96972e-05
7.495e-05
6.56272e-05
2.13101e-05
4.01033e-06
1.4564e-05
2.80198e-05
3.98609e-05
4.74637e-05
5.2947e-05
5.74016e-05
5.8937e-05
5.95304e-05
5.95699e-05
5.98707e-05
6.01309e-05
6.06964e-05
6.15779e-05
6.26482e-05
6.73227e-05
6.60811e-05
6.99375e-05
6.02355e-05
2.00105e-05
2.68777e-06
1.19303e-05
2.62805e-05
3.68984e-05
4.62012e-05
5.01727e-05
5.41925e-05
5.60543e-05
5.60291e-05
5.55494e-05
5.52927e-05
5.51675e-05
5.53053e-05
5.63671e-05
5.70732e-05
6.21163e-05
6.55863e-05
6.3123e-05
5.16478e-05
1.8319e-05
2.75418e-06
1.32767e-05
2.44828e-05
3.22963e-05
3.81304e-05
4.1661e-05
4.41874e-05
4.65487e-05
4.81513e-05
4.97457e-05
5.15903e-05
5.34104e-05
5.59819e-05
5.95896e-05
6.35501e-05
6.97867e-05
6.66709e-05
6.05544e-05
4.42735e-05
1.59244e-05
1.99079e-06
3.07676e-06
5.60435e-06
8.1218e-06
9.9743e-06
1.11542e-05
1.18042e-05
1.22e-05
1.23916e-05
1.25099e-05
1.25571e-05
1.26453e-05
1.27349e-05
1.29332e-05
1.30947e-05
1.35397e-05
1.41256e-05
1.47885e-05
1.46305e-05
1.3066e-05
)
;

boundaryField
{
    movingWall
    {
        type            nutkWallFunction;
        Cmu             0.09;
        kappa           0.41;
        E               9.8;
        value           uniform 0;
    }
    fixedWalls
    {
        type            nutkWallFunction;
        Cmu             0.09;
        kappa           0.41;
        E               9.8;
        value           uniform 0;
    }
    frontAndBack
    {
        type            empty;
    }
}


// ************************************************************************* //
