/*--------------------------------*- C++ -*----------------------------------*\
  =========                 |
  \\      /  F ield         | OpenFOAM: The Open Source CFD Toolbox
   \\    /   O peration     | Website:  https://openfoam.org
    \\  /    A nd           | Version:  11
     \\/     M anipulation  |
\*---------------------------------------------------------------------------*/
FoamFile
{
    format      ascii;
    class       volScalarField;
    location    "9.5";
    object      p;
}
// * * * * * * * * * * * * * * * * * * * * * * * * * * * * * * * * * * * * * //

dimensions      [0 2 -2 0 0 0 0];

internalField   nonuniform List<scalar> 
400
(
-1.84512e-08
-9.34747e-05
-0.000156654
-0.000439388
-0.0013717
-0.00290724
-0.00467674
-0.00635454
-0.00770009
-0.00858752
-0.00890712
-0.00856862
-0.00756364
-0.00587511
-0.00350794
-0.000602908
0.00252897
0.00528698
0.00699743
0.00736638
9.48133e-05
-1.71516e-05
-0.000269033
-0.000942649
-0.0021439
-0.00376211
-0.00550295
-0.00711172
-0.00841343
-0.00928499
-0.00962906
-0.0093983
-0.00854297
-0.00701835
-0.00484888
-0.00211397
0.000932187
0.00380393
0.00584711
0.00666417
0.000254055
-0.000108713
-0.00078805
-0.00191533
-0.00344954
-0.00518726
-0.00691113
-0.00845842
-0.00970625
-0.010522
-0.0108428
-0.0106385
-0.0098888
-0.00858103
-0.00671394
-0.00433314
-0.00158647
0.00121799
0.00356329
0.00474655
-3.98065e-05
-0.000644292
-0.00176051
-0.00331558
-0.00511303
-0.00694187
-0.00863525
-0.0100757
-0.0111694
-0.0118663
-0.0121389
-0.0119672
-0.0113316
-0.010227
-0.00865607
-0.00664874
-0.00428661
-0.00174764
0.000592987
0.0018471
-0.000941361
-0.00174945
-0.00316656
-0.00495343
-0.0068521
-0.00866494
-0.0102607
-0.011562
-0.0125227
-0.0131237
-0.0133536
-0.0132038
-0.0126683
-0.0117481
-0.0104489
-0.00879243
-0.00682694
-0.0046502
-0.00252405
-0.0013359
-0.00240197
-0.00329227
-0.00480276
-0.00662077
-0.00848243
-0.0101996
-0.0116667
-0.0128344
-0.0136827
-0.0142049
-0.0143992
-0.014267
-0.0138122
-0.0130428
-0.01197
-0.0106125
-0.00900452
-0.0072071
-0.00547569
-0.004351
-0.00407408
-0.0049639
-0.00641586
-0.00814764
-0.00989579
-0.0114816
-0.0128162
-0.0138654
-0.0146206
-0.015082
-0.0152528
-0.0151386
-0.0147482
-0.014095
-0.0131964
-0.0120733
-0.0107581
-0.00929829
-0.0079434
-0.00694063
-0.00562078
-0.0064603
-0.00779609
-0.00940492
-0.0110194
-0.0124746
-0.0136926
-0.0146462
-0.0153311
-0.0157503
-0.0159083
-0.0158117
-0.0154705
-0.0149015
-0.0141286
-0.013178
-0.0120868
-0.0108965
-0.00985279
-0.00896327
-0.00681679
-0.00760172
-0.00881488
-0.0103096
-0.0118067
-0.0131569
-0.0142883
-0.0151754
-0.0158142
-0.0162074
-0.0163596
-0.0162767
-0.0159687
-0.015454
-0.014762
-0.0139268
-0.0129989
-0.0119947
-0.0111754
-0.0103882
-0.00757946
-0.00827864
-0.00940093
-0.0108178
-0.0122322
-0.0135167
-0.0145991
-0.0154512
-0.0160671
-0.0164485
-0.0165989
-0.0165235
-0.016232
-0.0157436
-0.0150921
-0.0143177
-0.0135025
-0.0125905
-0.0119586
-0.0111963
-0.00786516
-0.00848164
-0.00954854
-0.0109152
-0.0122887
-0.0135497
-0.0146213
-0.0154698
-0.0160852
-0.0164674
-0.0166189
-0.0165438
-0.0162522
-0.0157633
-0.0151155
-0.0143476
-0.0136066
-0.0126758
-0.012239
-0.0113848
-0.00766443
-0.0082359
-0.00926629
-0.0106104
-0.0119822
-0.0132564
-0.0143519
-0.0152264
-0.0158636
-0.0162597
-0.0164155
-0.0163342
-0.0160259
-0.015511
-0.0148317
-0.0140454
-0.0132752
-0.0122989
-0.0120593
-0.0109398
-0.00705656
-0.00761014
-0.0086148
-0.00993498
-0.0113293
-0.0126448
-0.0137933
-0.014721
-0.0154019
-0.015826
-0.015991
-0.0158982
-0.0155587
-0.0149942
-0.0142535
-0.0133997
-0.0125476
-0.0115338
-0.0113705
-0.00989254
-0.006174
-0.00669547
-0.0076587
-0.00893765
-0.0103503
-0.0117238
-0.0129501
-0.0139574
-0.014705
-0.0151735
-0.0153557
-0.0152502
-0.0148682
-0.0142335
-0.0134025
-0.0124387
-0.0114727
-0.010388
-0.01017
-0.00832512
-0.00519034
-0.00563653
-0.00649414
-0.00768984
-0.00909461
-0.0105289
-0.0118507
-0.0129603
-0.0137968
-0.0143277
-0.0145391
-0.0144253
-0.0139957
-0.0132762
-0.0123309
-0.0112198
-0.0100996
-0.00886592
-0.00849361
-0.00626953
-0.00430509
-0.0045669
-0.00520091
-0.0062449
-0.0076118
-0.00910375
-0.0105343
-0.0117669
-0.0127158
-0.0133307
-0.0135897
-0.0134831
-0.0130165
-0.0122105
-0.0111351
-0.00983941
-0.00849972
-0.00699838
-0.00632959
-0.00351999
-0.00370534
-0.00362394
-0.00390444
-0.0047271
-0.0060262
-0.00756558
-0.00910892
-0.0104782
-0.0115591
-0.0122801
-0.0126087
-0.012528
-0.0120525
-0.0111739
-0.00996095
-0.00843403
-0.00676261
-0.0047949
-0.00346039
0.00074063
-0.00341118
-0.00280539
-0.00265973
-0.00323827
-0.0044563
-0.00602776
-0.00767586
-0.00918922
-0.0104213
-0.0112744
-0.0117018
-0.0116767
-0.011212
-0.0102958
-0.00895722
-0.00715187
-0.00499217
-0.00218251
0.000696481
0.00829017
-0.00335711
-0.00213838
-0.00168637
-0.00207682
-0.00321625
-0.00480712
-0.00654424
-0.00818587
-0.0095559
-0.0105413
-0.01108
-0.0111413
-0.0107094
-0.009762
-0.00828613
-0.00617691
-0.00335209
0.00104894
0.00727726
0.0203503
-0.00384994
-0.000740976
-0.000171789
-0.000737475
-0.00192251
-0.00356866
-0.00542087
-0.00719911
-0.00870377
-0.00980674
-0.0104402
-0.0105653
-0.0101584
-0.00919364
-0.0076273
-0.00529591
-0.00134038
0.00566686
0.0177087
0.0356553
)
;

boundaryField
{
    movingWall
    {
        type            zeroGradient;
    }
    fixedWalls
    {
        type            zeroGradient;
    }
    frontAndBack
    {
        type            empty;
    }
}


// ************************************************************************* //
