/*--------------------------------*- C++ -*----------------------------------*\
  =========                 |
  \\      /  F ield         | OpenFOAM: The Open Source CFD Toolbox
   \\    /   O peration     | Website:  https://openfoam.org
    \\  /    A nd           | Version:  11
     \\/     M anipulation  |
\*---------------------------------------------------------------------------*/
FoamFile
{
    format      ascii;
    class       surfaceScalarField;
    location    "9.5";
    object      phi;
}
// * * * * * * * * * * * * * * * * * * * * * * * * * * * * * * * * * * * * * //

dimensions      [0 3 -1 0 0 0 0];

internalField   nonuniform List<scalar> 
760
(
1.16463e-07
-1.16461e-07
-1.78727e-07
2.9519e-07
-1.04714e-06
8.68415e-07
-2.38479e-06
1.33764e-06
-3.78941e-06
1.40462e-06
-5.04037e-06
1.25096e-06
-6.09556e-06
1.05519e-06
-6.93143e-06
8.35879e-07
-7.54167e-06
6.10231e-07
-7.94481e-06
4.03148e-07
-8.15345e-06
2.08642e-07
-8.15591e-06
2.45974e-09
-7.9505e-06
-2.05418e-07
-7.5356e-06
-4.149e-07
-6.84285e-06
-6.92743e-07
-5.8497e-06
-9.93156e-07
-4.50024e-06
-1.34946e-06
-2.83942e-06
-1.66082e-06
-1.0897e-06
-1.74972e-06
-1.0897e-06
-4.31466e-07
3.15005e-07
-1.45859e-06
1.32231e-06
-2.83153e-06
2.24135e-06
-4.08182e-06
2.58794e-06
-5.16196e-06
2.48476e-06
-6.10738e-06
2.19638e-06
-6.87914e-06
1.82695e-06
-7.48248e-06
1.43922e-06
-7.93358e-06
1.06133e-06
-8.22451e-06
6.94077e-07
-8.34039e-06
3.24523e-07
-8.28353e-06
-5.4395e-08
-8.06679e-06
-4.22164e-07
-7.6517e-06
-8.29981e-07
-7.03729e-06
-1.30716e-06
-6.17505e-06
-1.8554e-06
-5.02942e-06
-2.49509e-06
-3.53837e-06
-3.15187e-06
-1.73739e-06
-3.5507e-06
-2.82709e-06
-1.02649e-06
1.34149e-06
-2.36122e-06
2.65705e-06
-3.53751e-06
3.41764e-06
-4.51648e-06
3.56691e-06
-5.34384e-06
3.31212e-06
-6.02655e-06
2.87908e-06
-6.56221e-06
2.36261e-06
-6.94098e-06
1.81798e-06
-7.18346e-06
1.30382e-06
-7.29293e-06
8.03537e-07
-7.29196e-06
3.23554e-07
-7.19033e-06
-1.56017e-07
-6.97063e-06
-6.41863e-07
-6.61751e-06
-1.1831e-06
-6.11874e-06
-1.80594e-06
-5.43969e-06
-2.53444e-06
-4.55073e-06
-3.38405e-06
-3.38617e-06
-4.31643e-06
-1.86556e-06
-5.07131e-06
-4.69264e-06
-1.24741e-06
2.58891e-06
-2.46844e-06
3.87808e-06
-3.45496e-06
4.40416e-06
-4.22549e-06
4.33744e-06
-4.83249e-06
3.91912e-06
-5.29266e-06
3.33925e-06
-5.6218e-06
2.69175e-06
-5.84701e-06
2.04319e-06
-5.97631e-06
1.43312e-06
-6.02425e-06
8.51478e-07
-5.99202e-06
2.9132e-07
-5.88129e-06
-2.6674e-07
-5.6799e-06
-8.43252e-07
-5.38658e-06
-1.47643e-06
-4.99164e-06
-2.20088e-06
-4.47143e-06
-3.05466e-06
-3.79229e-06
-4.06318e-06
-2.89755e-06
-5.21117e-06
-1.65557e-06
-6.3133e-06
-6.34821e-06
-1.17293e-06
3.76183e-06
-2.2058e-06
4.91095e-06
-3.00675e-06
5.20511e-06
-3.61118e-06
4.94188e-06
-4.05769e-06
4.36562e-06
-4.37389e-06
3.65546e-06
-4.58929e-06
2.90714e-06
-4.72928e-06
2.18319e-06
-4.80042e-06
1.50426e-06
-4.80968e-06
8.60735e-07
-4.75763e-06
2.39271e-07
-4.64421e-06
-3.80166e-07
-4.46564e-06
-1.02182e-06
-4.22342e-06
-1.71866e-06
-3.91464e-06
-2.50966e-06
-3.52627e-06
-3.44302e-06
-3.02465e-06
-4.56481e-06
-2.3436e-06
-5.89222e-06
-1.38463e-06
-7.27226e-06
-7.73284e-06
-9.64299e-07
4.72613e-06
-1.78989e-06
5.73653e-06
-2.42378e-06
5.83901e-06
-2.88901e-06
5.4071e-06
-3.21966e-06
4.69627e-06
-3.44615e-06
3.88195e-06
-3.59739e-06
3.05838e-06
-3.69118e-06
2.27698e-06
-3.73368e-06
1.54676e-06
-3.7285e-06
8.5555e-07
-3.67572e-06
1.86492e-07
-3.57398e-06
-4.81906e-07
-3.42209e-06
-1.1737e-06
-3.2225e-06
-1.91824e-06
-2.97864e-06
-2.75352e-06
-2.68942e-06
-3.73224e-06
-2.33948e-06
-4.91474e-06
-1.86446e-06
-6.36725e-06
-1.11942e-06
-8.0173e-06
-8.85227e-06
-7.30854e-07
5.45699e-06
-1.34303e-06
6.34871e-06
-1.8164e-06
6.31237e-06
-2.16077e-06
5.75147e-06
-2.40425e-06
4.93975e-06
-2.57158e-06
4.04928e-06
-2.68436e-06
3.17116e-06
-2.75464e-06
2.34726e-06
-2.78759e-06
1.57971e-06
-2.78511e-06
8.53079e-07
-2.74562e-06
1.47e-07
-2.66649e-06
-5.61036e-07
-2.54613e-06
-1.29406e-06
-2.38727e-06
-2.07711e-06
-2.19752e-06
-2.94327e-06
-1.9836e-06
-3.94616e-06
-1.73988e-06
-5.15847e-06
-1.41496e-06
-6.69217e-06
-9.15882e-07
-8.51637e-06
-9.76815e-06
-4.76257e-07
5.93325e-06
-9.02738e-07
6.77519e-06
-1.22843e-06
6.63807e-06
-1.46815e-06
5.99119e-06
-1.64108e-06
5.11268e-06
-1.76417e-06
4.17237e-06
-1.85096e-06
3.25795e-06
-1.90857e-06
2.40487e-06
-1.94032e-06
1.61146e-06
-1.9467e-06
8.59467e-07
-1.92533e-06
1.25622e-07
-1.87325e-06
-6.13114e-07
-1.78869e-06
-1.37862e-06
-1.6741e-06
-2.1917e-06
-1.53871e-06
-3.07865e-06
-1.3948e-06
-4.09007e-06
-1.2424e-06
-5.31087e-06
-1.04111e-06
-6.89345e-06
-7.07229e-07
-8.85025e-06
-1.04754e-05
-2.55383e-07
6.18863e-06
-4.91728e-07
7.01154e-06
-6.75331e-07
6.82167e-06
-8.20241e-07
6.1361e-06
-9.30222e-07
5.22266e-06
-1.0146e-06
4.25675e-06
-1.07916e-06
3.32251e-06
-1.12642e-06
2.45213e-06
-1.15763e-06
1.64267e-06
-1.1725e-06
8.74336e-07
-1.16915e-06
1.22272e-07
-1.14524e-06
-6.37026e-07
-1.09946e-06
-1.4244e-06
-1.03393e-06
-2.25724e-06
-9.57792e-07
-3.15479e-06
-8.85168e-07
-4.16269e-06
-8.20083e-07
-5.37596e-06
-7.31385e-07
-6.98215e-06
-5.59537e-07
-9.0221e-06
-1.10349e-05
-2.75101e-08
6.21614e-06
-1.03354e-07
7.08738e-06
-1.63381e-07
6.8817e-06
-2.13736e-07
6.18646e-06
-2.6001e-07
5.26894e-06
-3.03975e-07
4.30072e-06
-3.44471e-07
3.363e-06
-3.79484e-07
2.48714e-06
-4.07933e-07
1.67112e-06
-4.29253e-07
8.95657e-07
-4.42744e-07
1.35763e-07
-4.47307e-07
-6.32463e-07
-4.42757e-07
-1.42895e-06
-4.30927e-07
-2.26907e-06
-4.20081e-07
-3.16563e-06
-4.19748e-07
-4.16302e-06
-4.53066e-07
-5.34264e-06
-4.68821e-07
-6.9664e-06
-4.17002e-07
-9.07392e-06
-1.14519e-05
1.8489e-07
6.03125e-06
2.8181e-07
6.99046e-06
3.51867e-07
6.81164e-06
3.81484e-07
6.15684e-06
3.9385e-07
5.25657e-06
3.90523e-07
4.30404e-06
3.76796e-07
3.37673e-06
3.57238e-07
2.5067e-06
3.34226e-07
1.69413e-06
3.08256e-07
9.21627e-07
2.7879e-07
1.65228e-07
2.45352e-07
-5.99025e-07
2.06836e-07
-1.39043e-06
1.61234e-07
-2.22346e-06
1.0227e-07
-3.10667e-06
4.09365e-09
-4.06485e-06
-1.0262e-07
-5.23593e-06
-2.4188e-07
-6.82714e-06
-3.1742e-07
-8.99838e-06
-1.17693e-05
3.85694e-07
5.64556e-06
6.44688e-07
6.73147e-06
8.37918e-07
6.61841e-06
9.60212e-07
6.03455e-06
1.03958e-06
5.1772e-06
1.08462e-06
4.25901e-06
1.1041e-06
3.35724e-06
1.10492e-06
2.50588e-06
1.09062e-06
1.70843e-06
1.06174e-06
9.50513e-07
1.01645e-06
2.10516e-07
9.5274e-07
-5.35316e-07
8.67616e-07
-1.30531e-06
7.58473e-07
-2.11432e-06
6.19038e-07
-2.96723e-06
4.47118e-07
-3.89293e-06
2.18683e-07
-5.00749e-06
-5.21465e-08
-6.55631e-06
-2.04768e-07
-8.84576e-06
-1.19741e-05
5.82886e-07
5.06267e-06
9.98352e-07
6.316e-06
1.31178e-06
6.30498e-06
1.53244e-06
5.81389e-06
1.6864e-06
5.02324e-06
1.78934e-06
4.15607e-06
1.85109e-06
3.29549e-06
1.87949e-06
2.47748e-06
1.87891e-06
1.70901e-06
1.85002e-06
9.79406e-07
1.78986e-06
2.70668e-07
1.69533e-06
-4.40788e-07
1.56169e-06
-1.17166e-06
1.38497e-06
-1.9376e-06
1.16148e-06
-2.74374e-06
8.87956e-07
-3.6194e-06
5.41983e-07
-4.66152e-06
1.76269e-07
-6.19059e-06
-6.71706e-08
-8.60232e-06
-1.20413e-05
7.52493e-07
4.31018e-06
1.31487e-06
5.75362e-06
1.74596e-06
5.87389e-06
2.08227e-06
5.47758e-06
2.32914e-06
4.77637e-06
2.50579e-06
3.97942e-06
2.62347e-06
3.17782e-06
2.69046e-06
2.41049e-06
2.71155e-06
1.68793e-06
2.68759e-06
1.00337e-06
2.61494e-06
3.43313e-07
2.4889e-06
-3.14751e-07
2.30444e-06
-9.87204e-07
2.05588e-06
-1.68904e-06
1.73942e-06
-2.42728e-06
1.3561e-06
-3.23608e-06
8.94755e-07
-4.20018e-06
4.28314e-07
-5.72415e-06
8.17402e-08
-8.25575e-06
-1.19595e-05
8.96816e-07
3.41336e-06
1.58582e-06
5.06462e-06
2.14048e-06
5.31923e-06
2.60255e-06
5.01551e-06
2.96058e-06
4.41835e-06
3.22796e-06
3.71203e-06
3.41698e-06
2.9888e-06
3.53587e-06
2.2916e-06
3.58902e-06
1.63477e-06
3.57759e-06
1.0148e-06
3.4971e-06
4.23808e-07
3.34041e-06
-1.5806e-07
3.10453e-06
-7.51324e-07
2.78158e-06
-1.36609e-06
2.36638e-06
-2.01208e-06
1.86889e-06
-2.73859e-06
1.28261e-06
-3.61389e-06
6.97362e-07
-5.13891e-06
2.25494e-07
-7.78388e-06
-1.1734e-05
9.15122e-07
2.49824e-06
1.7188e-06
4.26094e-06
2.42268e-06
4.61535e-06
3.03348e-06
4.40471e-06
3.53265e-06
3.91918e-06
3.91925e-06
3.32543e-06
4.2026e-06
2.70545e-06
4.39196e-06
2.10224e-06
4.4915e-06
1.53523e-06
4.5033e-06
1.003e-06
4.42447e-06
5.02639e-07
4.24427e-06
2.2134e-08
3.9612e-06
-4.68254e-07
3.56821e-06
-9.731e-07
3.05709e-06
-1.50096e-06
2.44804e-06
-2.12955e-06
1.73264e-06
-2.89849e-06
1.02306e-06
-4.42933e-06
4.2392e-07
-7.18474e-06
-1.13101e-05
8.30286e-07
1.66795e-06
1.7132e-06
3.37803e-06
2.581e-06
3.74755e-06
3.35794e-06
3.62776e-06
4.01531e-06
3.26182e-06
4.54427e-06
2.79647e-06
4.94333e-06
2.30639e-06
5.22036e-06
1.82521e-06
5.38005e-06
1.37554e-06
5.42598e-06
9.5707e-07
5.35732e-06
5.71302e-07
5.17679e-06
2.02656e-07
4.86279e-06
-1.54251e-07
4.42613e-06
-5.36443e-07
3.84723e-06
-9.22049e-07
3.15165e-06
-1.43397e-06
2.32984e-06
-2.07669e-06
1.49398e-06
-3.59347e-06
7.00662e-07
-6.39142e-06
-1.06095e-05
3.51298e-07
1.31665e-06
1.36347e-06
2.36586e-06
2.42251e-06
2.68851e-06
3.40739e-06
2.64288e-06
4.25672e-06
2.41248e-06
4.95553e-06
2.09766e-06
5.50072e-06
1.76119e-06
5.89503e-06
1.4309e-06
6.14669e-06
1.12389e-06
6.26285e-06
8.40909e-07
6.2474e-06
5.86745e-07
6.10963e-06
3.40428e-07
5.84365e-06
1.11734e-07
5.44267e-06
-1.35469e-07
4.88227e-06
-3.61649e-07
4.18869e-06
-7.40381e-07
3.33231e-06
-1.22031e-06
2.40524e-06
-2.6664e-06
1.23426e-06
-5.22044e-06
-9.3752e-06
-5.03762e-07
1.82042e-06
6.1402e-07
1.24808e-06
1.98913e-06
1.3134e-06
3.2534e-06
1.37861e-06
4.34762e-06
1.31826e-06
5.26768e-06
1.17761e-06
6.01586e-06
1.01301e-06
6.58906e-06
8.5769e-07
7.00372e-06
7.09232e-07
7.26816e-06
5.76476e-07
7.40202e-06
4.52884e-07
7.40252e-06
3.3993e-07
7.28063e-06
2.3362e-07
7.02516e-06
1.19999e-07
6.65107e-06
1.24478e-08
6.14803e-06
-2.37349e-07
5.46157e-06
-5.3384e-07
4.51525e-06
-1.72008e-06
2.65621e-06
-3.3614e-06
-6.71899e-06
1.82042e-06
3.06849e-06
4.3819e-06
5.76051e-06
7.07876e-06
8.25637e-06
9.26938e-06
1.01271e-05
1.08363e-05
1.14128e-05
1.18657e-05
1.22056e-05
1.24392e-05
1.25592e-05
1.25717e-05
1.23343e-05
1.18005e-05
1.00804e-05
6.71899e-06
)
;

boundaryField
{
    movingWall
    {
        type            calculated;
        value           uniform 0;
    }
    fixedWalls
    {
        type            calculated;
        value           uniform 0;
    }
    frontAndBack
    {
        type            empty;
    }
}


// ************************************************************************* //
