/*--------------------------------*- C++ -*----------------------------------*\
  =========                 |
  \\      /  F ield         | OpenFOAM: The Open Source CFD Toolbox
   \\    /   O peration     | Website:  https://openfoam.org
    \\  /    A nd           | Version:  11
     \\/     M anipulation  |
\*---------------------------------------------------------------------------*/
FoamFile
{
    format      ascii;
    class       volVectorField;
    location    "9.5";
    object      U;
}
// * * * * * * * * * * * * * * * * * * * * * * * * * * * * * * * * * * * * * //

dimensions      [0 1 -1 0 0 0 0];

internalField   nonuniform List<vector> 
400
(
(0.00283759 -0.0032723 0)
(0.00131646 -0.000382089 0)
(-0.00757339 0.00433185 0)
(-0.0315966 0.0119109 0)
(-0.0647061 0.0143732 0)
(-0.0910596 0.0124453 0)
(-0.11478 0.0106061 0)
(-0.132643 0.00824264 0)
(-0.146878 0.00623187 0)
(-0.156488 0.0039857 0)
(-0.162082 0.00218526 0)
(-0.164184 0.000267399 0)
(-0.162495 -0.00295344 0)
(-0.155431 -0.00505102 0)
(-0.143877 -0.00849345 0)
(-0.125893 -0.0114247 0)
(-0.102029 -0.0149221 0)
(-0.0718556 -0.0168986 0)
(-0.0384987 -0.0153154 0)
(-0.009363 -0.00427214 0)
(-0.00246844 -0.00115154 0)
(-0.0144097 0.0133033 0)
(-0.0415053 0.0324047 0)
(-0.0701617 0.0409754 0)
(-0.0948218 0.0396922 0)
(-0.115118 0.0353919 0)
(-0.132214 0.0297498 0)
(-0.144862 0.0238904 0)
(-0.15564 0.0171706 0)
(-0.162668 0.0112479 0)
(-0.166817 0.00539272 0)
(-0.167348 -0.000367083 0)
(-0.164464 -0.00672765 0)
(-0.157952 -0.0137336 0)
(-0.147331 -0.0221604 0)
(-0.131806 -0.0317199 0)
(-0.111111 -0.0426199 0)
(-0.0849029 -0.0523802 0)
(-0.0529531 -0.0551499 0)
(-0.0196236 -0.0363136 0)
(-0.00875772 0.01547 0)
(-0.0330016 0.0418705 0)
(-0.0598187 0.0579635 0)
(-0.0823233 0.061829 0)
(-0.100551 0.0578448 0)
(-0.115419 0.0503539 0)
(-0.127271 0.0412737 0)
(-0.136276 0.0317766 0)
(-0.142384 0.0232642 0)
(-0.14546 0.0146891 0)
(-0.146517 0.00625246 0)
(-0.14535 -0.00235079 0)
(-0.142377 -0.011301 0)
(-0.136465 -0.0211238 0)
(-0.127845 -0.0324766 0)
(-0.115666 -0.0457949 0)
(-0.0994706 -0.0614186 0)
(-0.0787417 -0.0784366 0)
(-0.0518324 -0.0909266 0)
(-0.0222467 -0.0795211 0)
(-0.0127167 0.0398524 0)
(-0.0383014 0.0660145 0)
(-0.0613801 0.0783919 0)
(-0.0787521 0.0788951 0)
(-0.0922297 0.0722251 0)
(-0.102592 0.0621503 0)
(-0.110162 0.0505422 0)
(-0.115511 0.0386867 0)
(-0.118788 0.0273298 0)
(-0.120489 0.0164047 0)
(-0.120641 0.00597524 0)
(-0.1192 -0.00447939 0)
(-0.116094 -0.0154008 0)
(-0.111085 -0.0274287 0)
(-0.104144 -0.0412093 0)
(-0.0948846 -0.0574 0)
(-0.0825999 -0.0763761 0)
(-0.0664025 -0.0975742 0)
(-0.0443606 -0.11669 0)
(-0.0201667 -0.114567 0)
(-0.0127397 0.0627662 0)
(-0.0358778 0.0874528 0)
(-0.054402 0.0956846 0)
(-0.0680161 0.0926577 0)
(-0.0781017 0.0829412 0)
(-0.0853099 0.0701448 0)
(-0.0902833 0.0561913 0)
(-0.0936605 0.0424171 0)
(-0.0956609 0.029403 0)
(-0.0964469 0.01708 0)
(-0.0960084 0.00523557 0)
(-0.0943458 -0.00659615 0)
(-0.0914149 -0.0188802 0)
(-0.0871669 -0.0323117 0)
(-0.0816018 -0.0476714 0)
(-0.0746216 -0.065865 0)
(-0.0657001 -0.0876751 0)
(-0.0534626 -0.113118 0)
(-0.0359183 -0.138587 0)
(-0.0177304 -0.144076 0)
(-0.0107582 0.0838322 0)
(-0.029664 0.105888 0)
(-0.0441642 0.110123 0)
(-0.0547758 0.103472 0)
(-0.0622431 0.0907514 0)
(-0.067377 0.0755464 0)
(-0.0708593 0.0598018 0)
(-0.0731969 0.0446971 0)
(-0.0745044 0.0305465 0)
(-0.0748567 0.0171417 0)
(-0.0742718 0.0041849 0)
(-0.0727228 -0.00874011 0)
(-0.0701728 -0.0221094 0)
(-0.0666218 -0.0365599 0)
(-0.0621305 -0.052888 0)
(-0.0567591 -0.0721195 0)
(-0.0503735 -0.0953841 0)
(-0.0415593 -0.123565 0)
(-0.0301683 -0.154767 0)
(-0.0120253 -0.168064 0)
(-0.00877751 0.101232 0)
(-0.0222824 0.120567 0)
(-0.033296 0.121452 0)
(-0.0411565 0.111664 0)
(-0.0465607 0.0964882 0)
(-0.0502861 0.0794383 0)
(-0.0528499 0.0623989 0)
(-0.0545943 0.0463096 0)
(-0.0555892 0.0312813 0)
(-0.0558859 0.017043 0)
(-0.0554705 0.00323073 0)
(-0.0542822 -0.0105904 0)
(-0.0522684 -0.0248834 0)
(-0.0494376 -0.040193 0)
(-0.0458901 -0.0572491 0)
(-0.0417655 -0.0771407 0)
(-0.0372397 -0.101197 0)
(-0.030879 -0.131337 0)
(-0.0242616 -0.166543 0)
(-0.00962643 -0.187786 0)
(-0.00582119 0.11398 0)
(-0.0147899 0.131475 0)
(-0.0226981 0.129795 0)
(-0.0280508 0.11766 0)
(-0.0317821 0.100711 0)
(-0.0344361 0.0823547 0)
(-0.0363489 0.0643856 0)
(-0.0377242 0.0475703 0)
(-0.0385936 0.0319078 0)
(-0.0389771 0.0170644 0)
(-0.0388354 0.00260784 0)
(-0.0380962 -0.0119208 0)
(-0.0367007 -0.0269583 0)
(-0.0346614 -0.0429564 0)
(-0.0320995 -0.0605158 0)
(-0.029174 -0.0807038 0)
(-0.0263252 -0.105074 0)
(-0.0220371 -0.136392 0)
(-0.0195474 -0.174341 0)
(-0.00607715 -0.203375 0)
(-0.00358255 0.121888 0)
(-0.00785607 0.138289 0)
(-0.0126731 0.135017 0)
(-0.0157168 0.121593 0)
(-0.0179894 0.10358 0)
(-0.0197174 0.0844429 0)
(-0.0210673 0.0658966 0)
(-0.0221308 0.0486098 0)
(-0.0228998 0.0325312 0)
(-0.0233652 0.0172765 0)
(-0.0234851 0.00236382 0)
(-0.0232016 -0.0126804 0)
(-0.0224682 -0.0282702 0)
(-0.0212918 -0.0447814 0)
(-0.0198142 -0.0626652 0)
(-0.0181457 -0.0829154 0)
(-0.0171426 -0.107302 0)
(-0.0144087 -0.139355 0)
(-0.0156806 -0.179272 0)
(-0.00424648 -0.215918 0)
(-0.000166341 0.12506 0)
(-0.00130451 0.142034 0)
(-0.00327339 0.137789 0)
(-0.00409718 0.12372 0)
(-0.00498891 0.105264 0)
(-0.00579238 0.0857896 0)
(-0.00655486 0.0669742 0)
(-0.00727066 0.0494444 0)
(-0.00789245 0.0331373 0)
(-0.00839178 0.01765 0)
(-0.00873722 0.00247774 0)
(-0.00889836 -0.0128621 0)
(-0.00885939 -0.0287688 0)
(-0.00862591 -0.0455615 0)
(-0.0083531 -0.0635532 0)
(-0.00799371 -0.0836159 0)
(-0.00912782 -0.107667 0)
(-0.00765659 -0.139983 0)
(-0.0125449 -0.181311 0)
(-0.00175259 -0.225525 0)
(0.00207668 0.123497 0)
(0.00467294 0.141798 0)
(0.00587983 0.137578 0)
(0.00708002 0.123819 0)
(0.00756093 0.105544 0)
(0.00774613 0.0862427 0)
(0.00764546 0.0675183 0)
(0.00735015 0.0500006 0)
(0.00693936 0.0336662 0)
(0.006454 0.0181391 0)
(0.00591141 0.00292286 0)
(0.00531218 -0.0124661 0)
(0.00462969 -0.0284163 0)
(0.0038595 -0.0452188 0)
(0.0027954 -0.0630736 0)
(0.00172919 -0.0826809 0)
(-0.00169333 -0.106308 0)
(-0.00135794 -0.138321 0)
(-0.0101239 -0.181302 0)
(-3.87344e-06 -0.232773 0)
(0.00410944 0.11873 0)
(0.0105682 0.138656 0)
(0.0143059 0.135456 0)
(0.017757 0.122739 0)
(0.0198397 0.104862 0)
(0.0211715 0.0859853 0)
(0.0218924 0.0675706 0)
(0.02214 0.0502654 0)
(0.0220265 0.0340936 0)
(0.021608 0.0187275 0)
(0.0208893 0.00369979 0)
(0.0198501 -0.0114678 0)
(0.0184138 -0.0271592 0)
(0.0165907 -0.0436612 0)
(0.0141287 -0.0610945 0)
(0.0113124 -0.0800004 0)
(0.00562951 -0.102841 0)
(0.00487104 -0.134244 0)
(-0.00818877 -0.179021 0)
(0.00268021 -0.237523 0)
(0.00635326 0.109265 0)
(0.016076 0.131721 0)
(0.02278 0.129867 0)
(0.0281541 0.11907 0)
(0.0320755 0.102401 0)
(0.0347151 0.0844498 0)
(0.0364369 0.066757 0)
(0.0373932 0.0500006 0)
(0.037704 0.0342832 0)
(0.0374351 0.0193504 0)
(0.0365779 0.00479381 0)
(0.0351071 -0.0098398 0)
(0.03288 -0.0249173 0)
(0.0299526 -0.0407516 0)
(0.0258948 -0.0574263 0)
(0.0212885 -0.0755046 0)
(0.0133291 -0.0971002 0)
(0.0110006 -0.127951 0)
(-0.00649133 -0.174836 0)
(0.00568333 -0.240191 0)
(0.00825157 0.0960914 0)
(0.020999 0.12285 0)
(0.0304435 0.123329 0)
(0.0379892 0.114136 0)
(0.0440065 0.0989603 0)
(0.0483185 0.0820905 0)
(0.0513422 0.0652977 0)
(0.0532624 0.0493017 0)
(0.0541929 0.0342703 0)
(0.0542091 0.0200228 0)
(0.0532836 0.00622306 0)
(0.051408 -0.00755324 0)
(0.0483436 -0.0216416 0)
(0.0442661 -0.0363972 0)
(0.0384375 -0.0519345 0)
(0.0319968 -0.0688451 0)
(0.021509 -0.0890039 0)
(0.0174293 -0.119644 0)
(-0.00439606 -0.168974 0)
(0.0099778 -0.240924 0)
(0.00999842 0.0793263 0)
(0.0253239 0.109186 0)
(0.0372467 0.112543 0)
(0.0471846 0.105494 0)
(0.055472 0.0925422 0)
(0.0618245 0.0774579 0)
(0.0664962 0.0621419 0)
(0.0696836 0.0474244 0)
(0.0714766 0.0335552 0)
(0.0719677 0.0204316 0)
(0.0710875 0.00781093 0)
(0.0688777 -0.00469203 0)
(0.0649514 -0.017332 0)
(0.0597303 -0.0305393 0)
(0.0519894 -0.0444691 0)
(0.0437113 -0.0599138 0)
(0.0303438 -0.0784908 0)
(0.0245216 -0.109107 0)
(-0.00195682 -0.16136 0)
(0.015076 -0.240459 0)
(0.0101662 0.0599115 0)
(0.0275385 0.0954022 0)
(0.0416949 0.1017 0)
(0.0542762 0.0963573 0)
(0.0653878 0.0852902 0)
(0.0744049 0.071982 0)
(0.0812606 0.0582575 0)
(0.0861367 0.045007 0)
(0.0891198 0.032546 0)
(0.0903535 0.0208215 0)
(0.0896958 0.00969919 0)
(0.087332 -0.00121223 0)
(0.0826125 -0.0119898 0)
(0.0763937 -0.0232096 0)
(0.0667224 -0.035037 0)
(0.0567771 -0.048697 0)
(0.0403292 -0.0654257 0)
(0.032998 -0.096388 0)
(0.00128227 -0.151716 0)
(0.021813 -0.237734 0)
(0.00881429 0.0405155 0)
(0.0268418 0.0749759 0)
(0.043422 0.0836693 0)
(0.0590054 0.0809078 0)
(0.0732617 0.0725664 0)
(0.0853918 0.0619935 0)
(0.0949026 0.0507719 0)
(0.10187 0.0398177 0)
(0.106331 0.0295611 0)
(0.108585 0.0199698 0)
(0.108305 0.0110131 0)
(0.106115 0.00230186 0)
(0.100886 -0.00613806 0)
(0.0942003 -0.0149004 0)
(0.0830199 -0.0240241 0)
(0.0721215 -0.0354871 0)
(0.0528605 -0.049768 0)
(0.044605 -0.0813311 0)
(0.0065329 -0.139838 0)
(0.0309124 -0.229616 0)
(-0.00178401 0.0251314 0)
(0.0184418 0.0606591 0)
(0.0381227 0.0685696 0)
(0.057802 0.0667868 0)
(0.0761097 0.060336 0)
(0.0918778 0.0521337 0)
(0.104544 0.0435588 0)
(0.114205 0.0350126 0)
(0.120725 0.0270075 0)
(0.124711 0.0196119 0)
(0.125551 0.0128945 0)
(0.124468 0.00653992 0)
(0.119805 0.000630608 0)
(0.114209 -0.00561832 0)
(0.103106 -0.0118814 0)
(0.0931052 -0.0207199 0)
(0.0723863 -0.0321966 0)
(0.064261 -0.0638488 0)
(0.0194702 -0.122874 0)
(0.0464393 -0.206415 0)
(-0.014725 0.0297556 0)
(-0.00128258 0.0286912 0)
(0.026409 0.0340708 0)
(0.0522869 0.0355828 0)
(0.0755888 0.0335863 0)
(0.0959039 0.0295521 0)
(0.112736 0.0249744 0)
(0.12629 0.0205357 0)
(0.136188 0.0164137 0)
(0.143341 0.0125622 0)
(0.147075 0.0091905 0)
(0.148843 0.00582583 0)
(0.14704 0.00301697 0)
(0.144081 -0.000676587 0)
(0.13605 -0.00375415 0)
(0.129368 -0.00998781 0)
(0.111603 -0.0188776 0)
(0.105219 -0.0465712 0)
(0.0587904 -0.0938236 0)
(0.078095 -0.157109 0)
(0.0395676 0.038247 0)
(0.0458017 0.0274799 0)
(0.0702388 0.0248037 0)
(0.100793 0.0250638 0)
(0.127598 0.0241761 0)
(0.152402 0.0221795 0)
(0.174254 0.0196224 0)
(0.193629 0.0172882 0)
(0.209369 0.0149472 0)
(0.222852 0.0130413 0)
(0.232895 0.0110768 0)
(0.24125 0.00960144 0)
(0.246431 0.00785033 0)
(0.25026 0.00659896 0)
(0.250927 0.0046346 0)
(0.248454 0.00197567 0)
(0.239312 0.00168816 0)
(0.223886 -0.0103482 0)
(0.173806 -0.0133782 0)
(0.146251 -0.064833 0)
)
;

boundaryField
{
    movingWall
    {
        type            fixedValue;
        value           uniform (1 0 0);
    }
    fixedWalls
    {
        type            noSlip;
    }
    frontAndBack
    {
        type            empty;
    }
}


// ************************************************************************* //
