/*--------------------------------*- C++ -*----------------------------------*\
  =========                 |
  \\      /  F ield         | OpenFOAM: The Open Source CFD Toolbox
   \\    /   O peration     | Website:  https://openfoam.org
    \\  /    A nd           | Version:  11
     \\/     M anipulation  |
\*---------------------------------------------------------------------------*/
FoamFile
{
    format      ascii;
    class       volScalarField;
    location    "3.5";
    object      epsilon;
}
// * * * * * * * * * * * * * * * * * * * * * * * * * * * * * * * * * * * * * //

dimensions      [0 2 -3 0 0 0 0];

internalField   nonuniform List<scalar> 
400
(
8.39221e-06
1.88856e-05
3.15526e-05
0.000112891
0.000378542
0.000680858
0.000847078
0.000989934
0.00110987
0.00121979
0.00132257
0.00142324
0.00152353
0.00159419
0.00162571
0.00162993
0.00151699
0.0011887
0.000731934
0.00051687
3.57353e-05
5.15431e-05
0.000126544
0.000378371
0.000724622
0.000849619
0.000897991
0.000937347
0.000966404
0.00102665
0.00110334
0.00121086
0.00134199
0.00149696
0.00167241
0.00185252
0.00194219
0.00195279
0.00163141
0.00119543
0.000122142
0.000190718
0.000408314
0.000694059
0.000803409
0.00084055
0.000858376
0.000869951
0.000916686
0.000985402
0.00107023
0.00117429
0.00129296
0.00143354
0.00160059
0.00179508
0.00197857
0.0020577
0.0019761
0.00168736
0.000271091
0.00040225
0.000625124
0.000756472
0.000786396
0.000794471
0.000794872
0.000815861
0.000858124
0.000912456
0.000979534
0.00105887
0.00115992
0.00129142
0.00146829
0.00170137
0.0019761
0.00212417
0.0021439
0.00202222
0.000424221
0.000559944
0.000706495
0.000745254
0.000742034
0.00072894
0.000725828
0.000737045
0.000760584
0.000791504
0.000833387
0.000892617
0.00098113
0.00111493
0.00131839
0.00161407
0.00199639
0.00227375
0.00234332
0.00228638
0.000533683
0.000641711
0.000708119
0.000715801
0.000682537
0.000662365
0.000653239
0.000650346
0.000651496
0.000658161
0.000675717
0.000714146
0.000788626
0.000921951
0.00114915
0.0015102
0.00201768
0.00246505
0.00260435
0.00250427
0.000593255
0.000643972
0.000688157
0.000666443
0.00062616
0.000601719
0.000584632
0.000567844
0.000551289
0.000540749
0.000538357
0.000556876
0.000614383
0.00073811
0.000974652
0.00138816
0.00202475
0.00269275
0.00291997
0.00268793
0.000585961
0.000623987
0.000642685
0.000614422
0.00057563
0.000548607
0.000525878
0.000500539
0.000473556
0.00044872
0.000436398
0.000438347
0.000478231
0.000584902
0.000814296
0.0012565
0.00200244
0.00292925
0.00331413
0.00284009
0.000558992
0.000577987
0.000587945
0.000564496
0.000530593
0.000503644
0.000478702
0.000450163
0.000418924
0.000388522
0.000367032
0.000360359
0.000385052
0.000472361
0.000683349
0.00113115
0.0019578
0.00313192
0.00374407
0.00295937
0.000496789
0.000522959
0.000534627
0.0005192
0.000490993
0.000466082
0.000441723
0.00041382
0.000382899
0.000352037
0.000326796
0.000314755
0.000329429
0.000398791
0.000586065
0.00102139
0.00190783
0.00329441
0.00421455
0.00305069
0.000437016
0.000469319
0.000484447
0.000478375
0.00045835
0.000435258
0.000412552
0.000386995
0.000358714
0.000329932
0.00030511
0.000292616
0.000302706
0.000357501
0.000519844
0.000926909
0.00183418
0.00341162
0.00469571
0.00310747
0.000380372
0.000419117
0.0004392
0.000442376
0.000431509
0.000411637
0.000390165
0.000366586
0.000341153
0.000315349
0.000292823
0.000282575
0.000291513
0.00033768
0.00047875
0.000851802
0.00174372
0.00346765
0.00516318
0.00313446
0.00032444
0.000371537
0.000396773
0.00041168
0.000408145
0.000396157
0.000375563
0.000352645
0.000328728
0.000305262
0.000285268
0.000278543
0.000287928
0.000329343
0.00045238
0.000788908
0.00164277
0.00348435
0.00555192
0.00314276
0.00026978
0.000323759
0.000354657
0.000381522
0.000390565
0.000384888
0.000369969
0.000347503
0.000323494
0.000300621
0.000281835
0.000277832
0.000287779
0.000326976
0.000438838
0.000740698
0.00153343
0.00343791
0.00574114
0.00313455
0.000223563
0.000277009
0.000314001
0.000350527
0.000373475
0.000375651
0.000367577
0.000349119
0.000325353
0.000302401
0.00028388
0.000281516
0.000292174
0.000331414
0.000437786
0.000721284
0.00147067
0.00336135
0.00579251
0.00311399
0.000179932
0.000231552
0.000274805
0.000318844
0.000355449
0.000372633
0.000369728
0.000357082
0.000335062
0.0003138
0.000299035
0.000301167
0.000318188
0.000368092
0.00048597
0.000770282
0.00146883
0.00332666
0.00547584
0.00309182
0.000159439
0.000191238
0.000255911
0.000319257
0.000365158
0.000391769
0.000398167
0.000394593
0.000384865
0.000377555
0.000381775
0.000402746
0.000452813
0.000554689
0.000725597
0.0010824
0.00178087
0.00352017
0.00493822
0.00303013
0.000179138
0.000202576
0.000310682
0.000406855
0.000488038
0.000551339
0.000597504
0.000637468
0.000679055
0.000736185
0.000819663
0.000943488
0.00112459
0.00139614
0.00174134
0.00237956
0.00309366
0.00447096
0.00465893
0.00294698
0.000271432
0.000310383
0.000639914
0.000949502
0.00121786
0.00146522
0.00169841
0.00195294
0.00222291
0.00255211
0.00294204
0.00342113
0.00401552
0.00473045
0.00552486
0.00658627
0.00656937
0.00603631
0.00480198
0.00277486
0.000214063
0.000349326
0.000641864
0.000931494
0.00119389
0.0014048
0.0015994
0.00174125
0.00189953
0.00199885
0.00215049
0.0022334
0.0023997
0.00249041
0.00267558
0.00276682
0.00288638
0.00292677
0.00286838
0.00255043
)
;

boundaryField
{
    movingWall
    {
        type            epsilonWallFunction;
        value           nonuniform List<scalar> 
20
(
0.000214063
0.000349326
0.000641864
0.000931494
0.00119389
0.0014048
0.0015994
0.00174125
0.00189953
0.00199885
0.00215049
0.0022334
0.0023997
0.00249041
0.00267558
0.00276682
0.00288638
0.00292677
0.00286838
0.00255043
)
;
    }
    fixedWalls
    {
        type            epsilonWallFunction;
        value           nonuniform List<scalar> 
60
(
8.39221e-06
3.57353e-05
0.000122142
0.000271091
0.000424221
0.000533683
0.000593255
0.000585961
0.000558992
0.000496789
0.000437016
0.000380372
0.00032444
0.00026978
0.000223563
0.000179932
0.000159439
0.000179138
0.000271432
0.000214063
0.00051687
0.00119543
0.00168736
0.00202222
0.00228638
0.00250427
0.00268793
0.00284009
0.00295937
0.00305069
0.00310747
0.00313446
0.00314276
0.00313455
0.00311399
0.00309182
0.00303013
0.00294698
0.00277486
0.00255043
8.39221e-06
1.88856e-05
3.15526e-05
0.000112891
0.000378542
0.000680858
0.000847078
0.000989934
0.00110987
0.00121979
0.00132257
0.00142324
0.00152353
0.00159419
0.00162571
0.00162993
0.00151699
0.0011887
0.000731934
0.00051687
)
;
    }
    frontAndBack
    {
        type            empty;
    }
}


// ************************************************************************* //
