/*--------------------------------*- C++ -*----------------------------------*\
  =========                 |
  \\      /  F ield         | OpenFOAM: The Open Source CFD Toolbox
   \\    /   O peration     | Website:  https://openfoam.org
    \\  /    A nd           | Version:  11
     \\/     M anipulation  |
\*---------------------------------------------------------------------------*/
FoamFile
{
    format      ascii;
    class       volScalarField;
    location    "3.5";
    object      k;
}
// * * * * * * * * * * * * * * * * * * * * * * * * * * * * * * * * * * * * * //

dimensions      [0 2 -2 0 0 0 0];

internalField   nonuniform List<scalar> 
400
(
2.61292e-06
5.87743e-06
9.89634e-06
3.57064e-05
0.00011915
0.000213078
0.000264699
0.000309287
0.000346622
0.00038096
0.000413006
0.000444451
0.000475747
0.000497799
0.000507633
0.000508946
0.000473657
0.000371111
0.000228513
0.000161403
1.11302e-05
3.95499e-05
6.17694e-05
0.000144999
0.000305699
0.000415941
0.000487797
0.000565941
0.000626217
0.000694656
0.000754437
0.000819432
0.000875275
0.000928082
0.000969391
0.000988318
0.000990997
0.000878107
0.000601002
0.000373256
3.81288e-05
0.00013692
0.000213409
0.000374441
0.000511015
0.000593008
0.000663222
0.000728583
0.000782439
0.000843086
0.000897108
0.000951099
0.000999478
0.00104669
0.00108765
0.00110702
0.00111105
0.00104024
0.000774821
0.000526872
8.47948e-05
0.000279545
0.000371229
0.000517922
0.000613937
0.000682018
0.000743711
0.00079492
0.000842239
0.000890763
0.00093675
0.000981558
0.00102494
0.00107258
0.00112559
0.00117187
0.0011869
0.00116205
0.000926084
0.000631411
0.000132845
0.000387866
0.000479353
0.000595181
0.000663797
0.000717309
0.000762864
0.000801446
0.000839758
0.000877943
0.00091276
0.000949024
0.000992964
0.00104949
0.00112383
0.0012124
0.00126483
0.00127103
0.00106628
0.000713859
0.000167182
0.000458875
0.000545447
0.000627476
0.000675929
0.000718286
0.000757696
0.000788294
0.000812933
0.000830854
0.000849661
0.000876736
0.000919074
0.000985054
0.00108527
0.00122207
0.00134643
0.00138277
0.00121152
0.000781892
0.000185935
0.000490559
0.000567083
0.000626189
0.000671859
0.000710096
0.000739848
0.000755233
0.000762141
0.000765677
0.000772437
0.00079006
0.000828146
0.000899383
0.00101964
0.001199
0.00140678
0.00149938
0.00135869
0.00083921
0.000183672
0.000487032
0.000562917
0.000617126
0.00065909
0.000690355
0.000708505
0.000713647
0.0007107
0.000703106
0.000699599
0.000707511
0.000739767
0.000811987
0.000944731
0.00115603
0.00143331
0.00160955
0.00151758
0.000886705
0.000175255
0.000473788
0.000549962
0.000597204
0.000634167
0.000661525
0.000674294
0.000674619
0.000665013
0.000649863
0.000638884
0.000638851
0.000665299
0.000736251
0.000875984
0.00111027
0.00144017
0.00170825
0.00167023
0.000923931
0.000155802
0.000447933
0.000524856
0.00056991
0.000603996
0.000628619
0.000640048
0.000638223
0.000626081
0.000607655
0.000591166
0.000586961
0.000608641
0.000677024
0.000818753
0.00106449
0.00143088
0.00179213
0.0018212
0.000952425
0.000137081
0.000411681
0.000494698
0.000540067
0.00057187
0.000594458
0.000605106
0.000602882
0.000591793
0.00057282
0.000555262
0.000551156
0.000569904
0.000634828
0.000775241
0.00102253
0.00140503
0.00184634
0.00196086
0.000970138
0.000119327
0.000369852
0.000462822
0.000510479
0.000541314
0.000561508
0.00057092
0.000568605
0.000559331
0.000542194
0.00052703
0.000526453
0.000545498
0.000608376
0.000744076
0.000985108
0.00137286
0.00187029
0.00208903
0.000978558
0.000101777
0.000325768
0.000429079
0.00048249
0.000515239
0.000534017
0.000541216
0.000538329
0.00052975
0.000515323
0.000505583
0.000508909
0.000531064
0.000592817
0.000720351
0.000946238
0.00132573
0.00187564
0.00218316
0.000981142
8.45738e-05
0.000281034
0.000394334
0.000457358
0.00049522
0.000514818
0.000520691
0.000517614
0.000509641
0.000497623
0.000493374
0.000499564
0.000524136
0.000583169
0.000698175
0.000902711
0.00125958
0.00184794
0.00222522
0.000978575
7.00106e-05
0.000241855
0.000358881
0.0004308
0.000478455
0.000508031
0.000519131
0.000516527
0.000508731
0.000496533
0.000493405
0.00049979
0.000523276
0.000578509
0.000683434
0.000867252
0.00118731
0.00179479
0.00223032
0.000972166
5.62573e-05
0.000204343
0.00032687
0.00041615
0.000478551
0.000513658
0.00052828
0.000526431
0.000519652
0.000508076
0.000505955
0.00051274
0.000535745
0.000587682
0.000683104
0.000856976
0.00115426
0.00174275
0.00210017
0.000965191
4.97213e-05
0.000193278
0.000326213
0.000424254
0.000494634
0.000539089
0.00056133
0.000564405
0.000561549
0.000555964
0.000558708
0.000571918
0.000603857
0.000667085
0.000767492
0.000946129
0.00119999
0.00172594
0.00192029
0.000945902
5.58307e-05
0.000218188
0.000377871
0.000494736
0.000581719
0.000642467
0.000681229
0.000704192
0.000720739
0.000740327
0.000770869
0.000818669
0.000892119
0.00099718
0.00114144
0.00135875
0.00157466
0.00187238
0.0017478
0.00091984
8.46261e-05
0.000310655
0.000562297
0.00074921
0.000893892
0.00101165
0.00110992
0.00120371
0.00129314
0.00139405
0.0015079
0.00164062
0.00180449
0.00198125
0.00219423
0.00241781
0.00238846
0.00217578
0.0016805
0.000865987
6.67257e-05
0.000108926
0.000200232
0.000290688
0.000372607
0.000438396
0.000499068
0.000543233
0.000592526
0.000623404
0.000670634
0.00069646
0.000748287
0.000776612
0.000834418
0.000863008
0.000900364
0.000913119
0.000894936
0.000795778
)
;

boundaryField
{
    movingWall
    {
        type            kqRWallFunction;
        value           nonuniform List<scalar> 
20
(
6.67257e-05
0.000108926
0.000200232
0.000290688
0.000372607
0.000438396
0.000499068
0.000543233
0.000592526
0.000623404
0.000670634
0.00069646
0.000748287
0.000776612
0.000834418
0.000863008
0.000900364
0.000913119
0.000894936
0.000795778
)
;
    }
    fixedWalls
    {
        type            kqRWallFunction;
        value           nonuniform List<scalar> 
60
(
2.61292e-06
1.11302e-05
3.81288e-05
8.47948e-05
0.000132845
0.000167182
0.000185935
0.000183672
0.000175255
0.000155802
0.000137081
0.000119327
0.000101777
8.45738e-05
7.00106e-05
5.62573e-05
4.97213e-05
5.58307e-05
8.46261e-05
6.67257e-05
0.000161403
0.000373256
0.000526872
0.000631411
0.000713859
0.000781892
0.00083921
0.000886705
0.000923931
0.000952425
0.000970138
0.000978558
0.000981142
0.000978575
0.000972166
0.000965191
0.000945902
0.00091984
0.000865987
0.000795778
2.61292e-06
5.87743e-06
9.89634e-06
3.57064e-05
0.00011915
0.000213078
0.000264699
0.000309287
0.000346622
0.00038096
0.000413006
0.000444451
0.000475747
0.000497799
0.000507633
0.000508946
0.000473657
0.000371111
0.000228513
0.000161403
)
;
    }
    frontAndBack
    {
        type            empty;
    }
}


// ************************************************************************* //
