/*--------------------------------*- C++ -*----------------------------------*\
  =========                 |
  \\      /  F ield         | OpenFOAM: The Open Source CFD Toolbox
   \\    /   O peration     | Website:  https://openfoam.org
    \\  /    A nd           | Version:  11
     \\/     M anipulation  |
\*---------------------------------------------------------------------------*/
FoamFile
{
    format      ascii;
    class       volScalarField;
    location    "3.5";
    object      nut;
}
// * * * * * * * * * * * * * * * * * * * * * * * * * * * * * * * * * * * * * //

dimensions      [0 2 -1 0 0 0 0];

internalField   nonuniform List<scalar> 
400
(
7.3218e-08
1.64621e-07
2.79355e-07
1.01642e-06
3.3753e-06
6.00153e-06
7.4443e-06
8.69681e-06
9.7428e-06
1.07081e-05
1.16075e-05
1.24914e-05
1.33704e-05
1.39898e-05
1.42659e-05
1.43027e-05
1.33103e-05
1.04274e-05
6.42086e-06
4.5361e-06
3.12e-07
2.73126e-06
2.71361e-06
5.00101e-06
1.16069e-05
1.83266e-05
2.38479e-05
3.07528e-05
3.65202e-05
4.23021e-05
4.64281e-05
4.99086e-05
5.13785e-05
5.17852e-05
5.05706e-05
4.74539e-05
4.55089e-05
3.55371e-05
1.99265e-05
1.0489e-05
1.07123e-06
8.84669e-06
1.00386e-05
1.81807e-05
2.92531e-05
3.7653e-05
4.61193e-05
5.49169e-05
6.01066e-05
6.49192e-05
6.7679e-05
6.93294e-05
6.95354e-05
6.87807e-05
6.65183e-05
6.14426e-05
5.61514e-05
4.73295e-05
2.73424e-05
1.48062e-05
2.38707e-06
1.74844e-05
1.98408e-05
3.19137e-05
4.31369e-05
5.26934e-05
6.26258e-05
6.97065e-05
7.43982e-05
7.82628e-05
8.06252e-05
8.18906e-05
8.15097e-05
8.0174e-05
7.76592e-05
7.26442e-05
6.41594e-05
5.72138e-05
3.6003e-05
1.77435e-05
3.74405e-06
2.41803e-05
2.92715e-05
4.27796e-05
5.34428e-05
6.35278e-05
7.2161e-05
7.84326e-05
8.34456e-05
8.7644e-05
8.99723e-05
9.08097e-05
9.04448e-05
8.8911e-05
8.62186e-05
8.19622e-05
7.21211e-05
6.39455e-05
4.36671e-05
2.00595e-05
4.71346e-06
2.95319e-05
3.7813e-05
4.95044e-05
6.02447e-05
7.01035e-05
7.90971e-05
8.59952e-05
9.12935e-05
9.43973e-05
9.61543e-05
9.68707e-05
9.6399e-05
9.47229e-05
9.22452e-05
8.90018e-05
8.08646e-05
6.98094e-05
5.07227e-05
2.19713e-05
5.24471e-06
3.36324e-05
4.20579e-05
5.2953e-05
6.48803e-05
7.54195e-05
8.42644e-05
9.04015e-05
9.48273e-05
9.75748e-05
9.97465e-05
0.00010088
0.000100466
9.86304e-05
9.60041e-05
9.3205e-05
8.79681e-05
7.51396e-05
5.68987e-05
2.35812e-05
5.18157e-06
3.42122e-05
4.43745e-05
5.57857e-05
6.79186e-05
7.81854e-05
8.59099e-05
9.15738e-05
9.59941e-05
9.91537e-05
0.000100939
0.000102776
0.00010299
0.000101451
9.86453e-05
9.57235e-05
9.23341e-05
7.95966e-05
6.25427e-05
2.49154e-05
4.94512e-06
3.49536e-05
4.62989e-05
5.68627e-05
6.82164e-05
7.82009e-05
8.54822e-05
9.09893e-05
9.50095e-05
9.78297e-05
0.000100088
0.000101931
0.000103456
0.000103281
0.000101063
9.80802e-05
9.53459e-05
8.38564e-05
6.70577e-05
2.5961e-05
4.39763e-06
3.45303e-05
4.63738e-05
5.63016e-05
6.68706e-05
7.63053e-05
8.34676e-05
8.85882e-05
9.21339e-05
9.43993e-05
9.62466e-05
9.85118e-05
0.000101205
0.000103444
0.000102944
9.98466e-05
9.65849e-05
8.77416e-05
7.08286e-05
2.67612e-05
3.86991e-06
3.2501e-05
4.5465e-05
5.48745e-05
6.42156e-05
7.30697e-05
7.9878e-05
8.45284e-05
8.78687e-05
8.95065e-05
9.09454e-05
9.34317e-05
9.65658e-05
0.000101456
0.00010405
0.000101521
9.68667e-05
8.99298e-05
7.36942e-05
2.72585e-05
3.36905e-06
2.93741e-05
4.38942e-05
5.3016e-05
6.11155e-05
6.8935e-05
7.51872e-05
7.93756e-05
8.25337e-05
8.38997e-05
8.53705e-05
8.82729e-05
9.18692e-05
9.86467e-05
0.00010408
0.000102535
9.72786e-05
9.07875e-05
7.607e-05
2.74949e-05
2.87348e-06
2.57073e-05
4.17613e-05
5.08933e-05
5.85391e-05
6.47866e-05
7.0194e-05
7.39606e-05
7.6833e-05
7.82941e-05
8.06444e-05
8.36816e-05
8.81559e-05
9.60365e-05
0.000103235
0.000102145
9.62888e-05
9.08702e-05
7.72625e-05
2.75674e-05
2.38619e-06
2.19553e-05
3.94604e-05
4.93442e-05
5.65128e-05
6.19748e-05
6.59533e-05
6.93899e-05
7.22612e-05
7.41351e-05
7.77318e-05
8.0843e-05
8.59153e-05
9.36086e-05
9.99693e-05
9.90144e-05
9.31166e-05
8.93968e-05
7.76232e-05
2.74951e-05
1.9732e-06
1.90045e-05
3.69157e-05
4.7651e-05
5.51649e-05
6.18357e-05
6.59855e-05
6.8779e-05
7.15919e-05
7.33764e-05
7.71819e-05
7.98572e-05
8.43456e-05
9.08851e-05
9.60227e-05
9.38485e-05
8.62687e-05
8.62496e-05
7.72879e-05
2.73153e-05
1.58304e-06
1.62298e-05
3.49921e-05
4.88836e-05
5.79858e-05
6.37249e-05
6.79342e-05
6.98487e-05
7.25343e-05
7.40368e-05
7.70449e-05
7.8565e-05
8.1185e-05
8.44444e-05
8.64184e-05
8.58085e-05
8.16355e-05
8.21686e-05
7.24935e-05
2.71178e-05
1.39551e-06
1.75805e-05
3.74245e-05
5.07404e-05
6.03017e-05
6.67626e-05
7.12219e-05
7.26566e-05
7.3741e-05
7.36809e-05
7.35877e-05
7.30935e-05
7.24757e-05
7.2203e-05
7.30625e-05
7.44317e-05
7.27717e-05
7.61606e-05
6.72059e-05
2.6575e-05
1.56603e-06
2.11502e-05
4.13632e-05
5.41439e-05
6.24044e-05
6.73792e-05
6.99016e-05
7.0011e-05
6.88485e-05
6.70044e-05
6.52482e-05
6.39327e-05
6.36935e-05
6.41005e-05
6.73383e-05
6.98276e-05
7.21343e-05
7.05712e-05
5.9012e-05
2.58398e-05
2.3746e-06
2.79835e-05
4.44685e-05
5.32052e-05
5.90493e-05
6.28639e-05
6.52806e-05
6.67726e-05
6.77034e-05
6.85334e-05
6.95563e-05
7.08089e-05
7.2981e-05
7.46823e-05
7.84309e-05
7.98819e-05
7.81543e-05
7.05831e-05
5.29295e-05
2.43234e-05
1.87192e-06
3.05685e-06
5.62166e-06
8.16425e-06
1.04659e-05
1.2313e-05
1.40154e-05
1.5253e-05
1.66345e-05
1.74985e-05
1.88225e-05
1.95465e-05
2.10002e-05
2.17962e-05
2.34203e-05
2.42265e-05
2.5277e-05
2.56395e-05
2.51298e-05
2.23467e-05
)
;

boundaryField
{
    movingWall
    {
        type            nutkWallFunction;
        Cmu             0.09;
        kappa           0.41;
        E               9.8;
        value           uniform 0;
    }
    fixedWalls
    {
        type            nutkWallFunction;
        Cmu             0.09;
        kappa           0.41;
        E               9.8;
        value           uniform 0;
    }
    frontAndBack
    {
        type            empty;
    }
}


// ************************************************************************* //
