/*--------------------------------*- C++ -*----------------------------------*\
  =========                 |
  \\      /  F ield         | OpenFOAM: The Open Source CFD Toolbox
   \\    /   O peration     | Website:  https://openfoam.org
    \\  /    A nd           | Version:  11
     \\/     M anipulation  |
\*---------------------------------------------------------------------------*/
FoamFile
{
    format      ascii;
    class       volScalarField;
    location    "3.5";
    object      p;
}
// * * * * * * * * * * * * * * * * * * * * * * * * * * * * * * * * * * * * * //

dimensions      [0 2 -2 0 0 0 0];

internalField   nonuniform List<scalar> 
400
(
-6.24524e-10
-3.6509e-05
-6.06195e-05
-9.8212e-05
-8.54253e-05
-0.000389509
-0.00109227
-0.0019664
-0.00277442
-0.00335677
-0.00360801
-0.00346257
-0.00291012
-0.00194981
-0.000595086
0.00106286
0.00281538
0.00429794
0.00516268
0.00529201
1.55914e-05
-2.25578e-05
-3.85e-05
-0.000125017
-0.000363731
-0.000855433
-0.00162485
-0.00247177
-0.00323346
-0.00379747
-0.00406179
-0.00397915
-0.00352293
-0.00266388
-0.00141558
0.000163151
0.00189985
0.00348941
0.00456641
0.00495328
9.68271e-05
2.57836e-05
-0.000112617
-0.000384507
-0.000873678
-0.00159165
-0.00244542
-0.00329251
-0.00403371
-0.00458325
-0.00483728
-0.00476533
-0.00436069
-0.00361872
-0.00254052
-0.00115762
0.000439967
0.00205101
0.00335528
0.00397118
0.000106696
-3.45729e-05
-0.000320079
-0.000837396
-0.00158924
-0.00249207
-0.00342661
-0.00429178
-0.005005
-0.00549089
-0.00571047
-0.00565157
-0.00530011
-0.00466711
-0.00375658
-0.00258267
-0.00118718
0.000315693
0.00168378
0.00237428
-7.95213e-05
-0.000297346
-0.0007411
-0.00146008
-0.00239789
-0.00341009
-0.00438195
-0.00523428
-0.00590084
-0.00633768
-0.00652735
-0.00646955
-0.00616674
-0.00563468
-0.0048816
-0.00391404
-0.00274665
-0.00143035
-0.00012421
0.000535061
-0.000497043
-0.000778363
-0.00133492
-0.00217739
-0.00319771
-0.00424952
-0.00521904
-0.00603969
-0.00666016
-0.00705461
-0.00721647
-0.00715476
-0.0068868
-0.00643509
-0.00581385
-0.00502712
-0.00407529
-0.00297923
-0.00187211
-0.00123983
-0.00108147
-0.00139896
-0.00200233
-0.00288067
-0.00390945
-0.00495282
-0.00589462
-0.0066754
-0.00725274
-0.0076091
-0.00774503
-0.00767674
-0.00743075
-0.00703702
-0.00651687
-0.00587581
-0.0051081
-0.00421961
-0.00334032
-0.00276932
-0.00171037
-0.00202456
-0.00262629
-0.00347973
-0.00447442
-0.00548211
-0.00638351
-0.00712259
-0.00766108
-0.00798482
-0.00809819
-0.00802193
-0.00778843
-0.00743392
-0.00698645
-0.0064555
-0.00583469
-0.00512452
-0.00445509
-0.00394502
-0.00226239
-0.00255157
-0.00311556
-0.003914
-0.00485538
-0.00581211
-0.00666813
-0.00736822
-0.00787441
-0.00817277
-0.00826855
-0.00818453
-0.00795723
-0.007628
-0.0072311
-0.0067803
-0.00627197
-0.00569883
-0.00519374
-0.00474364
-0.00268014
-0.00291962
-0.00342864
-0.00415491
-0.00503289
-0.00592873
-0.00673917
-0.00740572
-0.00788735
-0.00816852
-0.00825313
-0.00816386
-0.00794021
-0.00762673
-0.00726528
-0.00687111
-0.00644782
-0.00596247
-0.00558689
-0.00516684
-0.00293012
-0.00312982
-0.00356487
-0.00420693
-0.00499915
-0.00583084
-0.00659764
-0.00723575
-0.00770101
-0.00797323
-0.00805421
-0.00796601
-0.00774897
-0.00745161
-0.00711385
-0.00675696
-0.0063987
-0.00594472
-0.00568382
-0.00523852
-0.0030155
-0.00317842
-0.00353938
-0.00408951
-0.00478287
-0.00554301
-0.00626409
-0.00687683
-0.007332
-0.00760397
-0.00769097
-0.00761291
-0.00740882
-0.0071282
-0.00681029
-0.00647819
-0.00615464
-0.0056849
-0.00556405
-0.00497977
-0.00299244
-0.00311067
-0.0033885
-0.0038381
-0.00443043
-0.00510773
-0.00577748
-0.00636523
-0.00681534
-0.00709563
-0.00719934
-0.00714299
-0.00696068
-0.00670039
-0.0063995
-0.00607881
-0.00576084
-0.0052438
-0.00529059
-0.00441825
-0.00291941
-0.00298063
-0.00316308
-0.00350316
-0.00399178
-0.00458292
-0.00519826
-0.00576157
-0.00621114
-0.00650787
-0.00663815
-0.00661282
-0.00646161
-0.00622381
-0.00593444
-0.0056116
-0.00528076
-0.00470336
-0.00487812
-0.00359083
-0.00283636
-0.00282964
-0.00290494
-0.00313517
-0.0035245
-0.00403557
-0.00459993
-0.00514241
-0.00559651
-0.00591672
-0.00608179
-0.00609386
-0.00597659
-0.00575921
-0.00547241
-0.00512851
-0.00476194
-0.00410359
-0.00430634
-0.00252445
-0.00276275
-0.00266561
-0.00263499
-0.00276664
-0.00307339
-0.00352154
-0.00404699
-0.00457592
-0.00504019
-0.00538846
-0.00559265
-0.00564623
-0.00556207
-0.0053604
-0.00506392
-0.00467254
-0.00422406
-0.00341173
-0.00348523
-0.00107684
-0.00272706
-0.00250608
-0.00236903
-0.00242004
-0.00266582
-0.00307101
-0.0035725
-0.00409736
-0.0045775
-0.00495688
-0.00520103
-0.00529539
-0.00524233
-0.00504898
-0.00472439
-0.0042383
-0.00362054
-0.00250886
-0.00213952
0.00162791
-0.00273738
-0.00232856
-0.00211969
-0.00210383
-0.00231183
-0.00270106
-0.00320034
-0.00373454
-0.0042344
-0.0046431
-0.00492251
-0.00504851
-0.00501206
-0.00479927
-0.00440453
-0.00377022
-0.00286859
-0.00117145
0.000444872
0.00755893
-0.00295902
-0.00226601
-0.00195016
-0.0018693
-0.00205159
-0.00243613
-0.00294611
-0.00350351
-0.00403748
-0.00448285
-0.00480412
-0.00496269
-0.00495461
-0.00473972
-0.00430074
-0.00347634
-0.00208923
0.000766304
0.0052351
0.0177515
-0.00342016
-0.000912652
-0.000546527
-0.000663991
-0.000950591
-0.00140303
-0.0019937
-0.00264612
-0.00327033
-0.00379666
-0.00417092
-0.00436848
-0.00435271
-0.00409998
-0.0035242
-0.00251881
-0.000514878
0.00416839
0.0132573
0.0294879
)
;

boundaryField
{
    movingWall
    {
        type            zeroGradient;
    }
    fixedWalls
    {
        type            zeroGradient;
    }
    frontAndBack
    {
        type            empty;
    }
}


// ************************************************************************* //
