/*--------------------------------*- C++ -*----------------------------------*\
  =========                 |
  \\      /  F ield         | OpenFOAM: The Open Source CFD Toolbox
   \\    /   O peration     | Website:  https://openfoam.org
    \\  /    A nd           | Version:  11
     \\/     M anipulation  |
\*---------------------------------------------------------------------------*/
FoamFile
{
    format      ascii;
    class       surfaceScalarField;
    location    "3.5";
    object      phi;
}
// * * * * * * * * * * * * * * * * * * * * * * * * * * * * * * * * * * * * * //

dimensions      [0 3 -1 0 0 0 0];

internalField   nonuniform List<scalar> 
760
(
9.61316e-08
-9.61315e-08
6.90302e-08
2.71014e-08
-1.2146e-07
1.9049e-07
-6.41852e-07
5.20392e-07
-1.5998e-06
9.57948e-07
-2.75092e-06
1.15112e-06
-3.74468e-06
9.9376e-07
-4.56095e-06
8.16269e-07
-5.18986e-06
6.28911e-07
-5.61062e-06
4.20758e-07
-5.8643e-06
2.53683e-07
-5.93604e-06
7.17334e-08
-5.82261e-06
-1.13429e-07
-5.52538e-06
-2.97224e-07
-5.00698e-06
-5.18404e-07
-4.2463e-06
-7.60679e-07
-3.21756e-06
-1.02874e-06
-1.97263e-06
-1.24492e-06
-7.14227e-07
-1.25841e-06
-7.14227e-07
-6.99804e-08
-2.61511e-08
-4.01574e-07
3.58695e-07
-1.11619e-06
9.05109e-07
-2.18912e-06
1.59332e-06
-3.23404e-06
2.00286e-06
-4.01994e-06
1.93703e-06
-4.71301e-06
1.68683e-06
-5.27758e-06
1.38083e-06
-5.70117e-06
1.05251e-06
-6.0063e-06
7.25885e-07
-6.16343e-06
4.10815e-07
-6.17004e-06
7.8336e-08
-6.04091e-06
-2.42555e-07
-5.75324e-06
-5.84893e-07
-5.30158e-06
-9.7007e-07
-4.65043e-06
-1.41183e-06
-3.77205e-06
-1.90712e-06
-2.62679e-06
-2.39018e-06
-1.26494e-06
-2.62026e-06
-1.97917e-06
-3.88629e-07
3.62478e-07
-1.08544e-06
1.0555e-06
-2.01906e-06
1.83873e-06
-2.92838e-06
2.50264e-06
-3.63924e-06
2.71372e-06
-4.21348e-06
2.51127e-06
-4.69619e-06
2.16954e-06
-5.07495e-06
1.7596e-06
-5.33782e-06
1.31537e-06
-5.49694e-06
8.84999e-07
-5.54487e-06
4.58753e-07
-5.49575e-06
2.92092e-08
-5.35354e-06
-3.84762e-07
-5.10549e-06
-8.32948e-07
-4.73787e-06
-1.33768e-06
-4.22788e-06
-1.92181e-06
-3.54269e-06
-2.59232e-06
-2.62864e-06
-3.30423e-06
-1.43081e-06
-3.81809e-06
-3.40998e-06
-6.22238e-07
9.84716e-07
-1.42499e-06
1.85826e-06
-2.26498e-06
2.67873e-06
-2.95524e-06
3.1929e-06
-3.46147e-06
3.21994e-06
-3.87015e-06
2.91995e-06
-4.1916e-06
2.491e-06
-4.42425e-06
1.99225e-06
-4.57767e-06
1.4688e-06
-4.64805e-06
9.5537e-07
-4.64301e-06
4.53721e-07
-4.57217e-06
-4.16343e-08
-4.42872e-06
-5.28214e-07
-4.2159e-06
-1.04576e-06
-3.92781e-06
-1.62577e-06
-3.54375e-06
-2.30588e-06
-3.02631e-06
-3.10976e-06
-2.31731e-06
-4.01323e-06
-1.32162e-06
-4.81378e-06
-4.7316e-06
-6.89141e-07
1.67386e-06
-1.44024e-06
2.60935e-06
-2.11566e-06
3.35415e-06
-2.6204e-06
3.69765e-06
-2.99827e-06
3.59781e-06
-3.2908e-06
3.21248e-06
-3.50763e-06
2.70784e-06
-3.65464e-06
2.13926e-06
-3.73757e-06
1.55172e-06
-3.75587e-06
9.73674e-07
-3.71535e-06
4.13201e-07
-3.62579e-06
-1.31193e-07
-3.48692e-06
-6.67091e-07
-3.30804e-06
-1.22464e-06
-3.08932e-06
-1.8445e-06
-2.81531e-06
-2.57988e-06
-2.4458e-06
-3.47927e-06
-1.9148e-06
-4.54424e-06
-1.12715e-06
-5.60142e-06
-5.85875e-06
-6.20684e-07
2.29454e-06
-1.24845e-06
3.23712e-06
-1.75724e-06
3.86293e-06
-2.12764e-06
4.06805e-06
-2.40813e-06
3.8783e-06
-2.61996e-06
3.4243e-06
-2.76987e-06
2.85775e-06
-2.86415e-06
2.23354e-06
-2.90638e-06
1.59395e-06
-2.89778e-06
9.6507e-07
-2.84252e-06
3.57944e-07
-2.74824e-06
-2.2547e-07
-2.62232e-06
-7.93011e-07
-2.47625e-06
-1.37071e-06
-2.31643e-06
-2.00432e-06
-2.13581e-06
-2.7605e-06
-1.9036e-06
-3.71148e-06
-1.54807e-06
-4.89976e-06
-9.27623e-07
-6.22187e-06
-6.78637e-06
-4.86646e-07
2.78119e-06
-9.56983e-07
3.70746e-06
-1.31251e-06
4.21846e-06
-1.57347e-06
4.32901e-06
-1.7725e-06
4.07733e-06
-1.92306e-06
3.57486e-06
-2.02766e-06
2.96235e-06
-2.09058e-06
2.29646e-06
-2.11339e-06
1.61676e-06
-2.09655e-06
9.48229e-07
-2.04301e-06
3.04404e-07
-1.95943e-06
-3.09057e-07
-1.85577e-06
-8.96666e-07
-1.74559e-06
-1.48089e-06
-1.6395e-06
-2.11042e-06
-1.53554e-06
-2.86446e-06
-1.40833e-06
-3.83868e-06
-1.19166e-06
-5.11643e-06
-7.73872e-07
-6.63966e-06
-7.56025e-06
-3.18777e-07
3.09996e-06
-6.30196e-07
4.01888e-06
-8.4591e-07
4.43417e-06
-1.00458e-06
4.48767e-06
-1.13101e-06
4.20377e-06
-1.23008e-06
3.67393e-06
-1.30041e-06
3.03268e-06
-1.34356e-06
2.33961e-06
-1.35911e-06
1.63231e-06
-1.34634e-06
9.3546e-07
-1.30686e-06
2.64929e-07
-1.2463e-06
-3.69617e-07
-1.17509e-06
-9.67881e-07
-1.10787e-06
-1.54811e-06
-1.05795e-06
-2.16033e-06
-1.02711e-06
-2.89531e-06
-9.9262e-07
-3.87317e-06
-8.90269e-07
-5.21878e-06
-6.18242e-07
-6.91169e-06
-8.17849e-06
-1.54942e-07
3.25491e-06
-3.00642e-07
4.16458e-06
-3.92256e-07
4.52579e-06
-4.54456e-07
4.54987e-06
-5.08051e-07
4.25736e-06
-5.56e-07
3.72188e-06
-5.94406e-07
3.07109e-06
-6.21453e-07
2.36665e-06
-6.34804e-07
1.64566e-06
-6.32673e-07
9.33329e-07
-6.15509e-07
2.47765e-07
-5.8758e-07
-3.97546e-07
-5.58432e-07
-9.9703e-07
-5.42211e-07
-1.56433e-06
-5.52696e-07
-2.14985e-06
-5.94027e-07
-2.85397e-06
-6.45398e-07
-3.8218e-06
-6.44053e-07
-5.22013e-06
-5.06963e-07
-7.04878e-06
-8.68545e-06
1.73975e-08
3.23751e-06
5.36914e-09
4.17661e-06
2.36935e-08
4.50746e-06
5.97948e-08
4.51377e-06
8.23598e-08
4.2348e-06
8.92984e-08
3.71494e-06
8.59551e-08
3.07443e-06
7.73522e-08
2.37526e-06
6.67101e-08
1.65631e-06
5.66672e-08
9.43372e-07
4.73712e-08
2.57061e-07
3.54701e-08
-3.85645e-07
1.34124e-08
-9.74972e-07
-3.06522e-08
-1.52027e-06
-1.07571e-07
-2.07293e-06
-2.21172e-07
-2.74037e-06
-3.55515e-07
-3.68746e-06
-4.44153e-07
-5.13149e-06
-4.09545e-07
-7.08339e-06
-9.095e-06
1.46458e-07
3.09105e-06
2.69423e-07
4.05364e-06
4.04439e-07
4.37245e-06
5.35709e-07
4.3825e-06
6.35542e-07
4.13496e-06
7.00602e-07
3.64988e-06
7.36659e-07
3.03838e-06
7.49694e-07
2.36222e-06
7.43927e-07
1.66207e-06
7.21437e-07
9.65862e-07
6.8194e-07
2.96558e-07
6.23593e-07
-3.27298e-07
5.42716e-07
-8.94095e-07
4.32957e-07
-1.41051e-06
2.87209e-07
-1.92718e-06
1.01274e-07
-2.55444e-06
-1.06833e-07
-3.47935e-06
-2.80529e-07
-4.95779e-06
-3.41415e-07
-7.0225e-06
-9.43641e-06
2.57106e-07
2.83394e-06
4.78835e-07
3.83191e-06
7.08644e-07
4.14264e-06
9.28263e-07
4.16288e-06
1.11537e-06
3.94786e-06
1.24893e-06
3.51631e-06
1.33424e-06
2.95307e-06
1.37733e-06
2.31913e-06
1.38241e-06
1.65699e-06
1.35128e-06
9.97001e-07
1.28332e-06
3.64517e-07
1.17717e-06
-2.21153e-07
1.03452e-06
-7.51445e-07
8.55828e-07
-1.23181e-06
6.40697e-07
-1.71205e-06
3.87078e-07
-2.30082e-06
1.06939e-07
-3.19921e-06
-1.46845e-07
-4.70401e-06
-2.85706e-07
-6.88364e-06
-9.72212e-06
3.33126e-07
2.50082e-06
6.26102e-07
3.53894e-06
9.27783e-07
3.84096e-06
1.22627e-06
3.8644e-06
1.49446e-06
3.67966e-06
1.70288e-06
3.3079e-06
1.84694e-06
2.80901e-06
1.92896e-06
2.23711e-06
1.95185e-06
1.63411e-06
1.91714e-06
1.03171e-06
1.82562e-06
4.56041e-07
1.67592e-06
-7.1454e-08
1.47712e-06
-5.52644e-07
1.23595e-06
-9.90644e-07
9.58253e-07
-1.43435e-06
6.42261e-07
-1.98483e-06
2.92435e-07
-2.84939e-06
-4.00838e-08
-4.37149e-06
-2.3239e-07
-6.69133e-06
-9.95451e-06
3.62045e-07
2.13877e-06
7.00149e-07
3.20083e-06
1.05263e-06
3.48848e-06
1.41188e-06
3.50515e-06
1.74824e-06
3.3433e-06
2.02773e-06
3.02841e-06
2.23425e-06
2.60249e-06
2.36199e-06
2.10936e-06
2.4104e-06
1.5857e-06
2.3803e-06
1.06181e-06
2.27411e-06
5.6223e-07
2.09865e-06
1.04003e-07
1.85903e-06
-3.13025e-07
1.57205e-06
-7.0366e-07
1.24624e-06
-1.10854e-06
8.81427e-07
-1.62002e-06
4.78638e-07
-2.4466e-06
9.30832e-08
-3.98594e-06
-1.42986e-07
-6.45526e-06
-1.00975e-05
3.32557e-07
1.80622e-06
6.92758e-07
2.84063e-06
1.079e-06
3.10224e-06
1.48246e-06
3.10168e-06
1.87184e-06
2.95393e-06
2.20937e-06
2.69088e-06
2.47149e-06
2.34037e-06
2.64591e-06
1.93494e-06
2.72726e-06
1.50435e-06
2.71523e-06
1.07384e-06
2.61398e-06
6.63478e-07
2.43223e-06
2.8575e-07
2.179e-06
-5.97911e-08
1.87118e-06
-3.95836e-07
1.51792e-06
-7.55287e-07
1.12166e-06
-1.22375e-06
6.84232e-07
-2.00917e-06
2.676e-07
-3.56931e-06
1.0179e-08
-6.19784e-06
-1.00873e-05
2.41116e-07
1.5651e-06
5.98529e-07
2.48322e-06
1.01973e-06
2.68104e-06
1.45802e-06
2.66339e-06
1.8842e-06
2.52775e-06
2.26465e-06
2.31042e-06
2.57225e-06
2.03276e-06
2.79076e-06
1.71644e-06
2.9109e-06
1.38421e-06
2.93236e-06
1.05238e-06
2.85926e-06
7.36575e-07
2.70029e-06
4.44716e-07
2.46609e-06
1.74408e-07
2.16723e-06
-9.69733e-08
1.81021e-06
-3.98269e-07
1.40636e-06
-8.19896e-07
9.56724e-07
-1.55954e-06
5.01396e-07
-3.11398e-06
1.56663e-07
-5.85311e-06
-9.93065e-06
1.02093e-07
1.46301e-06
4.59887e-07
2.12543e-06
8.92205e-07
2.24872e-06
1.35745e-06
2.19815e-06
1.81454e-06
2.07066e-06
2.23027e-06
1.8947e-06
2.57889e-06
1.68414e-06
2.84426e-06
1.45107e-06
3.01778e-06
1.2107e-06
3.09597e-06
9.74191e-07
3.07995e-06
7.52591e-07
2.97858e-06
5.46091e-07
2.80091e-06
3.52073e-07
2.55183e-06
1.52104e-07
2.23112e-06
-7.75592e-08
1.85617e-06
-4.44946e-07
1.40443e-06
-1.1078e-06
8.87705e-07
-2.59725e-06
3.83249e-07
-5.34865e-06
-9.5474e-06
-2.34462e-07
1.69747e-06
1.23836e-07
1.76713e-06
6.46719e-07
1.72583e-06
1.19917e-06
1.6457e-06
1.73372e-06
1.53611e-06
2.22526e-06
1.40316e-06
2.65272e-06
1.25668e-06
3.00073e-06
1.10305e-06
3.25936e-06
9.52069e-07
3.42797e-06
8.05583e-07
3.50977e-06
6.70789e-07
3.51293e-06
5.42931e-07
3.44124e-06
4.23763e-07
3.30096e-06
2.92383e-07
3.09473e-06
1.2867e-07
2.80411e-06
-1.54325e-07
2.35584e-06
-6.59526e-07
1.74278e-06
-1.98419e-06
8.72338e-07
-4.47822e-06
-8.67506e-06
-3.97543e-07
2.09501e-06
1.61901e-07
1.20768e-06
8.62639e-07
1.0251e-06
1.55532e-06
9.53013e-07
2.20714e-06
8.84285e-07
2.80515e-06
8.05152e-07
3.33718e-06
7.24649e-07
3.79679e-06
6.4345e-07
4.17634e-06
5.72518e-07
4.48635e-06
4.95569e-07
4.7191e-06
4.38041e-07
4.89815e-06
3.63887e-07
5.00438e-06
3.17528e-07
5.06449e-06
2.32268e-07
5.02028e-06
1.72884e-07
4.86805e-06
-2.09635e-09
4.53478e-06
-3.26257e-07
3.84123e-06
-1.29064e-06
2.27401e-06
-2.91099e-06
-6.40106e-06
2.09501e-06
3.3027e-06
4.32779e-06
5.28081e-06
6.16509e-06
6.97024e-06
7.69489e-06
8.33834e-06
8.91086e-06
9.40643e-06
9.84447e-06
1.02084e-05
1.05259e-05
1.07582e-05
1.0931e-05
1.09289e-05
1.06027e-05
9.31204e-06
6.40106e-06
)
;

boundaryField
{
    movingWall
    {
        type            calculated;
        value           uniform 0;
    }
    fixedWalls
    {
        type            calculated;
        value           uniform 0;
    }
    frontAndBack
    {
        type            empty;
    }
}


// ************************************************************************* //
