/*--------------------------------*- C++ -*----------------------------------*\
  =========                 |
  \\      /  F ield         | OpenFOAM: The Open Source CFD Toolbox
   \\    /   O peration     | Website:  https://openfoam.org
    \\  /    A nd           | Version:  11
     \\/     M anipulation  |
\*---------------------------------------------------------------------------*/
FoamFile
{
    format      ascii;
    class       volVectorField;
    location    "3.5";
    object      U;
}
// * * * * * * * * * * * * * * * * * * * * * * * * * * * * * * * * * * * * * //

dimensions      [0 1 -1 0 0 0 0];

internalField   nonuniform List<vector> 
400
(
(0.00129043 -0.0013115 0)
(0.0022713 -0.000662593 0)
(0.000673284 -2.98644e-05 0)
(-0.00590431 0.0011204 0)
(-0.0178218 0.00586108 0)
(-0.04456 0.0125684 0)
(-0.0679709 0.0102844 0)
(-0.0850568 0.00831831 0)
(-0.0999953 0.0064455 0)
(-0.109519 0.00423128 0)
(-0.116036 0.0025731 0)
(-0.118776 0.000605318 0)
(-0.118679 -0.00188332 0)
(-0.11392 -0.00409226 0)
(-0.105633 -0.00682086 0)
(-0.0919773 -0.0090684 0)
(-0.0739453 -0.0115451 0)
(-0.0511807 -0.0127333 0)
(-0.026194 -0.0108228 0)
(-0.00510176 -0.00292185 0)
(0.000200202 -0.00281542 0)
(-0.00327394 0.00164897 0)
(-0.0120796 0.00823788 0)
(-0.0315121 0.0209942 0)
(-0.0547901 0.0320879 0)
(-0.0734114 0.0317143 0)
(-0.0894406 0.0276089 0)
(-0.101305 0.02287 0)
(-0.111003 0.0177696 0)
(-0.118116 0.0118983 0)
(-0.12264 0.00692226 0)
(-0.124198 0.00171263 0)
(-0.122903 -0.00352559 0)
(-0.118567 -0.00928419 0)
(-0.110998 -0.0158917 0)
(-0.0995229 -0.023606 0)
(-0.0839056 -0.0318388 0)
(-0.0639037 -0.038673 0)
(-0.0392897 -0.0392685 0)
(-0.0135775 -0.0237877 0)
(-0.00301102 0.00203037 0)
(-0.0127228 0.0135986 0)
(-0.0298473 0.0286655 0)
(-0.0497561 0.0423098 0)
(-0.0669334 0.0479127 0)
(-0.079518 0.044698 0)
(-0.0904081 0.0386281 0)
(-0.0984739 0.0312407 0)
(-0.105192 0.023263 0)
(-0.1091 0.0159715 0)
(-0.111038 0.00852551 0)
(-0.110832 0.000974099 0)
(-0.109028 -0.00673201 0)
(-0.105087 -0.0149239 0)
(-0.0988791 -0.0241335 0)
(-0.089911 -0.0347315 0)
(-0.0776466 -0.0468385 0)
(-0.0616471 -0.0594456 0)
(-0.0405768 -0.067269 0)
(-0.0174902 -0.0558712 0)
(-0.00584543 0.0133164 0)
(-0.0192177 0.0296405 0)
(-0.0366894 0.0459678 0)
(-0.0535779 0.0577729 0)
(-0.0654256 0.0595248 0)
(-0.0741521 0.0544909 0)
(-0.0815239 0.0467808 0)
(-0.0868106 0.0376452 0)
(-0.0907155 0.0280058 0)
(-0.0926977 0.0184547 0)
(-0.093324 0.00910288 0)
(-0.0924778 -8.94301e-05 0)
(-0.0903504 -0.00940278 0)
(-0.086761 -0.0193125 0)
(-0.081767 -0.0304399 0)
(-0.0750377 -0.0434041 0)
(-0.0658853 -0.0584782 0)
(-0.0534584 -0.07491 0)
(-0.0358707 -0.0884484 0)
(-0.0167572 -0.084296 0)
(-0.0069886 0.0266092 0)
(-0.0206932 0.0448963 0)
(-0.0361752 0.0606875 0)
(-0.0487172 0.0691415 0)
(-0.0573338 0.0683079 0)
(-0.0635766 0.0615057 0)
(-0.0686658 0.0521832 0)
(-0.072122 0.0414972 0)
(-0.0743733 0.0303512 0)
(-0.0752565 0.0193512 0)
(-0.0749861 0.00866842 0)
(-0.0736203 -0.00174702 0)
(-0.0713085 -0.0121204 0)
(-0.0681125 -0.0230152 0)
(-0.0641595 -0.0352055 0)
(-0.059308 -0.0496256 0)
(-0.0529527 -0.0670365 0)
(-0.0438154 -0.0871852 0)
(-0.0295923 -0.105879 0)
(-0.0153046 -0.108255 0)
(-0.00643344 0.0393823 0)
(-0.0185936 0.0585059 0)
(-0.0310437 0.0723918 0)
(-0.0398898 0.0777534 0)
(-0.0463584 0.0748945 0)
(-0.0508527 0.0665336 0)
(-0.0544242 0.0558172 0)
(-0.0567202 0.0438529 0)
(-0.0580229 0.0315273 0)
(-0.058281 0.0194025 0)
(-0.0575815 0.00768155 0)
(-0.0560225 -0.00363497 0)
(-0.0537752 -0.0147318 0)
(-0.05103 -0.0261581 0)
(-0.047988 -0.038799 0)
(-0.0446579 -0.0538628 0)
(-0.0406354 -0.0725798 0)
(-0.034675 -0.0954168 0)
(-0.0248185 -0.119872 0)
(-0.0112015 -0.128134 0)
(-0.00520663 0.0507474 0)
(-0.0145966 0.0695593 0)
(-0.0236604 0.0810372 0)
(-0.0295843 0.0841747 0)
(-0.0343099 0.07974 0)
(-0.0374181 0.0701513 0)
(-0.0399103 0.0583186 0)
(-0.0414725 0.0453669 0)
(-0.0422709 0.0321233 0)
(-0.0422691 0.0191028 0)
(-0.0415047 0.00655196 0)
(-0.0400696 -0.00545679 0)
(-0.0381409 -0.0170483 0)
(-0.0359678 -0.0287113 0)
(-0.0338176 -0.041403 0)
(-0.0317885 -0.0565895 0)
(-0.029591 -0.0759504 0)
(-0.0259946 -0.10078 0)
(-0.0201165 -0.129607 0)
(-0.00940602 -0.14467 0)
(-0.00320052 0.0587765 0)
(-0.00982013 0.0776011 0)
(-0.0155632 0.0869204 0)
(-0.0189222 0.0884821 0)
(-0.0220427 0.0830565 0)
(-0.0239643 0.0726652 0)
(-0.025605 0.0600614 0)
(-0.0266543 0.0464115 0)
(-0.0271857 0.032484 0)
(-0.0271601 0.0187753 0)
(-0.0265812 0.00558424 0)
(-0.0255186 -0.00693575 0)
(-0.0241391 -0.0188304 0)
(-0.022712 -0.0305078 0)
(-0.0215452 -0.0429626 0)
(-0.0208035 -0.0579041 0)
(-0.0202713 -0.0774879 0)
(-0.0187446 -0.103835 0)
(-0.0161671 -0.136157 0)
(-0.00698096 -0.158057 0)
(-0.00164242 0.0641707 0)
(-0.00472042 0.0824476 0)
(-0.00745358 0.0900948 0)
(-0.00874737 0.0908088 0)
(-0.0100763 0.0849453 0)
(-0.0108639 0.0742011 0)
(-0.0117033 0.0611923 0)
(-0.0122988 0.0471382 0)
(-0.012653 0.0327824 0)
(-0.0127157 0.0186228 0)
(-0.0124697 0.00500155 0)
(-0.0119611 -0.0078466 0)
(-0.0113307 -0.0198611 0)
(-0.0108347 -0.0313639 0)
(-0.0107748 -0.0433614 0)
(-0.0113497 -0.0577794 0)
(-0.0124465 -0.0772648 0)
(-0.0127338 -0.104771 0)
(-0.0130834 -0.140065 0)
(-0.00563402 -0.169051 0)
(0.000679117 0.065503 0)
(0.000104837 0.0840715 0)
(3.42176e-05 0.0909463 0)
(0.000747472 0.0912379 0)
(0.00129514 0.0853376 0)
(0.0016587 0.0746941 0)
(0.00167565 0.06168 0)
(0.0015828 0.0475513 0)
(0.00142436 0.0330662 0)
(0.00125971 0.018732 0)
(0.00110557 0.00493508 0)
(0.000931108 -0.00801014 0)
(0.000630129 -0.0199435 0)
(4.73907e-06 -0.031095 0)
(-0.00117955 -0.0424834 0)
(-0.0031096 -0.0562053 0)
(-0.00588815 -0.0753869 0)
(-0.00766682 -0.103834 0)
(-0.0107743 -0.141526 0)
(-0.00402889 -0.178006 0)
(0.00191624 0.0640862 0)
(0.00417541 0.0830504 0)
(0.00649159 0.0894613 0)
(0.00932538 0.0895096 0)
(0.0115062 0.0843126 0)
(0.0132952 0.0741166 0)
(0.0143213 0.0614677 0)
(0.0148588 0.0476029 0)
(0.0149871 0.0333106 0)
(0.0147696 0.0191215 0)
(0.0142143 0.00546231 0)
(0.0132875 -0.00728796 0)
(0.011917 -0.0189053 0)
(0.00999441 -0.029552 0)
(0.00743673 -0.0402444 0)
(0.00413763 -0.0531806 0)
(-0.000381777 -0.0719258 0)
(-0.00326634 -0.101161 0)
(-0.00904965 -0.141239 0)
(-0.00284997 -0.18546 0)
(0.00310855 0.0602907 0)
(0.00746995 0.0796489 0)
(0.0117184 0.0858396 0)
(0.0163161 0.086117 0)
(0.0203028 0.0814565 0)
(0.0236216 0.0722393 0)
(0.0258419 0.0603835 0)
(0.0271782 0.0471668 0)
(0.0277254 0.0334297 0)
(0.0275441 0.0197535 0)
(0.0266272 0.0066091 0)
(0.0249357 -0.00559491 0)
(0.0224392 -0.0166167 0)
(0.0191559 -0.0266213 0)
(0.0151989 -0.036594 0)
(0.0105431 -0.0487476 0)
(0.00434051 -0.0669798 0)
(0.000805995 -0.0967782 0)
(-0.00802007 -0.139196 0)
(-0.00123668 -0.19159 0)
(0.0039091 0.0540075 0)
(0.00979166 0.0742864 0)
(0.0154576 0.0803709 0)
(0.0214763 0.0808649 0)
(0.0271487 0.0768924 0)
(0.0319968 0.068879 0)
(0.0355706 0.0582067 0)
(0.037893 0.0460486 0)
(0.0390183 0.0332745 0)
(0.0389891 0.0205189 0)
(0.037799 0.0082969 0)
(0.0354273 -0.00299864 0)
(0.0319043 -0.0131237 0)
(0.0273894 -0.0223464 0)
(0.0221597 -0.0316046 0)
(0.0162866 -0.0429981 0)
(0.00857482 -0.0606308 0)
(0.00480618 -0.090886 0)
(-0.00744256 -0.136027 0)
(0.000803691 -0.196754 0)
(0.00410774 0.0467315 0)
(0.0108819 0.0677895 0)
(0.0175187 0.0736741 0)
(0.0245638 0.0741372 0)
(0.031568 0.0707561 0)
(0.03781 0.0639397 0)
(0.042741 0.0546847 0)
(0.0461662 0.0439687 0)
(0.0480119 0.032603 0)
(0.048284 0.0212247 0)
(0.0469818 0.0103532 0)
(0.044188 0.0003451 0)
(0.0399753 -0.00863983 0)
(0.034591 -0.0169581 0)
(0.0283911 -0.0254734 0)
(0.0215937 -0.0361199 0)
(0.0126327 -0.0530746 0)
(0.00892519 -0.0837246 0)
(-0.00710072 -0.131764 0)
(0.00404612 -0.201052 0)
(0.00332601 0.0393214 0)
(0.0106133 0.0603912 0)
(0.0177266 0.066075 0)
(0.0255072 0.0663269 0)
(0.0335085 0.063293 0)
(0.0408841 0.0575682 0)
(0.0469582 0.0498283 0)
(0.0514231 0.0408353 0)
(0.0540738 0.031246 0)
(0.0548474 0.021637 0)
(0.0537577 0.0124694 0)
(0.0509421 0.0040452 0)
(0.0465228 -0.00362217 0)
(0.0408146 -0.0109168 0)
(0.0341012 -0.0186094 0)
(0.0268069 -0.0284513 0)
(0.0168248 -0.044682 0)
(0.0135944 -0.0759304 0)
(-0.00643325 -0.127105 0)
(0.0086357 -0.204745 0)
(0.00200854 0.0335362 0)
(0.0084305 0.053538 0)
(0.0162282 0.0581745 0)
(0.0246907 0.0578992 0)
(0.033372 0.0550186 0)
(0.0415558 0.0502179 0)
(0.0485321 0.0439477 0)
(0.053892 0.0367383 0)
(0.0573724 0.0291089 0)
(0.058855 0.0214948 0)
(0.058376 0.014227 0)
(0.0560622 0.00751799 0)
(0.0520687 0.00131296 0)
(0.0467072 -0.00480475 0)
(0.0399726 -0.0115211 0)
(0.0326627 -0.0205471 0)
(0.022089 -0.0359906 0)
(0.0198642 -0.0675866 0)
(-0.00498307 -0.122729 0)
(0.0150178 -0.207148 0)
(-0.000865044 0.0294977 0)
(0.0056868 0.045556 0)
(0.0133815 0.0492347 0)
(0.0223738 0.0487118 0)
(0.0316588 0.0461629 0)
(0.0404963 0.0423016 0)
(0.0482411 0.0374972 0)
(0.0544675 0.0320694 0)
(0.0589164 0.0263874 0)
(0.0615422 0.0206942 0)
(0.0621865 0.0153199 0)
(0.0610097 0.0103152 0)
(0.0581578 0.00562099 0)
(0.0539243 0.000808784 0)
(0.0479083 -0.00469649 0)
(0.0415471 -0.0126009 0)
(0.0307824 -0.0269245 0)
(0.0296547 -0.0583323 0)
(-0.00165528 -0.115852 0)
(0.0240606 -0.204694 0)
(-0.00491512 0.0307245 0)
(-0.00289236 0.0408523 0)
(0.00772366 0.0412916 0)
(0.0183953 0.0396395 0)
(0.0292663 0.0369744 0)
(0.0396271 0.0336798 0)
(0.0489144 0.0299994 0)
(0.0567549 0.0261085 0)
(0.0628989 0.0222505 0)
(0.0672043 0.0185331 0)
(0.0697183 0.0150905 0)
(0.0705812 0.0118743 0)
(0.0698037 0.00890344 0)
(0.0677749 0.00574633 0)
(0.0638375 0.00204039 0)
(0.0597288 -0.00431114 0)
(0.0496436 -0.0166821 0)
(0.0484816 -0.0465592 0)
(0.00934442 -0.103695 0)
(0.0396426 -0.186567 0)
(-0.0087074 0.0368803 0)
(-0.00460052 0.0240453 0)
(0.0105315 0.0225147 0)
(0.0241858 0.0218653 0)
(0.037598 0.0206664 0)
(0.0501787 0.0189822 0)
(0.0615137 0.017106 0)
(0.0715009 0.0151346 0)
(0.0799183 0.0131809 0)
(0.0868748 0.0112615 0)
(0.0922655 0.00945765 0)
(0.096451 0.00773249 0)
(0.0991431 0.00604495 0)
(0.100894 0.00415285 0)
(0.10056 0.00174593 0)
(0.0991438 -0.00325222 0)
(0.0912905 -0.0119984 0)
(0.0893158 -0.0362732 0)
(0.0470455 -0.0807104 0)
(0.0723538 -0.143274 0)
(0.0448691 0.0431931 0)
(0.0507628 0.0311383 0)
(0.0735051 0.025 0)
(0.0964841 0.0219471 0)
(0.114851 0.0198407 0)
(0.131522 0.0179302 0)
(0.146301 0.0161498 0)
(0.160299 0.0144206 0)
(0.172253 0.0131449 0)
(0.183356 0.0116094 0)
(0.192456 0.0108685 0)
(0.200644 0.00935109 0)
(0.207241 0.00908508 0)
(0.2124 0.00731801 0)
(0.216629 0.00722767 0)
(0.217869 0.00389825 0)
(0.214253 0.00212888 0)
(0.20393 -0.0065249 0)
(0.158257 -0.0146814 0)
(0.144009 -0.076654 0)
)
;

boundaryField
{
    movingWall
    {
        type            fixedValue;
        value           uniform (1 0 0);
    }
    fixedWalls
    {
        type            noSlip;
    }
    frontAndBack
    {
        type            empty;
    }
}


// ************************************************************************* //
