/*--------------------------------*- C++ -*----------------------------------*\
  =========                 |
  \\      /  F ield         | OpenFOAM: The Open Source CFD Toolbox
   \\    /   O peration     | Website:  https://openfoam.org
    \\  /    A nd           | Version:  11
     \\/     M anipulation  |
\*---------------------------------------------------------------------------*/
FoamFile
{
    format      ascii;
    class       volScalarField;
    location    "5.5";
    object      epsilon;
}
// * * * * * * * * * * * * * * * * * * * * * * * * * * * * * * * * * * * * * //

dimensions      [0 2 -3 0 0 0 0];

internalField   nonuniform List<scalar> 
400
(
1.09609e-05
2.5514e-05
0.000115446
0.00035458
0.000594912
0.000769326
0.000907305
0.00103544
0.00114962
0.00126238
0.00137042
0.00148122
0.00159436
0.00168005
0.00172097
0.00172951
0.00162314
0.00128828
0.000780161
0.000556444
5.12974e-05
0.000126815
0.000377022
0.00071569
0.000839566
0.000898223
0.000923737
0.000973096
0.00102274
0.00110333
0.0012034
0.00133287
0.00148781
0.00167178
0.0018782
0.0020946
0.00220316
0.00222244
0.00180147
0.00121545
0.000196721
0.00045887
0.000732196
0.000823976
0.000851361
0.000871287
0.000881159
0.000921848
0.000985046
0.00106531
0.00115619
0.00125876
0.00137588
0.00152207
0.00170184
0.00191937
0.0021213
0.00220936
0.00207741
0.00162354
0.000445176
0.000743978
0.000816494
0.000813723
0.000813315
0.00080475
0.000813636
0.000853757
0.000896457
0.000942668
0.000992128
0.00105704
0.00115342
0.00129143
0.0014937
0.00177141
0.00207766
0.00221558
0.00221085
0.0018843
0.000662013
0.000866455
0.000814772
0.000770133
0.000730746
0.000714764
0.000712011
0.000720874
0.000725003
0.000732726
0.00075061
0.000793035
0.000875447
0.00101846
0.00125328
0.00160778
0.00207543
0.00236422
0.00240766
0.00208534
0.000828448
0.000894662
0.000784659
0.000691981
0.000644505
0.00061686
0.000594793
0.00057235
0.000544832
0.00052814
0.000522861
0.000543612
0.00061194
0.00074996
0.00100049
0.00141755
0.00203197
0.00255161
0.00268215
0.00224581
0.000873135
0.000870182
0.000719419
0.000617466
0.000566182
0.000527329
0.000487776
0.000444237
0.000399567
0.000367877
0.00035465
0.000357966
0.000408203
0.000525592
0.000762663
0.00120421
0.00193809
0.00274329
0.00300058
0.00237373
0.000861797
0.000812295
0.000649901
0.000553384
0.000500334
0.000454164
0.000404089
0.000350909
0.000301031
0.000264093
0.000246599
0.000243519
0.000275123
0.000364644
0.000567141
0.000992978
0.00178813
0.00289175
0.00338586
0.00247618
0.00082863
0.000735533
0.000587137
0.000500007
0.000448287
0.000399348
0.000345476
0.000290508
0.000241833
0.000205626
0.000186578
0.000181277
0.000199601
0.000262227
0.000423249
0.000809189
0.00163572
0.00295984
0.00377294
0.00254937
0.000758758
0.000669595
0.000535869
0.000458694
0.000409616
0.000360993
0.000307725
0.000255109
0.000210131
0.000177094
0.00015811
0.000152081
0.000163476
0.000206697
0.000328737
0.000662725
0.00148342
0.00298325
0.00418557
0.00260114
0.000683708
0.000609773
0.000493012
0.000424772
0.000379721
0.000334277
0.000284806
0.000236629
0.000195965
0.000166229
0.000148101
0.000142097
0.000149782
0.000181601
0.000276378
0.000557387
0.00133759
0.00298343
0.00456918
0.00262564
0.000620021
0.000572207
0.000464695
0.000402799
0.000360605
0.000318179
0.000272626
0.000229034
0.000193262
0.000166394
0.000148713
0.000142002
0.000147449
0.000173686
0.000253123
0.000494524
0.00121096
0.00294774
0.00491054
0.00263455
0.000550665
0.000533501
0.00044391
0.000383541
0.000344021
0.000305833
0.000266686
0.000229341
0.000196269
0.000171234
0.00015476
0.000148872
0.000153437
0.000175382
0.000246363
0.000465812
0.0011272
0.00291057
0.0051046
0.00263109
0.00048926
0.000515775
0.000444071
0.000383635
0.000343248
0.000306084
0.000268623
0.000233445
0.000203805
0.000181475
0.00016612
0.000161585
0.000166685
0.000188608
0.000255064
0.000459234
0.00108912
0.00288202
0.00517928
0.00261028
0.000416745
0.000486613
0.000445619
0.000389887
0.000349774
0.000312725
0.00027686
0.000243817
0.00021667
0.000196415
0.000182011
0.000180156
0.000186932
0.000212361
0.000283649
0.00048852
0.00108486
0.00287338
0.00511884
0.00259161
0.000350015
0.000469409
0.000454073
0.000412626
0.000372797
0.000334827
0.000298689
0.000266012
0.000239071
0.000219124
0.000206594
0.000207938
0.000219149
0.000254361
0.00034395
0.000581042
0.00118717
0.00294818
0.00481975
0.00250407
0.000269501
0.000410521
0.000454927
0.000447567
0.000423473
0.000386566
0.000348672
0.000314208
0.000286664
0.000267349
0.0002624
0.000269934
0.000295286
0.000359764
0.00050262
0.000844318
0.00152775
0.00322988
0.00432509
0.00239293
0.000192067
0.000378586
0.000504913
0.000554249
0.000553261
0.000532173
0.000493494
0.000459788
0.000438843
0.000441178
0.000460505
0.000509661
0.00060852
0.00078266
0.00109103
0.00179272
0.00261533
0.00394628
0.00406761
0.00221241
0.000235096
0.00040952
0.000724246
0.000887481
0.000967702
0.00100388
0.00103453
0.00107768
0.00116493
0.00130384
0.00151291
0.00181378
0.00221713
0.00284132
0.00358882
0.00469632
0.00518456
0.00488904
0.00407759
0.00196745
0.000173279
0.000277764
0.000514539
0.000742843
0.000929154
0.00106437
0.00115007
0.00121768
0.00126023
0.00131113
0.00134373
0.00140311
0.00144427
0.00152969
0.00158455
0.00169487
0.00178573
0.00188271
0.0018633
0.00166953
)
;

boundaryField
{
    movingWall
    {
        type            epsilonWallFunction;
        value           nonuniform List<scalar> 
20
(
0.000173279
0.000277764
0.000514539
0.000742843
0.000929154
0.00106437
0.00115007
0.00121768
0.00126023
0.00131113
0.00134373
0.00140311
0.00144427
0.00152969
0.00158455
0.00169487
0.00178573
0.00188271
0.0018633
0.00166953
)
;
    }
    fixedWalls
    {
        type            epsilonWallFunction;
        value           nonuniform List<scalar> 
60
(
1.09609e-05
5.12974e-05
0.000196721
0.000445176
0.000662013
0.000828448
0.000873135
0.000861797
0.00082863
0.000758758
0.000683708
0.000620021
0.000550665
0.00048926
0.000416745
0.000350015
0.000269501
0.000192067
0.000235096
0.000173279
0.000556444
0.00121545
0.00162354
0.0018843
0.00208534
0.00224581
0.00237373
0.00247618
0.00254937
0.00260114
0.00262564
0.00263455
0.00263109
0.00261028
0.00259161
0.00250407
0.00239293
0.00221241
0.00196745
0.00166953
1.09609e-05
2.5514e-05
0.000115446
0.00035458
0.000594912
0.000769326
0.000907305
0.00103544
0.00114962
0.00126238
0.00137042
0.00148122
0.00159436
0.00168005
0.00172097
0.00172951
0.00162314
0.00128828
0.000780161
0.000556444
)
;
    }
    frontAndBack
    {
        type            empty;
    }
}


// ************************************************************************* //
