/*--------------------------------*- C++ -*----------------------------------*\
  =========                 |
  \\      /  F ield         | OpenFOAM: The Open Source CFD Toolbox
   \\    /   O peration     | Website:  https://openfoam.org
    \\  /    A nd           | Version:  11
     \\/     M anipulation  |
\*---------------------------------------------------------------------------*/
FoamFile
{
    format      ascii;
    class       volScalarField;
    location    "5.5";
    object      k;
}
// * * * * * * * * * * * * * * * * * * * * * * * * * * * * * * * * * * * * * //

dimensions      [0 2 -2 0 0 0 0];

internalField   nonuniform List<scalar> 
400
(
3.42913e-06
7.98358e-06
3.61695e-05
0.000111052
0.000186217
0.000240739
0.000283871
0.000323927
0.000359615
0.000394865
0.000428632
0.000463266
0.000498623
0.000525379
0.000538156
0.000540813
0.000507517
0.000402822
0.000243971
0.000174021
1.60452e-05
5.72187e-05
0.000133102
0.000274725
0.000360456
0.000444442
0.000500291
0.000566386
0.000625466
0.000688685
0.000750937
0.000814625
0.00087438
0.000934114
0.000989536
0.00101768
0.00102603
0.00093179
0.000620383
0.000379979
6.15286e-05
0.000207602
0.000349589
0.00045886
0.000533532
0.000599124
0.000651067
0.000707663
0.000759725
0.000813252
0.000861598
0.000908884
0.000953642
0.00100399
0.00105543
0.00109376
0.00110641
0.00106309
0.00078117
0.000507437
0.000139186
0.000386904
0.000484559
0.000556225
0.000608777
0.000654742
0.000693639
0.000737017
0.000776681
0.00081494
0.000851036
0.00088595
0.000927418
0.000981306
0.00104901
0.00111996
0.00115341
0.00115561
0.000926894
0.000588879
0.000207061
0.000499484
0.00056045
0.00058907
0.000621251
0.00065335
0.000686129
0.000716672
0.00073722
0.000749712
0.000760048
0.000782907
0.000825778
0.000893583
0.000994682
0.00112468
0.00121746
0.00123963
0.00106059
0.000651666
0.000259089
0.000556077
0.000578539
0.000587985
0.000615351
0.000639593
0.000652852
0.000655256
0.000645916
0.00063843
0.000636814
0.000652184
0.000693121
0.000769968
0.000896258
0.00107772
0.00126385
0.0013358
0.00120429
0.000701777
0.000273051
0.00055481
0.000574087
0.000580298
0.000598148
0.000604235
0.000596751
0.000578991
0.000554826
0.000536946
0.000530009
0.000536819
0.000572729
0.00064858
0.000784273
0.000998658
0.00127889
0.00142706
0.00134379
0.00074172
0.000269502
0.000544031
0.000560988
0.000562729
0.00056871
0.000564602
0.000545115
0.000516328
0.000485525
0.00046302
0.00045361
0.000455535
0.000484285
0.000551382
0.000682287
0.00091223
0.00125547
0.0015078
0.00149245
0.000773705
0.000259123
0.000518722
0.000536802
0.000539103
0.000540924
0.000530696
0.000505271
0.000472324
0.000440256
0.000416572
0.000405764
0.000405302
0.000426741
0.000481879
0.000597513
0.000820602
0.00119436
0.00157177
0.00162433
0.000796548
0.00023726
0.000492905
0.000512868
0.000516619
0.000516982
0.000504125
0.000477384
0.00044457
0.000413946
0.000391009
0.00037889
0.000377288
0.000392785
0.00043737
0.000538048
0.000746814
0.00112872
0.00160484
0.00175657
0.000812695
0.000213787
0.000457859
0.00048638
0.000493949
0.000495459
0.000483925
0.000458738
0.000428273
0.000400151
0.000378802
0.000366343
0.000364672
0.000376515
0.00041334
0.000499387
0.000691503
0.00107059
0.00161817
0.00187129
0.000820329
0.000193863
0.000426927
0.000465911
0.000476003
0.000477486
0.000468422
0.000446477
0.000419218
0.000393921
0.000374417
0.000362514
0.00036139
0.000371327
0.000403834
0.000480684
0.000653788
0.00101954
0.00162139
0.00197083
0.000823103
0.000172169
0.000386684
0.000440899
0.000456432
0.000460773
0.000454835
0.000438029
0.000414267
0.000392332
0.000375012
0.00036405
0.000363903
0.00037282
0.000402662
0.000474756
0.000636062
0.000975374
0.00161531
0.00202156
0.000821989
0.00015296
0.00035974
0.00042598
0.000446447
0.000449482
0.000444578
0.000431412
0.000412435
0.000393631
0.000378226
0.000369315
0.000370601
0.000380855
0.000411049
0.000479906
0.000631812
0.000951085
0.00159853
0.00203947
0.00081549
0.000130283
0.000316198
0.000400223
0.00043235
0.000443561
0.000441146
0.000432182
0.000415124
0.000398459
0.000384997
0.000378879
0.000381668
0.000394274
0.000427186
0.000497471
0.000646512
0.000943666
0.00157696
0.00199423
0.000809607
0.000109407
0.000290242
0.000386975
0.000431203
0.000448895
0.000447584
0.000440431
0.000425475
0.000410377
0.000397904
0.000394487
0.000398968
0.000414765
0.000452849
0.000529298
0.000690341
0.000960725
0.00156648
0.00189365
0.000782257
8.42375e-05
0.000231095
0.000353456
0.000432002
0.000465266
0.000468599
0.00046372
0.000451491
0.000437578
0.000426753
0.000427389
0.000435624
0.000458477
0.000511046
0.000602083
0.00079932
0.00105443
0.00157873
0.0017196
0.000747488
6.00226e-05
0.000218253
0.000368762
0.000464841
0.000520618
0.000533961
0.000532089
0.00052544
0.000518206
0.000519768
0.000531055
0.000559144
0.000611225
0.000706338
0.000840304
0.00112309
0.00138645
0.00168212
0.00154102
0.000691068
7.34582e-05
0.000248034
0.000443184
0.000560999
0.000645643
0.000692646
0.000727602
0.000761636
0.000809808
0.0008697
0.000957269
0.00106851
0.0012178
0.00142055
0.00165142
0.00196392
0.00200745
0.00185449
0.00145001
0.000614486
5.41368e-05
8.67807e-05
0.000160767
0.000232085
0.000290301
0.000332525
0.000359273
0.000380362
0.000393623
0.000409487
0.000419643
0.000438157
0.000450997
0.000477652
0.000494778
0.000529229
0.000557606
0.000587927
0.000581877
0.000521386
)
;

boundaryField
{
    movingWall
    {
        type            kqRWallFunction;
        value           nonuniform List<scalar> 
20
(
5.41368e-05
8.67807e-05
0.000160767
0.000232085
0.000290301
0.000332525
0.000359273
0.000380362
0.000393623
0.000409487
0.000419643
0.000438157
0.000450997
0.000477652
0.000494778
0.000529229
0.000557606
0.000587927
0.000581877
0.000521386
)
;
    }
    fixedWalls
    {
        type            kqRWallFunction;
        value           nonuniform List<scalar> 
60
(
3.42913e-06
1.60452e-05
6.15286e-05
0.000139186
0.000207061
0.000259089
0.000273051
0.000269502
0.000259123
0.00023726
0.000213787
0.000193863
0.000172169
0.00015296
0.000130283
0.000109407
8.42375e-05
6.00226e-05
7.34582e-05
5.41368e-05
0.000174021
0.000379979
0.000507437
0.000588879
0.000651666
0.000701777
0.00074172
0.000773705
0.000796548
0.000812695
0.000820329
0.000823103
0.000821989
0.00081549
0.000809607
0.000782257
0.000747488
0.000691068
0.000614486
0.000521386
3.42913e-06
7.98358e-06
3.61695e-05
0.000111052
0.000186217
0.000240739
0.000283871
0.000323927
0.000359615
0.000394865
0.000428632
0.000463266
0.000498623
0.000525379
0.000538156
0.000540813
0.000507517
0.000402822
0.000243971
0.000174021
)
;
    }
    frontAndBack
    {
        type            empty;
    }
}


// ************************************************************************* //
