/*--------------------------------*- C++ -*----------------------------------*\
  =========                 |
  \\      /  F ield         | OpenFOAM: The Open Source CFD Toolbox
   \\    /   O peration     | Website:  https://openfoam.org
    \\  /    A nd           | Version:  11
     \\/     M anipulation  |
\*---------------------------------------------------------------------------*/
FoamFile
{
    format      ascii;
    class       volScalarField;
    location    "5.5";
    object      nut;
}
// * * * * * * * * * * * * * * * * * * * * * * * * * * * * * * * * * * * * * //

dimensions      [0 2 -1 0 0 0 0];

internalField   nonuniform List<scalar> 
400
(
9.65528e-08
2.24833e-07
1.01988e-06
3.13027e-06
5.24598e-06
6.77991e-06
7.99338e-06
9.12037e-06
1.01243e-05
1.1116e-05
1.20658e-05
1.30401e-05
1.40346e-05
1.47866e-05
1.51455e-05
1.52199e-05
1.4282e-05
1.13359e-05
6.86651e-06
4.89804e-06
4.51685e-07
2.32353e-06
4.22905e-06
9.49107e-06
1.39281e-05
1.97919e-05
2.43859e-05
2.96696e-05
3.44259e-05
3.86883e-05
4.21735e-05
4.48095e-05
4.62482e-05
4.69747e-05
4.69206e-05
4.45e-05
4.30048e-05
3.516e-05
1.92281e-05
1.06911e-05
1.732e-06
8.45307e-06
1.50221e-05
2.29979e-05
3.00919e-05
3.70778e-05
4.32952e-05
4.88918e-05
5.2735e-05
5.58748e-05
5.77861e-05
5.90633e-05
5.94886e-05
5.96025e-05
5.89096e-05
5.60957e-05
5.19366e-05
4.6038e-05
2.64369e-05
1.42739e-05
3.91654e-06
1.81087e-05
2.58812e-05
3.42189e-05
4.1011e-05
4.79426e-05
5.32206e-05
5.72616e-05
6.05617e-05
6.34067e-05
6.57008e-05
6.68298e-05
6.71129e-05
6.71092e-05
6.63035e-05
6.37273e-05
5.76284e-05
5.42471e-05
3.49739e-05
1.65632e-05
5.82869e-06
2.59143e-05
3.4696e-05
4.05518e-05
4.75347e-05
5.37491e-05
5.9507e-05
6.41246e-05
6.74678e-05
6.90382e-05
6.92644e-05
6.95617e-05
7.01035e-05
7.05616e-05
7.10496e-05
7.08063e-05
6.42756e-05
5.84974e-05
4.20476e-05
1.8328e-05
7.29248e-06
3.11067e-05
3.83907e-05
4.49656e-05
5.28765e-05
5.96847e-05
6.44921e-05
6.75154e-05
6.89179e-05
6.94577e-05
6.98042e-05
7.04198e-05
7.06564e-05
7.11458e-05
7.22595e-05
7.37415e-05
7.07486e-05
6.29372e-05
4.86654e-05
1.97364e-05
7.68511e-06
3.18361e-05
4.12303e-05
4.9083e-05
5.68726e-05
6.23123e-05
6.57066e-05
6.79158e-05
6.93371e-05
7.05345e-05
7.12868e-05
7.24529e-05
7.23212e-05
7.20311e-05
7.25847e-05
7.45376e-05
7.59514e-05
6.68124e-05
5.41629e-05
2.08589e-05
7.5851e-06
3.27926e-05
4.35815e-05
5.15009e-05
5.81788e-05
6.31706e-05
6.61823e-05
6.83754e-05
7.04783e-05
7.30607e-05
7.50958e-05
7.66925e-05
7.67216e-05
7.50377e-05
7.38729e-05
7.54244e-05
7.93331e-05
7.07568e-05
5.92074e-05
2.17577e-05
7.29281e-06
3.29238e-05
4.41705e-05
5.2313e-05
5.87434e-05
6.34721e-05
6.65079e-05
6.91138e-05
7.21335e-05
7.5953e-05
7.942e-05
8.15561e-05
8.21124e-05
7.96969e-05
7.59174e-05
7.48959e-05
7.84875e-05
7.51191e-05
6.29379e-05
2.23993e-05
6.67713e-06
3.26556e-05
4.41769e-05
5.23672e-05
5.87242e-05
6.33609e-05
6.66524e-05
6.97261e-05
7.33907e-05
7.76983e-05
8.17164e-05
8.42391e-05
8.49375e-05
8.32927e-05
7.92567e-05
7.57416e-05
7.72944e-05
7.76993e-05
6.6347e-05
2.28525e-05
6.01636e-06
3.09413e-05
4.31854e-05
5.16953e-05
5.81828e-05
6.30509e-05
6.65e-05
6.97615e-05
7.3538e-05
7.7689e-05
8.15571e-05
8.42287e-05
8.51815e-05
8.46716e-05
8.12109e-05
7.721e-05
7.71191e-05
7.899e-05
6.89739e-05
2.30666e-05
5.45537e-06
2.86679e-05
4.20417e-05
5.0626e-05
5.69026e-05
6.20648e-05
6.58073e-05
6.90593e-05
7.22629e-05
7.58255e-05
7.95325e-05
8.27753e-05
8.4162e-05
8.45051e-05
8.21544e-05
7.7791e-05
7.72535e-05
8.02657e-05
7.11885e-05
2.31443e-05
4.8447e-06
2.52243e-05
3.94118e-05
4.88858e-05
5.55433e-05
6.08787e-05
6.47512e-05
6.73476e-05
7.05827e-05
7.39165e-05
7.70737e-05
8.00572e-05
8.15286e-05
8.32031e-05
8.23395e-05
7.81684e-05
7.59602e-05
8.06817e-05
7.20534e-05
2.3112e-05
4.30387e-06
2.25818e-05
3.67764e-05
4.6759e-05
5.29735e-05
5.81162e-05
6.23568e-05
6.55797e-05
6.84234e-05
7.09462e-05
7.38949e-05
7.64989e-05
7.83188e-05
8.06247e-05
8.12654e-05
7.82321e-05
7.4749e-05
7.9797e-05
7.22784e-05
2.29294e-05
3.66559e-06
1.84917e-05
3.23507e-05
4.31493e-05
5.06246e-05
5.60073e-05
6.07177e-05
6.36113e-05
6.59496e-05
6.79179e-05
7.09817e-05
7.27724e-05
7.48438e-05
7.73393e-05
7.85232e-05
7.70041e-05
7.38761e-05
7.78912e-05
6.99232e-05
2.27626e-05
3.07786e-06
1.61514e-05
2.96813e-05
4.05555e-05
4.86474e-05
5.38482e-05
5.84492e-05
6.12478e-05
6.33988e-05
6.50295e-05
6.77938e-05
6.88946e-05
7.06492e-05
7.25602e-05
7.33074e-05
7.38181e-05
6.99726e-05
7.49097e-05
6.69604e-05
2.19935e-05
2.3697e-06
1.17081e-05
2.47156e-05
3.75281e-05
4.60065e-05
5.11237e-05
5.55055e-05
5.8388e-05
6.01146e-05
6.1308e-05
6.26506e-05
6.32716e-05
6.4067e-05
6.53348e-05
6.49107e-05
6.81049e-05
6.54976e-05
6.94502e-05
6.15321e-05
2.10146e-05
1.68819e-06
1.1324e-05
2.42393e-05
3.5087e-05
4.40911e-05
4.82178e-05
5.16332e-05
5.40419e-05
5.50731e-05
5.51122e-05
5.51173e-05
5.52089e-05
5.52548e-05
5.73713e-05
5.82477e-05
6.33223e-05
6.61496e-05
6.45311e-05
5.25437e-05
1.94276e-05
2.06575e-06
1.35204e-05
2.44076e-05
3.19159e-05
3.87691e-05
4.30115e-05
4.60563e-05
4.8445e-05
5.06647e-05
5.22104e-05
5.45126e-05
5.66523e-05
6.02009e-05
6.39197e-05
6.83918e-05
7.39149e-05
6.99552e-05
6.33092e-05
4.64066e-05
1.72728e-05
1.52224e-06
2.44013e-06
4.52083e-06
6.52592e-06
8.16302e-06
9.3497e-06
1.01011e-05
1.06931e-05
1.1065e-05
1.151e-05
1.17948e-05
1.23143e-05
1.26748e-05
1.34234e-05
1.39046e-05
1.48728e-05
1.56705e-05
1.65237e-05
1.63539e-05
1.46544e-05
)
;

boundaryField
{
    movingWall
    {
        type            nutkWallFunction;
        Cmu             0.09;
        kappa           0.41;
        E               9.8;
        value           uniform 0;
    }
    fixedWalls
    {
        type            nutkWallFunction;
        Cmu             0.09;
        kappa           0.41;
        E               9.8;
        value           uniform 0;
    }
    frontAndBack
    {
        type            empty;
    }
}


// ************************************************************************* //
