/*--------------------------------*- C++ -*----------------------------------*\
  =========                 |
  \\      /  F ield         | OpenFOAM: The Open Source CFD Toolbox
   \\    /   O peration     | Website:  https://openfoam.org
    \\  /    A nd           | Version:  11
     \\/     M anipulation  |
\*---------------------------------------------------------------------------*/
FoamFile
{
    format      ascii;
    class       volScalarField;
    location    "5.5";
    object      p;
}
// * * * * * * * * * * * * * * * * * * * * * * * * * * * * * * * * * * * * * //

dimensions      [0 2 -2 0 0 0 0];

internalField   nonuniform List<scalar> 
400
(
-2.49326e-08
-6.591e-05
-0.000151128
-0.000158354
-0.000537782
-0.00147433
-0.00274772
-0.00405143
-0.00515378
-0.00591422
-0.00624052
-0.00604387
-0.00529292
-0.00396747
-0.00206278
0.000314528
0.00289892
0.00517338
0.00656563
0.0068458
2.30885e-05
-3.10213e-05
-0.000128416
-0.000453534
-0.00113047
-0.002198
-0.00346197
-0.00470428
-0.00575353
-0.00649507
-0.00683444
-0.00671396
-0.00609805
-0.00492405
-0.00319278
-0.0009603
0.00156062
0.00394319
0.00562752
0.00629626
0.000213508
-6.27155e-06
-0.000395293
-0.00107426
-0.00208842
-0.00332169
-0.00460639
-0.00580341
-0.00681149
-0.0075143
-0.00783328
-0.00773574
-0.00720336
-0.00621313
-0.00474557
-0.00282234
-0.000556386
0.00178524
0.00375219
0.00474074
0.000165425
-0.000226399
-0.000956615
-0.00201489
-0.00330935
-0.00467443
-0.00598149
-0.00712441
-0.00801787
-0.00861127
-0.00888312
-0.00881399
-0.00837755
-0.00756259
-0.00635479
-0.00475822
-0.00282386
-0.000699211
0.00128272
0.00233781
-0.000322171
-0.000864402
-0.00185171
-0.00316279
-0.00459922
-0.00600023
-0.00726072
-0.00830467
-0.00908992
-0.00959942
-0.00982906
-0.00977311
-0.00942165
-0.00876765
-0.00779991
-0.00651458
-0.00493075
-0.00311891
-0.0013044
-0.000311178
-0.0012477
-0.00187513
-0.00298239
-0.00436467
-0.00581176
-0.00716601
-0.00833791
-0.00927778
-0.0099697
-0.0104109
-0.0106056
-0.0105582
-0.0102721
-0.00974771
-0.00897941
-0.00796041
-0.00669482
-0.00521987
-0.00374533
-0.00280618
-0.0024029
-0.00305057
-0.00415047
-0.00548291
-0.00685983
-0.00812189
-0.00919168
-0.0100348
-0.010647
-0.011033
-0.0112019
-0.0111635
-0.0109272
-0.0105004
-0.00988457
-0.00907499
-0.00807234
-0.00689876
-0.00576231
-0.00492918
-0.00353002
-0.00414605
-0.00517173
-0.00641212
-0.0076886
-0.00884709
-0.00982045
-0.0105819
-0.0111314
-0.011477
-0.0116296
-0.0116003
-0.0114008
-0.0110432
-0.0105361
-0.00988011
-0.00907838
-0.00814903
-0.00729781
-0.00656416
-0.00443736
-0.00501024
-0.00593883
-0.00708644
-0.00826474
-0.00933195
-0.0102284
-0.0109299
-0.0114366
-0.0117564
-0.0119001
-0.011878
-0.0117022
-0.0113876
-0.0109495
-0.0103968
-0.00974133
-0.00898334
-0.00834014
-0.0076993
-0.00504989
-0.00555163
-0.00639722
-0.00747385
-0.00857278
-0.00957442
-0.0104212
-0.0110874
-0.0115709
-0.0118781
-0.012018
-0.0119999
-0.0118351
-0.0115402
-0.011136
-0.0106405
-0.0100888
-0.009423
-0.00894556
-0.0083369
-0.00532889
-0.00576472
-0.00654535
-0.00756582
-0.00861091
-0.00957682
-0.0104024
-0.011058
-0.0115371
-0.0118433
-0.0119837
-0.0119659
-0.011801
-0.0115061
-0.0111062
-0.0106247
-0.0101437
-0.00947812
-0.00916244
-0.00849315
-0.00526798
-0.00566337
-0.00639487
-0.00737036
-0.00838972
-0.00934613
-0.0101758
-0.0108431
-0.0113354
-0.011652
-0.0117971
-0.0117771
-0.0116022
-0.0112904
-0.0108705
-0.0103793
-0.00989603
-0.00918605
-0.00905319
-0.00816536
-0.00493475
-0.00530537
-0.0059944
-0.00691719
-0.00792596
-0.00889211
-0.00974669
-0.0104458
-0.0109681
-0.0113068
-0.0114624
-0.011439
-0.0112464
-0.0109036
-0.0104434
-0.00990757
-0.00937341
-0.00860921
-0.00861752
-0.00736999
-0.00442625
-0.00475697
-0.00538752
-0.0062472
-0.00723843
-0.00822541
-0.00912288
-0.00987313
-0.0104428
-0.0108167
-0.0109906
-0.0109658
-0.0107509
-0.0103659
-0.00984732
-0.00923626
-0.00862099
-0.007797
-0.00782196
-0.00615346
-0.00386823
-0.00412164
-0.00464076
-0.00540911
-0.00636472
-0.00737456
-0.00832796
-0.009146
-0.00977973
-0.0102032
-0.010406
-0.0103864
-0.0101491
-0.00971465
-0.00912301
-0.0084104
-0.00768128
-0.00673981
-0.00665698
-0.0045574
-0.00337821
-0.00346711
-0.00379942
-0.0044366
-0.00534253
-0.00637605
-0.00739597
-0.00829721
-0.0090123
-0.00950173
-0.00974716
-0.00974143
-0.00949544
-0.00901299
-0.0083377
-0.00749195
-0.00659175
-0.00543245
-0.00509425
-0.00237935
-0.0030565
-0.00287581
-0.00293855
-0.00340781
-0.00425282
-0.00530927
-0.0064021
-0.00739803
-0.00820908
-0.0087811
-0.0090879
-0.00911631
-0.00887252
-0.00834745
-0.0075776
-0.00655129
-0.00537103
-0.00381709
-0.00286636
0.00122336
-0.00289311
-0.00231678
-0.00208345
-0.00238229
-0.00316869
-0.00424894
-0.00541796
-0.00651832
-0.00744009
-0.00811267
-0.00849887
-0.00857458
-0.00833862
-0.00777701
-0.0069118
-0.00565207
-0.00405387
-0.0017434
0.000665033
0.0080946
-0.00288153
-0.00183108
-0.00138661
-0.00155972
-0.00229877
-0.00340193
-0.00464162
-0.00583879
-0.00686229
-0.00763286
-0.00810146
-0.00824719
-0.00804912
-0.00748244
-0.00648053
-0.00495284
-0.00278174
0.00100274
0.00663158
0.0194864
-0.00351175
-0.000603358
-5.7931e-05
-0.000419364
-0.0012251
-0.00237733
-0.00370526
-0.00500653
-0.00613186
-0.00698484
-0.00751476
-0.00768731
-0.00748008
-0.00685889
-0.0057763
-0.00404372
-0.000883715
0.00532785
0.0165287
0.0340505
)
;

boundaryField
{
    movingWall
    {
        type            zeroGradient;
    }
    fixedWalls
    {
        type            zeroGradient;
    }
    frontAndBack
    {
        type            empty;
    }
}


// ************************************************************************* //
