/*--------------------------------*- C++ -*----------------------------------*\
  =========                 |
  \\      /  F ield         | OpenFOAM: The Open Source CFD Toolbox
   \\    /   O peration     | Website:  https://openfoam.org
    \\  /    A nd           | Version:  11
     \\/     M anipulation  |
\*---------------------------------------------------------------------------*/
FoamFile
{
    format      ascii;
    class       surfaceScalarField;
    location    "5.5";
    object      phi;
}
// * * * * * * * * * * * * * * * * * * * * * * * * * * * * * * * * * * * * * //

dimensions      [0 3 -1 0 0 0 0];

internalField   nonuniform List<scalar> 
760
(
1.86587e-07
-1.86584e-07
7.04076e-08
1.16179e-07
-4.52705e-07
5.23113e-07
-1.48733e-06
1.03462e-06
-2.79767e-06
1.31034e-06
-4.00672e-06
1.20905e-06
-5.04631e-06
1.0396e-06
-5.88283e-06
8.36519e-07
-6.51236e-06
6.29533e-07
-6.94244e-06
4.30078e-07
-7.18873e-06
2.46291e-07
-7.24982e-06
6.10876e-08
-7.10858e-06
-1.41246e-07
-6.76664e-06
-3.41937e-07
-6.16672e-06
-5.99918e-07
-5.27703e-06
-8.89692e-07
-4.05398e-06
-1.22305e-06
-2.53863e-06
-1.51534e-06
-9.5223e-07
-1.5864e-06
-9.5223e-07
-2.01362e-07
1.47774e-08
-9.17976e-07
8.32793e-07
-2.09516e-06
1.70029e-06
-3.34181e-06
2.28127e-06
-4.32624e-06
2.29477e-06
-5.20865e-06
2.09147e-06
-5.9414e-06
1.77234e-06
-6.52516e-06
1.42028e-06
-6.96942e-06
1.07379e-06
-7.27666e-06
7.37315e-07
-7.42955e-06
3.99189e-07
-7.41438e-06
4.59127e-08
-7.25774e-06
-2.97883e-07
-6.92085e-06
-6.78825e-07
-6.39283e-06
-1.12794e-06
-5.63041e-06
-1.65211e-06
-4.59466e-06
-2.2588e-06
-3.23222e-06
-2.87778e-06
-1.58088e-06
-3.23775e-06
-2.53311e-06
-7.59975e-07
7.74753e-07
-1.87424e-06
1.94706e-06
-2.98374e-06
2.8098e-06
-3.8784e-06
3.17593e-06
-4.62485e-06
3.04122e-06
-5.24578e-06
2.7124e-06
-5.74362e-06
2.27018e-06
-6.1146e-06
1.79126e-06
-6.35912e-06
1.31831e-06
-6.48466e-06
8.62856e-07
-6.50854e-06
4.23068e-07
-6.43923e-06
-2.33928e-08
-6.27267e-06
-4.6444e-07
-5.9881e-06
-9.63401e-07
-5.56854e-06
-1.5475e-06
-4.98057e-06
-2.24009e-06
-4.18624e-06
-3.05312e-06
-3.12453e-06
-3.93949e-06
-1.72502e-06
-4.63726e-06
-4.25813e-06
-1.02388e-06
1.79863e-06
-2.1163e-06
3.03948e-06
-3.03264e-06
3.72614e-06
-3.71539e-06
3.85868e-06
-4.25303e-06
3.57886e-06
-4.66277e-06
3.12214e-06
-4.95675e-06
2.56416e-06
-5.15437e-06
1.98887e-06
-5.27017e-06
1.43411e-06
-5.31555e-06
9.08243e-07
-5.29534e-06
4.02855e-07
-5.21763e-06
-1.01102e-07
-5.06283e-06
-6.19239e-07
-4.8315e-06
-1.19474e-06
-4.51224e-06
-1.86676e-06
-4.07787e-06
-2.67446e-06
-3.48891e-06
-3.64208e-06
-2.68254e-06
-4.74587e-06
-1.53853e-06
-5.78127e-06
-5.79666e-06
-1.01467e-06
2.81331e-06
-1.95579e-06
3.9806e-06
-2.67973e-06
4.45008e-06
-3.20401e-06
4.38296e-06
-3.58815e-06
3.96299e-06
-3.85319e-06
3.38718e-06
-4.02719e-06
2.73817e-06
-4.13258e-06
2.09426e-06
-4.18077e-06
1.48231e-06
-4.17917e-06
9.06644e-07
-4.13173e-06
3.55416e-07
-4.04239e-06
-1.90444e-07
-3.90561e-06
-7.56022e-07
-3.72248e-06
-1.37787e-06
-3.48761e-06
-2.10163e-06
-3.18216e-06
-2.9799e-06
-2.76558e-06
-4.05867e-06
-2.16851e-06
-5.34293e-06
-1.28803e-06
-6.66176e-06
-7.08468e-06
-8.57968e-07
3.67128e-06
-1.61146e-06
4.73409e-06
-2.16705e-06
5.00566e-06
-2.56396e-06
4.77987e-06
-2.83769e-06
4.23673e-06
-3.01332e-06
3.56281e-06
-3.12e-06
2.84484e-06
-3.17562e-06
2.14988e-06
-3.19017e-06
1.49686e-06
-3.16881e-06
8.85284e-07
-3.11454e-06
3.0114e-07
-3.02903e-06
-2.75947e-07
-2.91286e-06
-8.72199e-07
-2.76863e-06
-1.5221e-06
-2.59678e-06
-2.27348e-06
-2.38904e-06
-3.18764e-06
-2.12013e-06
-4.32758e-06
-1.71917e-06
-5.74389e-06
-1.03981e-06
-7.34112e-06
-8.12449e-06
-6.59725e-07
4.331e-06
-1.21052e-06
5.28489e-06
-1.61978e-06
5.41493e-06
-1.90588e-06
5.06597e-06
-2.09773e-06
4.42857e-06
-2.21685e-06
3.68192e-06
-2.28632e-06
2.91432e-06
-2.31925e-06
2.1828e-06
-2.32359e-06
1.5012e-06
-2.30291e-06
8.64597e-07
-2.25816e-06
2.56394e-07
-2.1891e-06
-3.45002e-07
-2.09683e-06
-9.64472e-07
-1.98592e-06
-1.63301e-06
-1.86246e-06
-2.39693e-06
-1.7257e-06
-3.3244e-06
-1.55822e-06
-4.49506e-06
-1.30063e-06
-6.00148e-06
-8.54406e-07
-7.78734e-06
-8.9789e-06
-4.31708e-07
4.76271e-06
-8.09133e-07
5.66231e-06
-1.08648e-06
5.69227e-06
-1.27796e-06
5.25745e-06
-1.40611e-06
4.55673e-06
-1.48651e-06
3.76231e-06
-1.53516e-06
2.96297e-06
-1.5605e-06
2.20815e-06
-1.5676e-06
1.5083e-06
-1.5579e-06
8.54893e-07
-1.53047e-06
2.28974e-07
-1.48397e-06
-3.91505e-07
-1.41896e-06
-1.02949e-06
-1.34068e-06
-1.71129e-06
-1.25984e-06
-2.47777e-06
-1.18409e-06
-3.40015e-06
-1.10139e-06
-4.57776e-06
-9.57847e-07
-6.14503e-06
-6.64781e-07
-8.0804e-06
-9.64368e-06
-2.29975e-07
4.99269e-06
-4.35856e-07
5.86819e-06
-5.87733e-07
5.84414e-06
-6.9513e-07
5.36485e-06
-7.6882e-07
4.63042e-06
-8.18361e-07
3.81185e-06
-8.52687e-07
2.99729e-06
-8.75568e-07
2.23103e-06
-8.88906e-07
1.52164e-06
-8.92273e-07
8.58259e-07
-8.83955e-07
2.20656e-07
-8.62357e-07
-4.13103e-07
-8.28009e-07
-1.06384e-06
-7.86064e-07
-1.75323e-06
-7.48629e-07
-2.51521e-06
-7.29175e-07
-3.41961e-06
-7.22138e-07
-4.58479e-06
-6.78725e-07
-6.18844e-06
-5.34218e-07
-8.22491e-06
-1.01779e-05
-2.26102e-08
5.0153e-06
-9.08429e-08
5.93642e-06
-1.31078e-07
5.88438e-06
-1.58726e-07
5.3925e-06
-1.78528e-07
4.65022e-06
-1.96991e-07
3.83032e-06
-2.16097e-07
3.0164e-06
-2.35152e-07
2.25009e-06
-2.52864e-07
1.53935e-06
-2.67594e-07
8.72989e-07
-2.77737e-07
2.30799e-07
-2.8228e-07
-4.0856e-07
-2.82057e-07
-1.06406e-06
-2.82139e-07
-1.75315e-06
-2.94435e-07
-2.50291e-06
-3.31992e-07
-3.38205e-06
-4.04033e-07
-4.51275e-06
-4.51181e-07
-6.14129e-06
-4.11886e-07
-8.26421e-06
-1.05898e-05
1.59563e-07
4.85573e-06
2.42763e-07
5.85322e-06
3.16974e-07
5.81017e-06
3.57977e-07
5.3515e-06
3.8588e-07
4.62232e-06
3.98417e-07
3.81778e-06
3.97471e-07
3.01735e-06
3.86448e-07
2.26111e-06
3.68254e-07
1.55754e-06
3.4484e-07
8.96403e-07
3.17074e-07
2.58565e-07
2.85014e-07
-3.765e-07
2.47454e-07
-1.0265e-06
2.00096e-07
-1.70579e-06
1.31979e-07
-2.43479e-06
2.12089e-08
-3.27128e-06
-1.13841e-07
-4.3777e-06
-2.59524e-07
-5.99561e-06
-3.29533e-07
-8.1942e-06
-1.09193e-05
3.28768e-07
4.52697e-06
5.46291e-07
5.6357e-06
7.23001e-07
5.63346e-06
8.44491e-07
5.23001e-06
9.28543e-07
4.53827e-06
9.80277e-07
3.76605e-06
1.00517e-06
2.99245e-06
1.00874e-06
2.25754e-06
9.9503e-07
1.57126e-06
9.66008e-07
9.25425e-07
9.21635e-07
3.02937e-07
8.60912e-07
-3.15777e-07
7.81819e-07
-9.47405e-07
6.80762e-07
-1.60473e-06
5.49397e-07
-2.30343e-06
3.76866e-07
-3.09875e-06
1.53008e-07
-4.15385e-06
-9.58269e-08
-5.74678e-06
-2.44564e-07
-8.04546e-06
-1.11639e-05
4.89621e-07
4.03735e-06
8.36997e-07
5.28832e-06
1.10684e-06
5.36361e-06
1.31085e-06
5.02599e-06
1.4581e-06
4.39102e-06
1.55806e-06
3.66609e-06
1.61794e-06
2.93258e-06
1.64417e-06
2.23131e-06
1.64119e-06
1.57423e-06
1.61078e-06
9.55834e-07
1.55188e-06
3.61836e-07
1.46222e-06
-2.26115e-07
1.33905e-06
-8.24234e-07
1.17939e-06
-1.44508e-06
9.78891e-07
-2.10293e-06
7.27822e-07
-2.84768e-06
4.08727e-07
-3.83475e-06
6.12681e-08
-5.39932e-06
-1.5228e-07
-7.83191e-06
-1.13162e-05
6.14941e-07
3.4224e-06
1.07456e-06
4.82871e-06
1.43861e-06
4.99956e-06
1.73966e-06
4.72494e-06
1.96665e-06
4.16403e-06
2.13049e-06
3.50226e-06
2.23884e-06
2.82423e-06
2.29853e-06
2.17161e-06
2.3144e-06
1.55837e-06
2.28821e-06
9.82026e-07
2.21824e-06
4.31808e-07
2.10031e-06
-1.08191e-07
1.93217e-06
-6.56096e-07
1.71053e-06
-1.22344e-06
1.43424e-06
-1.82663e-06
1.09846e-06
-2.51191e-06
6.89755e-07
-3.42604e-06
2.76e-07
-4.98556e-06
4.68592e-09
-7.5606e-06
-1.13115e-05
7.07873e-07
2.71453e-06
1.26872e-06
4.26786e-06
1.73162e-06
4.53666e-06
2.13262e-06
4.32394e-06
2.45216e-06
3.84448e-06
2.6939e-06
3.26052e-06
2.86398e-06
2.65414e-06
2.96893e-06
2.06666e-06
3.01324e-06
1.51405e-06
2.99861e-06
9.96654e-07
2.92331e-06
5.07115e-07
2.78049e-06
3.46208e-08
2.56932e-06
-4.44919e-07
2.28602e-06
-9.4014e-07
1.93092e-06
-1.47153e-06
1.50774e-06
-2.08873e-06
1.00736e-06
-2.92566e-06
5.09213e-07
-4.48742e-06
1.34661e-07
-7.18605e-06
-1.11768e-05
6.86976e-07
2.02755e-06
1.3227e-06
3.63214e-06
1.90554e-06
3.95382e-06
2.42925e-06
3.80023e-06
2.86708e-06
3.40665e-06
3.21195e-06
2.91565e-06
3.46599e-06
2.4001e-06
3.63452e-06
1.89813e-06
3.72161e-06
1.42697e-06
3.72917e-06
9.89089e-07
3.65578e-06
5.80504e-07
3.50149e-06
1.88909e-07
3.2541e-06
-1.97521e-07
2.91826e-06
-6.04305e-07
2.49092e-06
-1.04419e-06
1.9849e-06
-1.58272e-06
1.39433e-06
-2.33508e-06
8.02982e-07
-3.89607e-06
3.1543e-07
-6.69849e-06
-1.08614e-05
5.84144e-07
1.44341e-06
1.28997e-06
2.92631e-06
2.00036e-06
3.24343e-06
2.65406e-06
3.14653e-06
3.21724e-06
2.84346e-06
3.67655e-06
2.45635e-06
4.02682e-06
2.04983e-06
4.27019e-06
1.65477e-06
4.41124e-06
1.28592e-06
4.45338e-06
9.46948e-07
4.39855e-06
6.35327e-07
4.24822e-06
3.39246e-07
3.99135e-06
5.93438e-08
3.63612e-06
-2.49069e-07
3.16835e-06
-5.76419e-07
2.60447e-06
-1.01884e-06
1.94661e-06
-1.67722e-06
1.25374e-06
-3.2032e-06
5.85253e-07
-6.03001e-06
-1.02761e-05
1.16179e-07
1.32723e-06
9.03106e-07
2.13939e-06
1.78596e-06
2.36058e-06
2.62273e-06
2.30977e-06
3.35276e-06
2.11343e-06
3.95743e-06
1.85169e-06
4.43463e-06
1.57262e-06
4.78517e-06
1.30423e-06
5.01691e-06
1.05418e-06
5.13596e-06
8.27899e-07
5.14817e-06
6.23113e-07
5.05667e-06
4.30744e-07
4.86447e-06
2.51544e-07
4.58211e-06
3.32945e-08
4.16132e-06
-1.55629e-07
3.62698e-06
-4.84498e-07
2.94708e-06
-9.97313e-07
2.16076e-06
-2.41688e-06
1.11667e-06
-4.98592e-06
-9.15946e-06
-5.60716e-07
1.88795e-06
3.60974e-07
1.2177e-06
1.52116e-06
1.20039e-06
2.60772e-06
1.22321e-06
3.554e-06
1.16716e-06
4.3541e-06
1.05158e-06
5.01252e-06
9.14204e-07
5.52843e-06
7.88318e-07
5.9173e-06
6.65305e-07
6.18426e-06
5.60937e-07
6.35137e-06
4.56009e-07
6.41397e-06
3.68139e-07
6.39273e-06
2.72789e-07
6.24477e-06
1.81256e-07
6.013e-06
7.61386e-08
5.66248e-06
-1.3398e-07
5.11926e-06
-4.54098e-07
4.28317e-06
-1.58078e-06
2.53906e-06
-3.24181e-06
-6.6204e-06
1.88795e-06
3.10564e-06
4.30603e-06
5.52924e-06
6.6964e-06
7.74798e-06
8.66218e-06
9.4505e-06
1.01158e-05
1.06767e-05
1.11327e-05
1.15009e-05
1.17737e-05
1.19549e-05
1.20311e-05
1.18971e-05
1.1443e-05
9.86221e-06
6.6204e-06
)
;

boundaryField
{
    movingWall
    {
        type            calculated;
        value           uniform 0;
    }
    fixedWalls
    {
        type            calculated;
        value           uniform 0;
    }
    frontAndBack
    {
        type            empty;
    }
}


// ************************************************************************* //
