/*--------------------------------*- C++ -*----------------------------------*\
  =========                 |
  \\      /  F ield         | OpenFOAM: The Open Source CFD Toolbox
   \\    /   O peration     | Website:  https://openfoam.org
    \\  /    A nd           | Version:  11
     \\/     M anipulation  |
\*---------------------------------------------------------------------------*/
FoamFile
{
    format      ascii;
    class       volVectorField;
    location    "5.5";
    object      U;
}
// * * * * * * * * * * * * * * * * * * * * * * * * * * * * * * * * * * * * * //

dimensions      [0 1 -1 0 0 0 0];

internalField   nonuniform List<vector> 
400
(
(0.00200042 -0.00262484 0)
(0.0050949 -0.00110805 0)
(-0.00263603 0.00135178 0)
(-0.0135932 0.00613261 0)
(-0.0438979 0.0134068 0)
(-0.0706935 0.0120196 0)
(-0.0933681 0.0104902 0)
(-0.111874 0.00825058 0)
(-0.125923 0.00637046 0)
(-0.136281 0.00427226 0)
(-0.142622 0.00242265 0)
(-0.145387 0.000620048 0)
(-0.145072 -0.00218227 0)
(-0.139366 -0.00442533 0)
(-0.129653 -0.00757437 0)
(-0.113613 -0.0104194 0)
(-0.0921476 -0.0135528 0)
(-0.0646681 -0.0154024 0)
(-0.0342225 -0.0137164 0)
(-0.00756168 -0.00366794 0)
(-0.000499716 -0.00552663 0)
(-0.00773156 0.00604158 0)
(-0.0274079 0.021217 0)
(-0.0547491 0.0358762 0)
(-0.078027 0.0369749 0)
(-0.0975341 0.0339672 0)
(-0.113566 0.0290514 0)
(-0.126145 0.0237042 0)
(-0.136081 0.0177562 0)
(-0.143668 0.012036 0)
(-0.148041 0.00664247 0)
(-0.149568 0.00124193 0)
(-0.147689 -0.00458127 0)
(-0.142622 -0.0111048 0)
(-0.133648 -0.0189643 0)
(-0.120079 -0.0281489 0)
(-0.1015 -0.0384369 0)
(-0.0777571 -0.047603 0)
(-0.0484624 -0.0498276 0)
(-0.0174683 -0.0317686 0)
(-0.00621373 0.00645629 0)
(-0.0248846 0.0290208 0)
(-0.0485685 0.0469222 0)
(-0.0700195 0.0552658 0)
(-0.0865763 0.0535459 0)
(-0.100265 0.0479957 0)
(-0.111044 0.0401369 0)
(-0.119648 0.0315509 0)
(-0.125882 0.0235016 0)
(-0.12914 0.015783 0)
(-0.130542 0.00799292 0)
(-0.129951 0.000109926 0)
(-0.127854 -0.0082484 0)
(-0.123239 -0.0173991 0)
(-0.116097 -0.0281084 0)
(-0.105679 -0.0407609 0)
(-0.0913804 -0.0555998 0)
(-0.072677 -0.0715886 0)
(-0.0480058 -0.0829694 0)
(-0.0206495 -0.0715834 0)
(-0.00996565 0.0260928 0)
(-0.0317522 0.0507967 0)
(-0.0531036 0.0661268 0)
(-0.0692953 0.0704223 0)
(-0.080986 0.0662364 0)
(-0.0903844 0.0584131 0)
(-0.0971051 0.0484073 0)
(-0.101909 0.0379473 0)
(-0.104712 0.0276275 0)
(-0.106278 0.0176824 0)
(-0.106508 0.00817446 0)
(-0.105534 -0.00130093 0)
(-0.103259 -0.0112519 0)
(-0.0993788 -0.022297 0)
(-0.0938576 -0.0351723 0)
(-0.0862315 -0.0505428 0)
(-0.0757345 -0.0687468 0)
(-0.0614179 -0.0889858 0)
(-0.041272 -0.106782 0)
(-0.0188879 -0.104335 0)
(-0.0106075 0.0458761 0)
(-0.0310414 0.0700518 0)
(-0.0484532 0.0817066 0)
(-0.0605317 0.0823373 0)
(-0.06908 0.0755432 0)
(-0.0753846 0.0653253 0)
(-0.0793986 0.0533017 0)
(-0.0820434 0.0410902 0)
(-0.0834039 0.029313 0)
(-0.0838605 0.0181916 0)
(-0.083354 0.00756148 0)
(-0.0820003 -0.00296554 0)
(-0.0797547 -0.0139108 0)
(-0.0765605 -0.0260282 0)
(-0.0723745 -0.0401944 0)
(-0.0669907 -0.0573621 0)
(-0.0597718 -0.0782976 0)
(-0.0492845 -0.102852 0)
(-0.0334169 -0.126818 0)
(-0.0167909 -0.131761 0)
(-0.00901116 0.0640733 0)
(-0.0265637 0.0868688 0)
(-0.0395346 0.0942921 0)
(-0.0488353 0.0916174 0)
(-0.0550201 0.0821632 0)
(-0.059231 0.0697261 0)
(-0.0617097 0.0560509 0)
(-0.0632223 0.042616 0)
(-0.0638288 0.0299073 0)
(-0.0637485 0.0179825 0)
(-0.0629734 0.006579 0)
(-0.0615844 -0.00469068 0)
(-0.0595789 -0.0163365 0)
(-0.0569819 -0.0290973 0)
(-0.0538188 -0.0439284 0)
(-0.0500264 -0.0619788 0)
(-0.0452693 -0.0843754 0)
(-0.03818 -0.111711 0)
(-0.0278217 -0.141826 0)
(-0.0116216 -0.154076 0)
(-0.00735063 0.0795881 0)
(-0.0203492 0.0999791 0)
(-0.0296027 0.104139 0)
(-0.0365823 0.0985565 0)
(-0.0408461 0.0868111 0)
(-0.0436727 0.0726115 0)
(-0.0452783 0.057734 0)
(-0.0462136 0.0434321 0)
(-0.0465237 0.0300445 0)
(-0.0463526 0.0175186 0)
(-0.0456935 0.00555198 0)
(-0.0445629 -0.00626592 0)
(-0.04295 -0.0184447 0)
(-0.0409157 -0.0316513 0)
(-0.0385603 -0.0468519 0)
(-0.0359372 -0.0653597 0)
(-0.0329367 -0.088601 0)
(-0.0281609 -0.118082 0)
(-0.0223528 -0.152303 0)
(-0.00946707 -0.172378 0)
(-0.00473081 0.0909637 0)
(-0.0136736 0.109738 0)
(-0.0199297 0.111366 0)
(-0.0247215 0.103452 0)
(-0.0274496 0.0900374 0)
(-0.0293011 0.074586 0)
(-0.0303722 0.0588747 0)
(-0.0310386 0.0439671 0)
(-0.031324 0.030109 0)
(-0.0313008 0.0171667 0)
(-0.0309356 0.00478551 0)
(-0.0302006 -0.00746413 0)
(-0.0290757 -0.0200616 0)
(-0.0276249 -0.0335802 0)
(-0.0260018 -0.0489069 0)
(-0.0243735 -0.0674599 0)
(-0.0228653 -0.0909913 0)
(-0.0200796 -0.121866 0)
(-0.0179381 -0.159283 0)
(-0.00631827 -0.186956 0)
(-0.00279491 0.0981485 0)
(-0.00730173 0.115648 0)
(-0.0109397 0.11574 0)
(-0.0136038 0.106535 0)
(-0.0150494 0.0920942 0)
(-0.0161215 0.0758894 0)
(-0.0167985 0.0596885 0)
(-0.0173122 0.0444244 0)
(-0.017653 0.0302869 0)
(-0.0178293 0.0170795 0)
(-0.0177894 0.00440663 0)
(-0.0174886 -0.00817165 0)
(-0.0169088 -0.0210886 0)
(-0.0161131 -0.0348207 0)
(-0.0152733 -0.050122 0)
(-0.0145949 -0.0684368 0)
(-0.014568 -0.0919226 0)
(-0.0132803 -0.123765 0)
(-0.0145028 -0.163475 0)
(-0.00469207 -0.198766 0)
(0.000264299 0.100953 0)
(-0.00142247 0.118981 0)
(-0.0026063 0.118002 0)
(-0.0032661 0.107974 0)
(-0.00355453 0.0931044 0)
(-0.00387904 0.076603 0)
(-0.00415981 0.060233 0)
(-0.00450327 0.0448457 0)
(-0.00486063 0.0305976 0)
(-0.00519436 0.0172597 0)
(-0.00544949 0.00442121 0)
(-0.00558928 -0.00835267 0)
(-0.00560475 -0.0214557 0)
(-0.00555751 -0.0352733 0)
(-0.00562263 -0.0504104 0)
(-0.00595639 -0.0682522 0)
(-0.00763417 -0.09131 0)
(-0.00742759 -0.123695 0)
(-0.0118225 -0.165139 0)
(-0.00253197 -0.20812 0)
(0.00210949 0.0995858 0)
(0.0038401 0.118661 0)
(0.00531998 0.117506 0)
(0.00646755 0.107803 0)
(0.00729421 0.0929942 0)
(0.00776813 0.0766649 0)
(0.00796614 0.0604497 0)
(0.00788199 0.0451662 0)
(0.00759855 0.030976 0)
(0.00717795 0.0176566 0)
(0.00666701 0.00480942 0)
(0.00608372 -0.00798548 0)
(0.00541794 -0.0210927 0)
(0.00461702 -0.0348208 0)
(0.00351322 -0.0496363 0)
(0.00207803 -0.066819 0)
(-0.00148006 -0.0892763 0)
(-0.00211738 -0.121699 0)
(-0.0098601 -0.164942 0)
(-0.00101116 -0.215527 0)
(0.00383858 0.0955497 0)
(0.0088219 0.116212 0)
(0.0123781 0.115372 0)
(0.0154406 0.106527 0)
(0.0176294 0.092043 0)
(0.0190526 0.0761245 0)
(0.0198923 0.0602841 0)
(0.0202149 0.0452993 0)
(0.020126 0.031341 0)
(0.0197028 0.0182164 0)
(0.0189789 0.00555633 0)
(0.0179552 -0.00704113 0)
(0.0165947 -0.0199202 0)
(0.014854 -0.0333431 0)
(0.0125958 -0.0476578 0)
(0.0098106 -0.0640119 0)
(0.00436327 -0.0856412 0)
(0.00312261 -0.117694 0)
(-0.00843119 -0.162822 0)
(0.00126463 -0.221012 0)
(0.00564705 0.0872199 0)
(0.0133835 0.110089 0)
(0.0193472 0.110382 0)
(0.0238874 0.10304 0)
(0.0276317 0.0896539 0)
(0.0301619 0.0746053 0)
(0.0318219 0.0594757 0)
(0.0327273 0.045055 0)
(0.0329834 0.0315627 0)
(0.0326647 0.0188617 0)
(0.031793 0.00663161 0)
(0.0303495 -0.00550385 0)
(0.0282636 -0.0178677 0)
(0.0255072 -0.0307185 0)
(0.0219285 -0.044333 0)
(0.0176847 -0.0597557 0)
(0.0103474 -0.0801991 0)
(0.00834437 -0.111829 0)
(-0.00738896 -0.159272 0)
(0.00392208 -0.224853 0)
(0.00707491 0.07644 0)
(0.0170919 0.102928 0)
(0.0251581 0.104889 0)
(0.0315359 0.0984578 0)
(0.0369993 0.0863242 0)
(0.0409859 0.072277 0)
(0.0437762 0.0580151 0)
(0.0455127 0.0443581 0)
(0.046307 0.0315565 0)
(0.0462313 0.0195211 0)
(0.0453043 0.00799197 0)
(0.0434835 -0.00338375 0)
(0.0406667 -0.0148928 0)
(0.0368614 -0.0268463 0)
(0.0318266 -0.0395186 0)
(0.0260823 -0.0538465 0)
(0.0167704 -0.0728945 0)
(0.0137951 -0.104216 0)
(-0.00615575 -0.154084 0)
(0.00795191 -0.22714 0)
(0.00820393 0.0624488 0)
(0.0203373 0.0912982 0)
(0.0301599 0.0956516 0)
(0.0384575 0.0908893 0)
(0.0457334 0.0805893 0)
(0.0514506 0.0681291 0)
(0.0556691 0.0552314 0)
(0.0584978 0.0427618 0)
(0.0600496 0.0310263 0)
(0.0603916 0.0200085 0)
(0.0595363 0.00952188 0)
(0.057434 -0.000761416 0)
(0.053925 -0.011023 0)
(0.0491244 -0.0216978 0)
(0.0425636 -0.0331177 0)
(0.0353322 -0.0462156 0)
(0.023851 -0.0638843 0)
(0.0199091 -0.0952509 0)
(-0.00433738 -0.148576 0)
(0.0129367 -0.228211 0)
(0.00769437 0.0478369 0)
(0.0210185 0.080777 0)
(0.0326165 0.0867753 0)
(0.0431595 0.0828872 0)
(0.0527752 0.0739361 0)
(0.0607403 0.0629656 0)
(0.0668769 0.0515322 0)
(0.0712119 0.0404436 0)
(0.0738446 0.0300294 0)
(0.074866 0.0203204 0)
(0.0742392 0.0111915 0)
(0.0720679 0.00235357 0)
(0.0680239 -0.0063295 0)
(0.0624548 -0.0153859 0)
(0.0544382 -0.025198 0)
(0.0459721 -0.0368648 0)
(0.0321649 -0.0530147 0)
(0.0275573 -0.0846668 0)
(-0.00167697 -0.140899 0)
(0.0197005 -0.227688 0)
(0.00560324 0.0330199 0)
(0.0198125 0.0638825 0)
(0.0332874 0.0717699 0)
(0.0462913 0.0697923 0)
(0.0583967 0.0630294 0)
(0.0688211 0.0543134 0)
(0.0771236 0.0450576 0)
(0.0832101 0.0360246 0)
(0.0871395 0.027567 0)
(0.0890812 0.0197385 0)
(0.0889349 0.012474 0)
(0.0870509 0.00551871 0)
(0.0828039 -0.00127765 0)
(0.077132 -0.0084136 0)
(0.0682163 -0.0161128 0)
(0.0592728 -0.0260067 0)
(0.0434515 -0.0401373 0)
(0.0386007 -0.0722238 0)
(0.00323128 -0.131424 0)
(0.0289195 -0.221735 0)
(-0.00438426 0.0246278 0)
(0.0104469 0.0539879 0)
(0.0270784 0.0597141 0)
(0.0438011 0.0579279 0)
(0.0594314 0.0524325 0)
(0.0729616 0.0455258 0)
(0.0839834 0.0383663 0)
(0.0924372 0.0314102 0)
(0.0983411 0.0249128 0)
(0.101991 0.019009 0)
(0.103219 0.013659 0)
(0.102685 0.0086872 0)
(0.0994427 0.00402324 0)
(0.0953299 -0.00084855 0)
(0.0872084 -0.00618056 0)
(0.0797004 -0.0138058 0)
(0.0629913 -0.0260255 0)
(0.0582151 -0.0572934 0)
(0.0159435 -0.116604 0)
(0.0445637 -0.200843 0)
(-0.0139349 0.0313799 0)
(-0.00456625 0.0267419 0)
(0.0190352 0.0300707 0)
(0.0412944 0.0311146 0)
(0.061404 0.0294057 0)
(0.078922 0.0261069 0)
(0.0937094 0.0223312 0)
(0.10561 0.0187491 0)
(0.114781 0.0154164 0)
(0.121433 0.0123708 0)
(0.125723 0.00963032 0)
(0.12812 0.00697508 0)
(0.128203 0.00465785 0)
(0.126949 0.00157893 0)
(0.12211 -0.00113023 0)
(0.117575 -0.00704281 0)
(0.103812 -0.0163892 0)
(0.0995565 -0.0433858 0)
(0.0550525 -0.0906598 0)
(0.0764996 -0.153709 0)
(0.0409207 0.0386694 0)
(0.0468563 0.0278912 0)
(0.070388 0.0239228 0)
(0.0978116 0.0229726 0)
(0.121967 0.0219518 0)
(0.143587 0.0202752 0)
(0.163553 0.0181072 0)
(0.180667 0.0162048 0)
(0.195731 0.0141871 0)
(0.207947 0.0127246 0)
(0.218431 0.0109686 0)
(0.226391 0.00991751 0)
(0.232935 0.00821585 0)
(0.237065 0.00739336 0)
(0.239873 0.00528053 0)
(0.238696 0.00311406 0)
(0.231826 0.00214811 0)
(0.218164 -0.00871357 0)
(0.169301 -0.0130845 0)
(0.145524 -0.0662407 0)
)
;

boundaryField
{
    movingWall
    {
        type            fixedValue;
        value           uniform (1 0 0);
    }
    fixedWalls
    {
        type            noSlip;
    }
    frontAndBack
    {
        type            empty;
    }
}


// ************************************************************************* //
