/*--------------------------------*- C++ -*----------------------------------*\
  =========                 |
  \\      /  F ield         | OpenFOAM: The Open Source CFD Toolbox
   \\    /   O peration     | Website:  https://openfoam.org
    \\  /    A nd           | Version:  11
     \\/     M anipulation  |
\*---------------------------------------------------------------------------*/
FoamFile
{
    format      ascii;
    class       volScalarField;
    location    "5";
    object      epsilon;
}
// * * * * * * * * * * * * * * * * * * * * * * * * * * * * * * * * * * * * * //

dimensions      [0 2 -3 0 0 0 0];

internalField   nonuniform List<scalar> 
400
(
9.32717e-06
2.33082e-05
9.90113e-05
0.000303606
0.000521589
0.000685205
0.000815624
0.000935501
0.00104414
0.00114978
0.00125266
0.00135682
0.00146451
0.00155158
0.00159386
0.00160467
0.00151185
0.00119521
0.000719031
0.000511863
4.58399e-05
0.000111821
0.00031832
0.000622263
0.000750059
0.000813254
0.000842861
0.000888996
0.000937869
0.00101153
0.00110513
0.0012256
0.00137178
0.00154597
0.0017436
0.00195246
0.0020627
0.00208571
0.00169382
0.00115078
0.000178301
0.00040465
0.000648515
0.000738412
0.000771481
0.000793473
0.000809226
0.000848013
0.000908567
0.000985403
0.00107438
0.00117571
0.00129113
0.00143483
0.00161223
0.00182595
0.00202387
0.00210792
0.00199262
0.00157018
0.00042229
0.000669581
0.000733726
0.000735076
0.000742141
0.00074047
0.00075526
0.000794238
0.000840509
0.000891603
0.000944725
0.00101184
0.00110732
0.00124292
0.00143868
0.00170739
0.00200649
0.00214254
0.00214112
0.00184176
0.000628427
0.000783531
0.000741577
0.000704376
0.000676886
0.000666941
0.000668991
0.000685266
0.000697829
0.00071268
0.000737423
0.000784012
0.0008673
0.0010077
0.00123533
0.00157756
0.00202557
0.00230766
0.00235019
0.00205283
0.000785959
0.000819463
0.000718908
0.00064141
0.000602897
0.000582132
0.000568301
0.000555912
0.000539894
0.000532191
0.000531518
0.000559596
0.000629169
0.000766172
0.00101226
0.00142049
0.00201839
0.00251128
0.00263198
0.00222314
0.000837105
0.000799586
0.00066636
0.000577479
0.000534135
0.00050331
0.000473814
0.000441376
0.000407578
0.000383796
0.000374305
0.000383593
0.000435778
0.000553807
0.000789629
0.0012263
0.00194763
0.00271896
0.00295778
0.00236117
0.000828258
0.000750746
0.000606207
0.000520982
0.000475421
0.000437657
0.000397948
0.000355181
0.000314104
0.000283437
0.00026956
0.000268595
0.000302745
0.000394191
0.000599092
0.00102618
0.00181745
0.00289097
0.00335055
0.00247351
0.000799318
0.000684841
0.000551355
0.000473472
0.000428387
0.000387518
0.000343405
0.000297633
0.000255971
0.000224045
0.000207148
0.000202817
0.00022248
0.000287709
0.000452565
0.000843102
0.00166846
0.00297439
0.00374542
0.00255671
0.000737653
0.000627007
0.000505963
0.000436146
0.000392779
0.000351583
0.000307154
0.000262555
0.000223281
0.0001934
0.000175884
0.000170447
0.000182634
0.000227841
0.000354128
0.000695388
0.0015224
0.00300727
0.00416738
0.00262069
0.000666398
0.000575248
0.000467874
0.000405743
0.000365347
0.000326242
0.000284378
0.00024315
0.000207452
0.000180499
0.000163705
0.000158227
0.00016667
0.000200296
0.000298764
0.000586841
0.00137696
0.0030118
0.00456483
0.00265411
0.000606768
0.000542325
0.00044265
0.000385582
0.000347248
0.000310218
0.000271394
0.000234037
0.000202604
0.000178599
0.000162689
0.000157026
0.000163311
0.000191349
0.000274182
0.00052248
0.00124859
0.00298258
0.00492586
0.00266916
0.000539953
0.000510733
0.000423833
0.000369141
0.00033271
0.000298878
0.000264989
0.000232844
0.000204327
0.000182119
0.000167378
0.000162933
0.000168394
0.000192285
0.000266945
0.000493364
0.0011642
0.00294822
0.00514295
0.00267214
0.000481911
0.00049549
0.000425093
0.000369812
0.000333037
0.000299501
0.000266775
0.000236258
0.000210205
0.000190518
0.000177134
0.000174536
0.000180747
0.000205059
0.00027578
0.00048692
0.00112607
0.00291972
0.00522808
0.00266056
0.00041015
0.000469285
0.000428276
0.0003769
0.000340372
0.000306917
0.000275166
0.000246211
0.000222181
0.000204174
0.000191728
0.000191813
0.000200003
0.000228507
0.000305166
0.000518192
0.00112265
0.00291172
0.00519292
0.00264711
0.000346708
0.000452914
0.000438674
0.000400646
0.00036428
0.000330097
0.000297734
0.000268656
0.000244774
0.000226735
0.000216591
0.000218977
0.000232399
0.000271761
0.000368333
0.000615706
0.00122913
0.00298692
0.00489291
0.00257166
0.0002618
0.000392944
0.000440358
0.000435502
0.000415893
0.000383552
0.000349763
0.000318916
0.000294794
0.000277601
0.000275894
0.000285229
0.00031442
0.000385364
0.000538227
0.000896593
0.0015806
0.00327856
0.00441203
0.00246783
0.00018954
0.000370088
0.000493752
0.000545033
0.000550263
0.000534536
0.000502974
0.000475031
0.000462512
0.000468151
0.000493347
0.000551667
0.000659326
0.000849453
0.00116794
0.00188679
0.00270125
0.00403371
0.00415649
0.00229734
0.000242762
0.000410891
0.000728626
0.000900221
0.000991738
0.00104179
0.00108923
0.00114791
0.0012556
0.00140995
0.00163736
0.00195298
0.00237832
0.00301625
0.00378291
0.00491247
0.00535232
0.00503808
0.00418695
0.00205708
0.000179889
0.000290075
0.000535243
0.000775987
0.000969228
0.00111381
0.00121136
0.001288
0.00134101
0.00139985
0.00143991
0.00150664
0.00155238
0.00164319
0.00170672
0.00181947
0.00191326
0.00200349
0.00197934
0.0017681
)
;

boundaryField
{
    movingWall
    {
        type            epsilonWallFunction;
        value           nonuniform List<scalar> 
20
(
0.000179889
0.000290075
0.000535243
0.000775987
0.000969228
0.00111381
0.00121136
0.001288
0.00134101
0.00139985
0.00143991
0.00150664
0.00155238
0.00164319
0.00170672
0.00181947
0.00191326
0.00200349
0.00197934
0.0017681
)
;
    }
    fixedWalls
    {
        type            epsilonWallFunction;
        value           nonuniform List<scalar> 
60
(
9.32717e-06
4.58399e-05
0.000178301
0.00042229
0.000628427
0.000785959
0.000837105
0.000828258
0.000799318
0.000737653
0.000666398
0.000606768
0.000539953
0.000481911
0.00041015
0.000346708
0.0002618
0.00018954
0.000242762
0.000179889
0.000511863
0.00115078
0.00157018
0.00184176
0.00205283
0.00222314
0.00236117
0.00247351
0.00255671
0.00262069
0.00265411
0.00266916
0.00267214
0.00266056
0.00264711
0.00257166
0.00246783
0.00229734
0.00205708
0.0017681
9.32717e-06
2.33082e-05
9.90113e-05
0.000303606
0.000521589
0.000685205
0.000815624
0.000935501
0.00104414
0.00114978
0.00125266
0.00135682
0.00146451
0.00155158
0.00159386
0.00160467
0.00151185
0.00119521
0.000719031
0.000511863
)
;
    }
    frontAndBack
    {
        type            empty;
    }
}


// ************************************************************************* //
