/*--------------------------------*- C++ -*----------------------------------*\
  =========                 |
  \\      /  F ield         | OpenFOAM: The Open Source CFD Toolbox
   \\    /   O peration     | Website:  https://openfoam.org
    \\  /    A nd           | Version:  11
     \\/     M anipulation  |
\*---------------------------------------------------------------------------*/
FoamFile
{
    format      ascii;
    class       volScalarField;
    location    "5";
    object      k;
}
// * * * * * * * * * * * * * * * * * * * * * * * * * * * * * * * * * * * * * //

dimensions      [0 2 -2 0 0 0 0];

internalField   nonuniform List<scalar> 
400
(
2.92112e-06
7.28941e-06
3.09646e-05
9.49589e-05
0.000163134
0.000214306
0.000255085
0.000292578
0.000326545
0.000359586
0.000391756
0.000424333
0.000458006
0.000485226
0.000498442
0.00050182
0.000472783
0.000373784
0.00022487
0.000160081
1.43466e-05
5.40142e-05
0.000120746
0.000241929
0.000327264
0.000406438
0.000463221
0.00052517
0.000583307
0.000643357
0.000703779
0.000765342
0.000824421
0.000881766
0.000935852
0.000964621
0.000974113
0.000885669
0.000587199
0.000359815
5.5788e-05
0.000194597
0.000321927
0.000418925
0.000496275
0.000559308
0.000612531
0.000666822
0.000718016
0.000769987
0.000817912
0.000864357
0.000909069
0.00095875
0.0010111
0.00104845
0.00106093
0.00102138
0.000749642
0.000490864
0.000132051
0.000366472
0.000453818
0.00051925
0.000577629
0.000624293
0.000665064
0.000706836
0.000746941
0.000785026
0.000821379
0.00085806
0.000898385
0.000951141
0.00101696
0.00108684
0.00111876
0.00112108
0.000898144
0.000575717
0.000196459
0.000472813
0.000530733
0.000561921
0.000599983
0.00062968
0.000662377
0.000694357
0.000719593
0.000737743
0.000752104
0.000775047
0.000816579
0.000880888
0.000976567
0.00110004
0.00119067
0.00121167
0.00103423
0.00064166
0.000245695
0.000533394
0.000558426
0.000568629
0.000597045
0.000621331
0.000641164
0.000648018
0.000647966
0.000644802
0.000646845
0.000663094
0.000702209
0.000774839
0.000894989
0.00106899
0.00124673
0.00131386
0.00117973
0.000694866
0.000261638
0.000536092
0.000556581
0.000564311
0.000586153
0.000595864
0.000596617
0.000585678
0.000569997
0.000556802
0.000551917
0.000559361
0.000592846
0.000664246
0.000793518
0.000999241
0.00126741
0.00140977
0.00132153
0.000737983
0.000258866
0.000527857
0.000547763
0.000552876
0.000563174
0.000563956
0.000553475
0.000532676
0.000509193
0.000490005
0.000481623
0.000483049
0.000508997
0.00057227
0.000698332
0.000922218
0.00125619
0.00149565
0.00147275
0.00077307
0.000249813
0.000507185
0.000529001
0.000534073
0.000539889
0.000535892
0.000519503
0.000494578
0.000468576
0.000446919
0.000435721
0.000434112
0.00045229
0.000503761
0.000615249
0.000833865
0.00120102
0.00156314
0.00160778
0.000799047
0.000230525
0.000483963
0.000508303
0.00051512
0.000519469
0.000513286
0.000495077
0.000469798
0.000444152
0.000422738
0.00040959
0.00040618
0.000418865
0.000459767
0.000556495
0.000761476
0.00113882
0.00160232
0.00174321
0.00081902
0.000208256
0.000452053
0.000484775
0.000495457
0.000500859
0.000495134
0.000478078
0.000454491
0.000430769
0.000410794
0.000397407
0.00039356
0.000403477
0.000437632
0.000520555
0.000708036
0.00108287
0.00161896
0.00186266
0.000829423
0.00018962
0.000423184
0.000466165
0.000479424
0.000484953
0.000480409
0.000466063
0.000445119
0.000424006
0.000406037
0.000393676
0.000390532
0.00039908
0.000429724
0.000504114
0.000673972
0.00103433
0.00162388
0.00196861
0.000834105
0.000168742
0.000384785
0.000442948
0.000461839
0.000470136
0.000467473
0.000457043
0.000439145
0.00042102
0.000405772
0.00039495
0.000393483
0.00040169
0.000430049
0.000499783
0.000658969
0.000993145
0.00162286
0.00202813
0.000835018
0.000150602
0.000358642
0.000428939
0.000452688
0.000460135
0.000457787
0.000449893
0.000435913
0.000421281
0.000407981
0.000399416
0.000400423
0.000410396
0.000440184
0.000507907
0.000656798
0.000971539
0.00160792
0.00205036
0.000831351
0.000128188
0.000316043
0.000404269
0.000439874
0.000456175
0.000455974
0.0004507
0.000438541
0.000425048
0.000413579
0.000407885
0.000410719
0.000423646
0.000457171
0.00052757
0.000675102
0.000965971
0.00158991
0.00201645
0.000827135
0.000108362
0.000290015
0.000391133
0.000439053
0.000461909
0.000463526
0.000459275
0.000448926
0.000436344
0.000425682
0.000422675
0.000427355
0.000443877
0.000483638
0.000560887
0.000721293
0.000986311
0.00158119
0.00191625
0.000803491
8.18604e-05
0.000228159
0.000357595
0.000440313
0.000478605
0.000486984
0.000484045
0.000475669
0.000464249
0.000455264
0.000456312
0.000465326
0.000489613
0.000544592
0.000637309
0.000834954
0.00108483
0.00160082
0.00174875
0.000771012
5.92545e-05
0.000223563
0.00037609
0.000476886
0.000536384
0.000557122
0.000557837
0.000554994
0.000552028
0.000555157
0.000568681
0.00059968
0.000654658
0.000753113
0.000888731
0.00117216
0.00142506
0.00171563
0.0015736
0.000717683
7.58322e-05
0.000259866
0.000460576
0.000586253
0.000673814
0.000730027
0.000772198
0.000813167
0.000867836
0.000932303
0.00102395
0.00113755
0.00128986
0.00149152
0.00172306
0.00203405
0.00206061
0.0019018
0.00148712
0.000642588
5.61928e-05
9.06008e-05
0.000167171
0.000242352
0.000302705
0.000347861
0.000378307
0.000402248
0.000418779
0.000437169
0.000449661
0.000470521
0.00048479
0.000513169
0.000532988
0.000568213
0.000597513
0.000625728
0.000618195
0.00055223
)
;

boundaryField
{
    movingWall
    {
        type            kqRWallFunction;
        value           nonuniform List<scalar> 
20
(
5.61928e-05
9.06008e-05
0.000167171
0.000242352
0.000302705
0.000347861
0.000378307
0.000402248
0.000418779
0.000437169
0.000449661
0.000470521
0.00048479
0.000513169
0.000532988
0.000568213
0.000597513
0.000625728
0.000618195
0.00055223
)
;
    }
    fixedWalls
    {
        type            kqRWallFunction;
        value           nonuniform List<scalar> 
60
(
2.92112e-06
1.43466e-05
5.5788e-05
0.000132051
0.000196459
0.000245695
0.000261638
0.000258866
0.000249813
0.000230525
0.000208256
0.00018962
0.000168742
0.000150602
0.000128188
0.000108362
8.18604e-05
5.92545e-05
7.58322e-05
5.61928e-05
0.000160081
0.000359815
0.000490864
0.000575717
0.00064166
0.000694866
0.000737983
0.00077307
0.000799047
0.00081902
0.000829423
0.000834105
0.000835018
0.000831351
0.000827135
0.000803491
0.000771012
0.000717683
0.000642588
0.00055223
2.92112e-06
7.28941e-06
3.09646e-05
9.49589e-05
0.000163134
0.000214306
0.000255085
0.000292578
0.000326545
0.000359586
0.000391756
0.000424333
0.000458006
0.000485226
0.000498442
0.00050182
0.000472783
0.000373784
0.00022487
0.000160081
)
;
    }
    frontAndBack
    {
        type            empty;
    }
}


// ************************************************************************* //
