/*--------------------------------*- C++ -*----------------------------------*\
  =========                 |
  \\      /  F ield         | OpenFOAM: The Open Source CFD Toolbox
   \\    /   O peration     | Website:  https://openfoam.org
    \\  /    A nd           | Version:  11
     \\/     M anipulation  |
\*---------------------------------------------------------------------------*/
FoamFile
{
    format      ascii;
    class       volScalarField;
    location    "5";
    object      nut;
}
// * * * * * * * * * * * * * * * * * * * * * * * * * * * * * * * * * * * * * //

dimensions      [0 2 -1 0 0 0 0];

internalField   nonuniform List<scalar> 
400
(
8.23363e-08
2.05172e-07
8.71542e-07
2.67303e-06
4.59201e-06
6.03238e-06
7.17999e-06
8.23533e-06
9.19116e-06
1.01212e-05
1.10265e-05
1.19436e-05
1.28912e-05
1.36571e-05
1.40289e-05
1.41238e-05
1.33063e-05
1.05205e-05
6.32934e-06
4.50575e-06
4.04109e-07
2.3482e-06
4.12217e-06
8.46537e-06
1.28512e-05
1.82812e-05
2.29121e-05
2.79218e-05
3.26509e-05
3.68272e-05
4.03367e-05
4.30134e-05
4.4592e-05
4.52635e-05
4.52074e-05
4.28918e-05
4.14025e-05
3.38478e-05
1.83208e-05
1.01253e-05
1.57098e-06
8.4224e-06
1.43826e-05
2.13903e-05
2.87317e-05
3.54824e-05
4.17282e-05
4.7191e-05
5.10686e-05
5.41496e-05
5.60398e-05
5.71912e-05
5.76057e-05
5.7657e-05
5.70695e-05
5.41816e-05
5.00534e-05
4.45409e-05
2.5382e-05
1.38107e-05
3.71635e-06
1.80518e-05
2.52622e-05
3.30114e-05
4.04626e-05
4.7371e-05
5.27076e-05
5.66146e-05
5.97411e-05
6.22069e-05
6.42724e-05
6.54888e-05
6.55985e-05
6.55071e-05
6.46976e-05
6.22641e-05
5.61409e-05
5.27945e-05
3.39073e-05
1.61968e-05
5.52755e-06
2.56783e-05
3.41852e-05
4.03449e-05
4.78635e-05
5.35052e-05
5.90246e-05
6.33213e-05
6.67833e-05
6.8732e-05
6.90369e-05
6.89566e-05
6.91942e-05
6.93032e-05
6.94805e-05
6.90364e-05
6.29908e-05
5.72581e-05
4.09612e-05
1.80509e-05
6.9125e-06
3.1247e-05
3.90392e-05
4.53696e-05
5.32126e-05
5.96852e-05
6.51031e-05
6.79845e-05
6.99903e-05
7.03116e-05
7.08475e-05
7.0716e-05
7.05355e-05
7.05243e-05
7.12172e-05
7.2402e-05
6.93073e-05
6.18653e-05
4.75911e-05
1.95469e-05
7.35979e-06
3.23487e-05
4.18398e-05
4.96299e-05
5.78913e-05
6.34895e-05
6.76123e-05
6.99442e-05
7.17424e-05
7.27014e-05
7.32428e-05
7.34102e-05
7.25873e-05
7.17038e-05
7.17683e-05
7.32802e-05
7.42283e-05
6.57861e-05
5.31411e-05
2.07591e-05
7.28159e-06
3.34028e-05
4.45458e-05
5.28051e-05
6.00411e-05
6.54032e-05
6.92808e-05
7.18984e-05
7.42906e-05
7.62405e-05
7.74465e-05
7.81858e-05
7.70188e-05
7.47717e-05
7.32609e-05
7.45912e-05
7.81428e-05
6.96405e-05
5.82623e-05
2.17454e-05
7.0267e-06
3.38054e-05
4.56798e-05
5.42187e-05
6.12372e-05
6.6697e-05
7.07314e-05
7.39659e-05
7.71992e-05
8.02353e-05
8.24859e-05
8.36261e-05
8.27533e-05
7.93848e-05
7.52772e-05
7.42256e-05
7.78091e-05
7.3933e-05
6.21144e-05
2.24753e-05
6.48377e-06
3.36198e-05
4.59589e-05
5.47554e-05
6.18322e-05
6.74424e-05
7.18177e-05
7.5656e-05
7.95161e-05
8.3163e-05
8.58452e-05
8.71141e-05
8.64591e-05
8.34998e-05
7.87054e-05
7.50461e-05
7.66695e-05
7.68365e-05
6.56268e-05
2.30364e-05
5.85738e-06
3.19717e-05
4.52058e-05
5.44506e-05
6.17972e-05
6.76314e-05
7.23341e-05
7.64572e-05
8.05033e-05
8.41423e-05
8.68261e-05
8.81018e-05
8.79069e-05
8.60571e-05
8.16296e-05
7.68835e-05
7.66437e-05
7.83225e-05
6.84047e-05
2.3328e-05
5.33318e-06
2.97195e-05
4.41835e-05
5.36494e-05
6.0954e-05
6.69574e-05
7.20329e-05
7.61922e-05
7.98617e-05
8.30796e-05
8.57358e-05
8.74149e-05
8.77702e-05
8.68553e-05
8.34184e-05
7.82449e-05
7.71158e-05
7.95715e-05
7.08079e-05
2.3459e-05
4.74605e-06
2.60907e-05
4.16633e-05
5.20035e-05
5.97893e-05
6.58054e-05
7.09461e-05
7.45407e-05
7.80771e-05
8.13679e-05
8.38745e-05
8.55235e-05
8.62378e-05
8.6563e-05
8.42139e-05
7.92145e-05
7.62498e-05
8.0398e-05
7.19819e-05
2.34842e-05
4.23583e-06
2.3363e-05
3.89538e-05
4.98724e-05
5.72165e-05
6.29754e-05
6.82835e-05
7.23862e-05
7.59876e-05
7.86295e-05
8.10573e-05
8.26791e-05
8.38643e-05
8.5042e-05
8.41876e-05
7.97349e-05
7.5439e-05
7.96949e-05
7.23701e-05
2.33797e-05
3.60573e-06
1.91557e-05
3.43447e-05
4.62034e-05
5.50239e-05
6.09681e-05
6.64391e-05
7.03e-05
7.31832e-05
7.53979e-05
7.80965e-05
7.91505e-05
8.07633e-05
8.23189e-05
8.20855e-05
7.91571e-05
7.48042e-05
7.81331e-05
7.04701e-05
2.32607e-05
3.0481e-06
1.67135e-05
3.13869e-05
4.33026e-05
5.27132e-05
5.85799e-05
6.37616e-05
6.75142e-05
7.0006e-05
7.19274e-05
7.42363e-05
7.50625e-05
7.63015e-05
7.74634e-05
7.68692e-05
7.60488e-05
7.12314e-05
7.53329e-05
6.75429e-05
2.25938e-05
2.30367e-06
1.1923e-05
2.61348e-05
4.00659e-05
4.95697e-05
5.56478e-05
6.02892e-05
6.38522e-05
6.58e-05
6.71968e-05
6.79241e-05
6.83224e-05
6.86181e-05
6.92649e-05
6.79168e-05
6.99798e-05
6.70106e-05
7.03471e-05
6.2382e-05
2.16795e-05
1.66718e-06
1.21545e-05
2.57821e-05
3.75533e-05
4.7057e-05
5.22597e-05
5.56817e-05
5.83576e-05
5.92982e-05
5.92499e-05
5.89967e-05
5.86685e-05
5.8502e-05
6.00929e-05
6.08645e-05
6.55384e-05
6.76621e-05
6.56732e-05
5.36169e-05
2.01782e-05
2.13191e-06
1.47916e-05
2.62024e-05
3.43608e-05
4.12027e-05
4.60407e-05
4.92699e-05
5.18435e-05
5.39841e-05
5.54819e-05
5.76308e-05
5.96326e-05
6.29589e-05
6.6379e-05
7.0635e-05
7.57998e-05
7.13992e-05
6.46112e-05
4.75375e-05
1.80657e-05
1.57979e-06
2.54681e-06
4.69911e-06
6.81208e-06
8.50856e-06
9.77788e-06
1.06331e-05
1.13061e-05
1.17702e-05
1.22874e-05
1.2638e-05
1.32249e-05
1.36255e-05
1.44237e-05
1.49801e-05
1.59706e-05
1.67943e-05
1.75884e-05
1.73769e-05
1.55229e-05
)
;

boundaryField
{
    movingWall
    {
        type            nutkWallFunction;
        Cmu             0.09;
        kappa           0.41;
        E               9.8;
        value           uniform 0;
    }
    fixedWalls
    {
        type            nutkWallFunction;
        Cmu             0.09;
        kappa           0.41;
        E               9.8;
        value           uniform 0;
    }
    frontAndBack
    {
        type            empty;
    }
}


// ************************************************************************* //
