/*--------------------------------*- C++ -*----------------------------------*\
  =========                 |
  \\      /  F ield         | OpenFOAM: The Open Source CFD Toolbox
   \\    /   O peration     | Website:  https://openfoam.org
    \\  /    A nd           | Version:  11
     \\/     M anipulation  |
\*---------------------------------------------------------------------------*/
FoamFile
{
    format      ascii;
    class       volScalarField;
    location    "5";
    object      p;
}
// * * * * * * * * * * * * * * * * * * * * * * * * * * * * * * * * * * * * * //

dimensions      [0 2 -2 0 0 0 0];

internalField   nonuniform List<scalar> 
400
(
-2.66961e-08
-6.59036e-05
-0.000160396
-0.000173497
-0.000462337
-0.00123385
-0.00233049
-0.00348534
-0.00448462
-0.00518733
-0.00550442
-0.00534759
-0.00467495
-0.00346248
-0.00170197
0.000513802
0.00293234
0.00506111
0.00635732
0.00660491
2.70232e-05
-2.57249e-05
-0.000114011
-0.000395469
-0.000964245
-0.00187149
-0.00297631
-0.00408324
-0.00503328
-0.00571956
-0.00605191
-0.00596693
-0.0054234
-0.00435701
-0.00275824
-0.000675508
0.00168806
0.00392265
0.00549495
0.00611741
0.000214057
1.93077e-05
-0.000322143
-0.000908698
-0.00178644
-0.00286376
-0.00400337
-0.00507799
-0.00599795
-0.00666055
-0.00698076
-0.00692027
-0.00645834
-0.00556502
-0.00421655
-0.00242805
-0.000302074
0.00190509
0.00376044
0.00469364
0.000190145
-0.000153916
-0.000791523
-0.00171513
-0.00285237
-0.00406386
-0.0052395
-0.00628373
-0.00711848
-0.0076879
-0.00796716
-0.00793456
-0.00756436
-0.00683844
-0.00573768
-0.00425966
-0.00244689
-0.000437211
0.00144766
0.00245186
-0.000225575
-0.000703694
-0.00156867
-0.00272201
-0.00399729
-0.00525492
-0.00640319
-0.00737123
-0.00811577
-0.00861356
-0.0088573
-0.00883996
-0.00854822
-0.00797358
-0.00710084
-0.00591986
-0.00444157
-0.0027269
-0.000989871
-4.47014e-05
-0.00103606
-0.00159287
-0.00256919
-0.00379398
-0.0050881
-0.00631451
-0.0073934
-0.00827549
-0.00894007
-0.00937899
-0.00959262
-0.00958299
-0.00935154
-0.00889728
-0.00821213
-0.00728431
-0.00611028
-0.00471876
-0.00330447
-0.00240828
-0.00206607
-0.00264146
-0.00361685
-0.00480432
-0.00604265
-0.00719418
-0.00818847
-0.00898882
-0.00958484
-0.0099756
-0.0101661
-0.0101634
-0.00997605
-0.00961057
-0.009067
-0.00833694
-0.00741397
-0.00631179
-0.0052256
-0.00442935
-0.00308221
-0.00363333
-0.00454643
-0.00565533
-0.00680898
-0.00787343
-0.0087862
-0.009517
-0.0100593
-0.0104149
-0.0105905
-0.0105946
-0.0104384
-0.0101342
-0.00968974
-0.00910308
-0.00837087
-0.00750378
-0.0066952
-0.00599383
-0.00391404
-0.00442756
-0.00525703
-0.0062858
-0.00735523
-0.00834175
-0.00918887
-0.00986864
-0.0103746
-0.0107084
-0.0108759
-0.0108853
-0.0107483
-0.0104806
-0.0100975
-0.00960577
-0.00901042
-0.00830804
-0.00770173
-0.00708957
-0.00448811
-0.00494023
-0.00569707
-0.00666382
-0.00766471
-0.00859452
-0.00939877
-0.0100487
-0.0105356
-0.0108594
-0.011024
-0.0110361
-0.0109071
-0.0106543
-0.0102994
-0.0098583
-0.00935989
-0.00874657
-0.00829588
-0.00771693
-0.00476803
-0.005162
-0.00586099
-0.00677892
-0.00773247
-0.00863054
-0.00941597
-0.010057
-0.0105411
-0.0108652
-0.0110308
-0.011043
-0.0109121
-0.0106564
-0.0103018
-0.00986914
-0.00943958
-0.0088265
-0.00852301
-0.00788954
-0.00474812
-0.00510228
-0.00575691
-0.00663424
-0.00756375
-0.00845205
-0.00924004
-0.00989116
-0.0103875
-0.0107217
-0.0108922
-0.0109021
-0.0107607
-0.0104867
-0.0101098
-0.00966597
-0.0092363
-0.0085693
-0.0084486
-0.00760204
-0.00447976
-0.00480988
-0.00542458
-0.00625298
-0.00717047
-0.00806491
-0.00887301
-0.0095512
-0.010074
-0.0104282
-0.0106085
-0.0106152
-0.0104564
-0.0101516
-0.00973437
-0.00924726
-0.00876678
-0.00803365
-0.00808056
-0.00686514
-0.00404664
-0.00433823
-0.00489896
-0.00566916
-0.00656792
-0.00747755
-0.0083209
-0.00904242
-0.00960626
-0.00999172
-0.0101884
-0.010194
-0.0100137
-0.00966836
-0.00919483
-0.0086358
-0.00807558
-0.00728706
-0.00735746
-0.00571805
-0.00356406
-0.00378285
-0.00423977
-0.00492527
-0.00578876
-0.00671499
-0.00760484
-0.00838411
-0.00900348
-0.00943257
-0.00965475
-0.00966347
-0.00946451
-0.00907329
-0.0085306
-0.00787461
-0.00720429
-0.00630581
-0.0062733
-0.00420178
-0.00313758
-0.00320188
-0.00348696
-0.00405177
-0.00486761
-0.0058115
-0.00675757
-0.00760861
-0.0082991
-0.00878691
-0.00904855
-0.00907236
-0.00886405
-0.00842869
-0.00780778
-0.00702453
-0.00618867
-0.00508046
-0.00479891
-0.00211532
-0.00286348
-0.00267587
-0.00270987
-0.00311886
-0.00387702
-0.00483917
-0.00584834
-0.00678248
-0.00755796
-0.00812021
-0.00843827
-0.00849406
-0.00828932
-0.00781696
-0.00710724
-0.00614974
-0.00504118
-0.00354622
-0.00266307
0.00139236
-0.00273588
-0.00217388
-0.0019345
-0.00218406
-0.00288593
-0.00386832
-0.0049455
-0.00597331
-0.00684849
-0.00750246
-0.00789457
-0.00799684
-0.00780268
-0.00729391
-0.00649052
-0.00530561
-0.00378889
-0.00155052
0.000774234
0.00816941
-0.00275365
-0.00174376
-0.00130241
-0.00143167
-0.00208829
-0.00309137
-0.00423284
-0.00534839
-0.00631631
-0.00705977
-0.00752788
-0.00769475
-0.00753526
-0.00702335
-0.00609488
-0.00464851
-0.00256954
0.00110897
0.00660825
0.019416
-0.00337563
-0.000511574
3.46708e-05
-0.000283472
-0.00101426
-0.00206893
-0.00329624
-0.00451346
-0.00558067
-0.00640525
-0.0069345
-0.00713053
-0.00696616
-0.00640259
-0.00538823
-0.00374013
-0.00071183
0.00532226
0.0162642
0.0336238
)
;

boundaryField
{
    movingWall
    {
        type            zeroGradient;
    }
    fixedWalls
    {
        type            zeroGradient;
    }
    frontAndBack
    {
        type            empty;
    }
}


// ************************************************************************* //
