/*--------------------------------*- C++ -*----------------------------------*\
  =========                 |
  \\      /  F ield         | OpenFOAM: The Open Source CFD Toolbox
   \\    /   O peration     | Website:  https://openfoam.org
    \\  /    A nd           | Version:  11
     \\/     M anipulation  |
\*---------------------------------------------------------------------------*/
FoamFile
{
    format      ascii;
    class       surfaceScalarField;
    location    "5";
    object      phi;
}
// * * * * * * * * * * * * * * * * * * * * * * * * * * * * * * * * * * * * * //

dimensions      [0 3 -1 0 0 0 0];

internalField   nonuniform List<scalar> 
760
(
1.8249e-07
-1.82488e-07
9.42503e-08
8.82401e-08
-3.59791e-07
4.54041e-07
-1.28874e-06
9.28946e-07
-2.5092e-06
1.22046e-06
-3.66467e-06
1.15547e-06
-4.66983e-06
1.00516e-06
-5.4912e-06
8.2137e-07
-6.12147e-06
6.30271e-07
-6.56159e-06
4.40118e-07
-6.82608e-06
2.64488e-07
-6.91247e-06
8.63887e-08
-6.8003e-06
-1.12169e-07
-6.48921e-06
-3.1109e-07
-5.92523e-06
-5.6398e-07
-5.07338e-06
-8.5185e-07
-3.89378e-06
-1.17959e-06
-2.42829e-06
-1.4655e-06
-8.98099e-07
-1.53019e-06
-8.98099e-07
-1.78346e-07
-4.14139e-09
-8.3265e-07
7.42544e-07
-1.92488e-06
1.54627e-06
-3.11073e-06
2.11479e-06
-4.05584e-06
2.16558e-06
-4.90082e-06
2.00045e-06
-5.61162e-06
1.71597e-06
-6.18354e-06
1.39329e-06
-6.62391e-06
1.07064e-06
-6.93763e-06
7.53838e-07
-7.10584e-06
4.32699e-07
-7.11464e-06
9.51903e-08
-6.98219e-06
-2.44621e-07
-6.67494e-06
-6.18344e-07
-6.17943e-06
-1.05949e-06
-5.45115e-06
-1.58013e-06
-4.45081e-06
-2.17993e-06
-3.12696e-06
-2.78934e-06
-1.52344e-06
-3.13372e-06
-2.42154e-06
-7.01286e-07
6.97144e-07
-1.74614e-06
1.7874e-06
-2.80088e-06
2.60101e-06
-3.6582e-06
2.97212e-06
-4.37484e-06
2.88222e-06
-4.97184e-06
2.59745e-06
-5.45695e-06
2.20107e-06
-5.82834e-06
1.76468e-06
-6.07992e-06
1.32222e-06
-6.21947e-06
8.93394e-07
-6.25856e-06
4.71781e-07
-6.20572e-06
4.23576e-08
-6.06013e-06
-3.90213e-07
-5.80077e-06
-8.77711e-07
-5.40767e-06
-1.45258e-06
-4.84905e-06
-2.13875e-06
-4.08331e-06
-2.94567e-06
-3.05031e-06
-3.82234e-06
-1.68318e-06
-4.50084e-06
-4.10472e-06
-9.59499e-07
1.65664e-06
-1.99303e-06
2.82092e-06
-2.86776e-06
3.47574e-06
-3.52608e-06
3.63044e-06
-4.04457e-06
3.4007e-06
-4.44431e-06
2.99719e-06
-4.7375e-06
2.49426e-06
-4.93811e-06
1.96529e-06
-5.06059e-06
1.4447e-06
-5.11362e-06
9.4643e-07
-5.10438e-06
4.62538e-07
-5.03665e-06
-2.53744e-08
-4.89967e-06
-5.27186e-07
-4.68821e-06
-1.08918e-06
-4.39121e-06
-1.74958e-06
-3.98155e-06
-2.54841e-06
-3.41722e-06
-3.51001e-06
-2.63242e-06
-4.60713e-06
-1.51185e-06
-5.62142e-06
-5.61656e-06
-9.58518e-07
2.61516e-06
-1.85329e-06
3.71569e-06
-2.54804e-06
4.17049e-06
-3.05481e-06
4.1372e-06
-3.42781e-06
3.77371e-06
-3.69061e-06
3.25999e-06
-3.86702e-06
2.67067e-06
-3.97588e-06
2.07415e-06
-4.02923e-06
1.49805e-06
-4.03304e-06
9.5024e-07
-3.99149e-06
4.20984e-07
-3.91068e-06
-1.06183e-07
-3.78423e-06
-6.53642e-07
-3.61489e-06
-1.25852e-06
-3.39715e-06
-1.96732e-06
-3.11135e-06
-2.8342e-06
-2.71507e-06
-3.90629e-06
-2.13691e-06
-5.1853e-06
-1.26994e-06
-6.48839e-06
-6.8865e-06
-8.14845e-07
3.43001e-06
-1.5363e-06
4.43714e-06
-2.0723e-06
4.7065e-06
-2.45702e-06
4.52193e-06
-2.72599e-06
4.04268e-06
-2.90293e-06
3.43693e-06
-3.0131e-06
2.78084e-06
-3.07298e-06
2.13403e-06
-3.09204e-06
1.51712e-06
-3.07447e-06
9.32669e-07
-3.02326e-06
3.69772e-07
-2.94135e-06
-1.88094e-07
-2.83014e-06
-7.64855e-07
-2.6938e-06
-1.39485e-06
-2.53367e-06
-2.12745e-06
-2.34082e-06
-3.02706e-06
-2.08769e-06
-4.15943e-06
-1.70028e-06
-5.5727e-06
-1.02807e-06
-7.16061e-06
-7.91457e-06
-6.30245e-07
4.06025e-06
-1.16253e-06
4.96943e-06
-1.56043e-06
5.10439e-06
-1.8408e-06
4.8023e-06
-2.03202e-06
4.2339e-06
-2.15432e-06
3.55923e-06
-2.22848e-06
2.855e-06
-2.26666e-06
2.17221e-06
-2.27562e-06
1.52608e-06
-2.25778e-06
9.14829e-07
-2.214e-06
3.25992e-07
-2.14469e-06
-2.57405e-07
-2.05236e-06
-8.57183e-07
-1.94339e-06
-1.50382e-06
-1.82539e-06
-2.24546e-06
-1.69764e-06
-3.1548e-06
-1.54082e-06
-4.31625e-06
-1.29242e-06
-5.82109e-06
-8.49499e-07
-7.60353e-06
-8.76407e-06
-4.2012e-07
4.48037e-06
-7.87413e-07
5.33672e-06
-1.06009e-06
5.37706e-06
-1.2511e-06
4.99331e-06
-1.3817e-06
4.36451e-06
-1.4667e-06
3.64423e-06
-1.52098e-06
2.90927e-06
-1.55223e-06
2.20346e-06
-1.56414e-06
1.53799e-06
-1.557e-06
9.07686e-07
-1.52956e-06
2.9856e-07
-1.48069e-06
-3.06276e-07
-1.41192e-06
-9.25954e-07
-1.33035e-06
-1.58539e-06
-1.24873e-06
-2.32708e-06
-1.17578e-06
-3.22775e-06
-1.09841e-06
-4.39362e-06
-9.5872e-07
-5.96078e-06
-6.6513e-07
-7.89712e-06
-9.4292e-06
-2.28169e-07
4.70854e-06
-4.36017e-07
5.54457e-06
-5.91367e-07
5.53241e-06
-7.02288e-07
5.10423e-06
-7.80623e-07
4.44284e-06
-8.35503e-07
3.69911e-06
-8.75574e-07
2.94934e-06
-9.04221e-07
2.23211e-06
-9.22215e-07
1.55598e-06
-9.2813e-07
9.13601e-07
-9.19619e-07
2.90048e-07
-8.9486e-07
-3.31035e-07
-8.54753e-07
-9.66061e-07
-8.05747e-07
-1.63439e-06
-7.62044e-07
-2.37078e-06
-7.39279e-07
-3.25052e-06
-7.31844e-07
-4.40106e-06
-6.87424e-07
-6.0052e-06
-5.38822e-07
-8.04572e-06
-9.96802e-06
-3.5039e-08
4.74358e-06
-1.10446e-07
5.61998e-06
-1.58467e-07
5.58043e-06
-1.93885e-07
5.13965e-06
-2.20649e-07
4.46961e-06
-2.44955e-07
3.72342e-06
-2.69184e-07
2.97357e-06
-2.92903e-07
2.25583e-06
-3.14421e-07
1.5775e-06
-3.31337e-07
9.30518e-07
-3.41243e-07
2.99954e-07
-3.42469e-07
-3.29809e-07
-3.35771e-07
-9.7276e-07
-3.26933e-07
-1.64323e-06
-3.29706e-07
-2.36801e-06
-3.58958e-07
-3.22127e-06
-4.25058e-07
-4.33496e-06
-4.67347e-07
-5.96291e-06
-4.20463e-07
-8.09261e-06
-1.03885e-05
1.38915e-07
4.60467e-06
2.03626e-07
5.55527e-06
2.61696e-07
5.52236e-06
2.94171e-07
5.10717e-06
3.15733e-07
4.44805e-06
3.23999e-07
3.71515e-06
3.20061e-07
2.97751e-06
3.06596e-07
2.26929e-06
2.86422e-07
1.59767e-06
2.61978e-07
9.54962e-07
2.35001e-07
3.26931e-07
2.06463e-07
-3.01271e-07
1.75579e-07
-9.41876e-07
1.37748e-07
-1.6054e-06
8.1224e-08
-2.31149e-06
-1.89865e-08
-3.12105e-06
-1.46757e-07
-4.20719e-06
-2.79673e-07
-5.82999e-06
-3.39906e-07
-8.03237e-06
-1.07284e-05
2.99481e-07
4.30518e-06
4.92578e-07
5.36217e-06
6.49666e-07
5.36527e-06
7.58613e-07
4.99823e-06
8.35543e-07
4.37112e-06
8.83948e-07
3.66675e-06
9.07949e-07
2.95351e-06
9.11778e-07
2.26546e-06
8.9873e-07
1.61072e-06
8.70717e-07
9.82975e-07
8.2834e-07
3.69309e-07
7.71375e-07
-2.44306e-07
6.98663e-07
-8.69164e-07
6.06816e-07
-1.51355e-06
4.8676e-07
-2.19143e-06
3.26257e-07
-2.96055e-06
1.17839e-07
-3.99877e-06
-1.1558e-07
-5.59657e-06
-2.58744e-07
-7.88921e-06
-1.09871e-05
4.51946e-07
3.85324e-06
7.69724e-07
5.04439e-06
1.01599e-06
5.11901e-06
1.20471e-06
4.8095e-06
1.34429e-06
4.23154e-06
1.44194e-06
3.5691e-06
1.5031e-06
2.89234e-06
1.53252e-06
2.23604e-06
1.53328e-06
1.60996e-06
1.50654e-06
1.00972e-06
1.45148e-06
4.24368e-07
1.36613e-06
-1.58957e-07
1.24908e-06
-7.52114e-07
1.09784e-06
-1.36231e-06
9.08156e-07
-2.00175e-06
6.70033e-07
-2.72243e-06
3.65584e-07
-3.69432e-06
2.43095e-08
-5.2553e-06
-1.71708e-07
-7.69319e-06
-1.11588e-05
5.73511e-07
3.27973e-06
9.97701e-07
4.6202e-06
1.33455e-06
4.78216e-06
1.61668e-06
4.52737e-06
1.8343e-06
4.01392e-06
1.99586e-06
3.40754e-06
2.1068e-06
2.78141e-06
2.17198e-06
2.17086e-06
2.19433e-06
1.58761e-06
2.17447e-06
1.02958e-06
2.11056e-06
4.88277e-07
1.99784e-06
-4.62342e-08
1.83585e-06
-5.90123e-07
1.62209e-06
-1.14855e-06
1.35653e-06
-1.73619e-06
1.03431e-06
-2.40021e-06
6.41464e-07
-3.30147e-06
2.4456e-07
-4.8584e-06
-1.39265e-08
-7.43471e-06
-1.11728e-05
6.6287e-07
2.61686e-06
1.18715e-06
4.09593e-06
1.61923e-06
4.35008e-06
1.99631e-06
4.15029e-06
2.30248e-06
3.70775e-06
2.54019e-06
3.16984e-06
2.71284e-06
2.60875e-06
2.82446e-06
2.05924e-06
2.87723e-06
1.53484e-06
2.87101e-06
1.0358e-06
2.80292e-06
5.56364e-07
2.6686e-06
8.80921e-08
2.46351e-06
-3.85038e-07
2.18824e-06
-8.73274e-07
1.84433e-06
-1.39229e-06
1.43554e-06
-1.99142e-06
9.53538e-07
-2.81947e-06
4.75462e-07
-4.38032e-06
1.19014e-07
-7.07826e-06
-1.10538e-05
6.46259e-07
1.9706e-06
1.23879e-06
3.5034e-06
1.78708e-06
3.80179e-06
2.28345e-06
3.65392e-06
2.70334e-06
3.28785e-06
3.04052e-06
2.83266e-06
3.29489e-06
2.35438e-06
3.46903e-06
1.8851e-06
3.56469e-06
1.43918e-06
3.58182e-06
1.01866e-06
3.518e-06
6.20192e-07
3.37154e-06
2.34545e-07
3.13305e-06
-1.46546e-07
2.80701e-06
-5.47229e-07
2.39285e-06
-9.78133e-07
1.90337e-06
-1.50194e-06
1.33537e-06
-2.25147e-06
7.66318e-07
-3.81127e-06
2.96739e-07
-6.60868e-06
-1.0757e-05
5.47373e-07
1.42322e-06
1.21636e-06
2.83441e-06
1.88583e-06
3.13232e-06
2.5052e-06
3.03454e-06
3.04358e-06
2.74948e-06
3.48824e-06
2.388e-06
3.83356e-06
2.00906e-06
4.07922e-06
1.63944e-06
4.22752e-06
1.29088e-06
4.27965e-06
9.66529e-07
4.23575e-06
6.64098e-07
4.09606e-06
3.74228e-07
3.85279e-06
9.67313e-08
3.50985e-06
-2.04291e-07
3.05906e-06
-5.27347e-07
2.51594e-06
-9.58815e-07
1.88378e-06
-1.61931e-06
1.21406e-06
-3.14155e-06
5.6375e-07
-5.95837e-06
-1.01933e-05
8.29719e-08
1.34025e-06
8.22097e-07
2.09529e-06
1.66338e-06
2.29104e-06
2.46398e-06
2.23394e-06
3.16691e-06
2.04654e-06
3.75355e-06
1.80136e-06
4.22226e-06
1.54035e-06
4.57302e-06
1.28868e-06
4.81161e-06
1.05228e-06
4.94199e-06
8.36152e-07
4.96843e-06
6.37663e-07
4.89263e-06
4.50025e-07
4.71573e-06
2.73628e-07
4.44834e-06
6.31007e-08
4.04998e-06
-1.2899e-07
3.54104e-06
-4.49872e-07
2.88679e-06
-9.65066e-07
2.11934e-06
-2.37409e-06
1.09209e-06
-4.93112e-06
-9.10118e-06
-5.61267e-07
1.90152e-06
3.24842e-07
1.20918e-06
1.439e-06
1.17688e-06
2.4836e-06
1.18934e-06
3.39764e-06
1.13249e-06
4.17589e-06
1.02311e-06
4.82162e-06
8.94629e-07
5.33526e-06
7.75046e-07
5.72847e-06
6.59072e-07
6.00611e-06
5.58505e-07
6.18597e-06
4.57803e-07
6.26403e-06
3.71962e-07
6.25861e-06
2.79051e-07
6.13299e-06
1.88721e-07
5.91819e-06
8.58136e-08
5.5885e-06
-1.20188e-07
5.06467e-06
-4.41227e-07
4.23981e-06
-1.54923e-06
2.51188e-06
-3.20319e-06
-6.5893e-06
1.90152e-06
3.1107e-06
4.28758e-06
5.47693e-06
6.60942e-06
7.63253e-06
8.52716e-06
9.30221e-06
9.96128e-06
1.05198e-05
1.09776e-05
1.13495e-05
1.16286e-05
1.18173e-05
1.19031e-05
1.17829e-05
1.13417e-05
9.79249e-06
6.5893e-06
)
;

boundaryField
{
    movingWall
    {
        type            calculated;
        value           uniform 0;
    }
    fixedWalls
    {
        type            calculated;
        value           uniform 0;
    }
    frontAndBack
    {
        type            empty;
    }
}


// ************************************************************************* //
