/*--------------------------------*- C++ -*----------------------------------*\
  =========                 |
  \\      /  F ield         | OpenFOAM: The Open Source CFD Toolbox
   \\    /   O peration     | Website:  https://openfoam.org
    \\  /    A nd           | Version:  11
     \\/     M anipulation  |
\*---------------------------------------------------------------------------*/
FoamFile
{
    format      ascii;
    class       volVectorField;
    location    "5";
    object      U;
}
// * * * * * * * * * * * * * * * * * * * * * * * * * * * * * * * * * * * * * //

dimensions      [0 1 -1 0 0 0 0];

internalField   nonuniform List<vector> 
400
(
(0.00193293 -0.00255039 0)
(0.00505151 -0.00125816 0)
(-0.00171039 0.000909809 0)
(-0.011184 0.0051151 0)
(-0.038384 0.0122622 0)
(-0.0641077 0.0115921 0)
(-0.0858624 0.0101693 0)
(-0.104062 0.00816829 0)
(-0.118007 0.00636853 0)
(-0.128518 0.00443785 0)
(-0.135284 0.00260217 0)
(-0.138381 0.000841808 0)
(-0.138597 -0.0017845 0)
(-0.133552 -0.00410735 0)
(-0.124548 -0.00720567 0)
(-0.109249 -0.00996716 0)
(-0.0886062 -0.0130077 0)
(-0.062052 -0.0147988 0)
(-0.0325665 -0.0131366 0)
(-0.0068809 -0.00348958 0)
(-0.00027897 -0.00539352 0)
(-0.00705887 0.00501708 0)
(-0.0248596 0.0187635 0)
(-0.0507714 0.0329758 0)
(-0.0726946 0.034842 0)
(-0.0915603 0.0324769 0)
(-0.106997 0.0281133 0)
(-0.11944 0.0232154 0)
(-0.129067 0.0178324 0)
(-0.136814 0.0123283 0)
(-0.141373 0.0072056 0)
(-0.143327 0.00196585 0)
(-0.14196 -0.00365923 0)
(-0.137428 -0.010049 0)
(-0.129072 -0.0177183 0)
(-0.116205 -0.0268789 0)
(-0.0983249 -0.0370024 0)
(-0.0753423 -0.0459685 0)
(-0.0468781 -0.0478863 0)
(-0.0166389 -0.0298774 0)
(-0.00552377 0.00541113 0)
(-0.0231543 0.0262994 0)
(-0.0454023 0.0432312 0)
(-0.0658854 0.0515626 0)
(-0.0816772 0.0507386 0)
(-0.094905 0.0460236 0)
(-0.105337 0.0389912 0)
(-0.113816 0.0311267 0)
(-0.120165 0.023492 0)
(-0.123723 0.0162583 0)
(-0.125385 0.00880231 0)
(-0.125151 0.00120161 0)
(-0.123348 -0.00694235 0)
(-0.119275 -0.0159231 0)
(-0.112627 -0.0264817 0)
(-0.102792 -0.0390134 0)
(-0.0890651 -0.0537084 0)
(-0.0709591 -0.0694441 0)
(-0.0469252 -0.0803901 0)
(-0.020166 -0.068572 0)
(-0.00923527 0.0238823 0)
(-0.0298468 0.0469597 0)
(-0.0500148 0.061515 0)
(-0.0656112 0.0661562 0)
(-0.0768771 0.062911 0)
(-0.0859973 0.0560447 0)
(-0.0926537 0.0470399 0)
(-0.0975217 0.0374486 0)
(-0.100483 0.0278108 0)
(-0.102152 0.0184087 0)
(-0.10257 0.00929283 0)
(-0.101803 0.000155856 0)
(-0.0998163 -0.00952352 0)
(-0.0963279 -0.0203211 0)
(-0.0912299 -0.0329976 0)
(-0.0840852 -0.0482236 0)
(-0.0740918 -0.0663134 0)
(-0.0602482 -0.08637 0)
(-0.0405519 -0.103739 0)
(-0.0185985 -0.100897 0)
(-0.00999555 0.0425603 0)
(-0.0293444 0.0652749 0)
(-0.0458644 0.0764503 0)
(-0.0576051 0.0776488 0)
(-0.0658628 0.0718714 0)
(-0.0720701 0.0627936 0)
(-0.076156 0.05192 0)
(-0.0788819 0.0406537 0)
(-0.0803426 0.0296046 0)
(-0.0808842 0.0190452 0)
(-0.0804893 0.00884986 0)
(-0.079272 -0.00130384 0)
(-0.0772165 -0.0119289 0)
(-0.0742714 -0.0237397 0)
(-0.0704092 -0.0376404 0)
(-0.0654046 -0.0546071 0)
(-0.0585975 -0.0754207 0)
(-0.0485042 -0.0998704 0)
(-0.0329699 -0.123352 0)
(-0.0166285 -0.127872 0)
(-0.00856158 0.0597906 0)
(-0.0252131 0.0813281 0)
(-0.0376768 0.0885788 0)
(-0.0466824 0.0865994 0)
(-0.0527338 0.0783248 0)
(-0.0569632 0.067188 0)
(-0.0595476 0.0547275 0)
(-0.0611416 0.0422509 0)
(-0.0618431 0.030268 0)
(-0.0618367 0.0189008 0)
(-0.0611249 0.00793989 0)
(-0.0597915 -0.00293935 0)
(-0.0578663 -0.0142024 0)
(-0.0553993 -0.0265921 0)
(-0.0524457 -0.0410854 0)
(-0.0489388 -0.0588792 0)
(-0.0444952 -0.0811315 0)
(-0.0377371 -0.108382 0)
(-0.0274784 -0.13832 0)
(-0.0115912 -0.149956 0)
(-0.00698877 0.0744803 0)
(-0.0194307 0.0938965 0)
(-0.0284305 0.0980741 0)
(-0.035206 0.0933489 0)
(-0.0394635 0.0829221 0)
(-0.0423624 0.0701167 0)
(-0.0440934 0.0564862 0)
(-0.0451299 0.0431522 0)
(-0.0455464 0.0304827 0)
(-0.0454421 0.018488 0)
(-0.0448155 0.00693764 0)
(-0.0436791 -0.0044992 0)
(-0.0420558 -0.0162721 0)
(-0.0400364 -0.0290495 0)
(-0.0377643 -0.0438323 0)
(-0.035308 -0.0620132 0)
(-0.032511 -0.0850986 0)
(-0.0279499 -0.114533 0)
(-0.0221931 -0.148608 0)
(-0.00949866 -0.168091 0)
(-0.00464175 0.0854929 0)
(-0.0132314 0.103324 0)
(-0.0193616 0.105091 0)
(-0.0240792 0.0981676 0)
(-0.0268859 0.0861569 0)
(-0.0288424 0.072163 0)
(-0.0300532 0.0577265 0)
(-0.0308398 0.043796 0)
(-0.031238 0.0306375 0)
(-0.0312818 0.0181826 0)
(-0.0309348 0.00616948 0)
(-0.0301666 -0.00573758 0)
(-0.028973 -0.0179457 0)
(-0.0274451 -0.0310104 0)
(-0.0257853 -0.0458577 0)
(-0.0241963 -0.0640086 0)
(-0.0227699 -0.0873325 0)
(-0.0201054 -0.118195 0)
(-0.0178827 -0.155629 0)
(-0.00643527 -0.182663 0)
(-0.00274474 0.0923523 0)
(-0.00722999 0.109138 0)
(-0.0109331 0.109449 0)
(-0.0136344 0.101261 0)
(-0.0152108 0.0882747 0)
(-0.0164022 0.0735626 0)
(-0.0172188 0.0586554 0)
(-0.0178553 0.0443733 0)
(-0.0183034 0.0309126 0)
(-0.0185455 0.0181457 0)
(-0.0185224 0.0057822 0)
(-0.0181819 -0.00650982 0)
(-0.0175078 -0.019082 0)
(-0.0165784 -0.0323722 0)
(-0.0156067 -0.0471604 0)
(-0.0148468 -0.0650056 0)
(-0.0147569 -0.088219 0)
(-0.0135247 -0.120061 0)
(-0.0145637 -0.159842 0)
(-0.00484913 -0.194508 0)
(3.21669e-05 0.095384 0)
(-0.00173622 0.112493 0)
(-0.00306707 0.11177 0)
(-0.00388268 0.102803 0)
(-0.00433413 0.0893892 0)
(-0.00478392 0.0743853 0)
(-0.00519005 0.0593126 0)
(-0.0056383 0.0449051 0)
(-0.00608122 0.0313137 0)
(-0.00646922 0.018377 0)
(-0.00673886 0.00579294 0)
(-0.00683896 -0.0067595 0)
(-0.00675338 -0.0195795 0)
(-0.00654869 -0.0329973 0)
(-0.00642899 -0.0476244 0)
(-0.00659234 -0.0649549 0)
(-0.00808191 -0.0876826 0)
(-0.007864 -0.120091 0)
(-0.0119751 -0.16163 0)
(-0.00275909 -0.20402 0)
(0.00185238 0.0942673 0)
(0.00329212 0.112438 0)
(0.00439845 0.111546 0)
(0.00532377 0.102803 0)
(0.00597276 0.0894294 0)
(0.00632923 0.0745611 0)
(0.00643328 0.0596206 0)
(0.00628459 0.0453058 0)
(0.00595624 0.0317577 0)
(0.00551095 0.0188125 0)
(0.00500173 0.00617518 0)
(0.00446282 -0.00645978 0)
(0.00389875 -0.0193505 0)
(0.00325929 -0.0327343 0)
(0.00235926 -0.0470654 0)
(0.00114953 -0.063709 0)
(-0.00215412 -0.0857982 0)
(-0.00269803 -0.118283 0)
(-0.0100471 -0.161567 0)
(-0.00128365 -0.211618 0)
(0.00355469 0.0906699 0)
(0.00797772 0.110392 0)
(0.011159 0.10972 0)
(0.0138824 0.101691 0)
(0.0158529 0.0885882 0)
(0.0171616 0.0740856 0)
(0.0179417 0.0594902 0)
(0.0182489 0.0454615 0)
(0.0181699 0.03214 0)
(0.0177688 0.0193781 0)
(0.0170812 0.00690014 0)
(0.0161167 -0.00558368 0)
(0.0148574 -0.0183063 0)
(0.0132686 -0.0314449 0)
(0.0112175 -0.0453212 0)
(0.00867867 -0.0611382 0)
(0.0034719 -0.0823929 0)
(0.00244079 -0.114507 0)
(-0.00863437 -0.159647 0)
(0.00090683 -0.217389 0)
(0.00524483 0.0830456 0)
(0.0123375 0.104837 0)
(0.0178072 0.105226 0)
(0.0219609 0.098531 0)
(0.0254428 0.086383 0)
(0.0278624 0.072648 0)
(0.0294993 0.0586924 0)
(0.0304405 0.0451921 0)
(0.0307664 0.0323247 0)
(0.0305273 0.0199831 0)
(0.0297388 0.00792406 0)
(0.0283782 -0.0041221 0)
(0.0263964 -0.0163727 0)
(0.0237783 -0.0289895 0)
(0.0203967 -0.0422115 0)
(0.0163758 -0.0571314 0)
(0.00927704 -0.0772492 0)
(0.00762294 -0.108891 0)
(-0.0076084 -0.156395 0)
(0.00350336 -0.221533 0)
(0.00671896 0.0731048 0)
(0.0158936 0.0983237 0)
(0.023376 0.100186 0)
(0.0293104 0.0942366 0)
(0.0344628 0.08316 0)
(0.0383182 0.0703154 0)
(0.0411 0.057159 0)
(0.0429079 0.044387 0)
(0.0438208 0.0322043 0)
(0.043879 0.0205382 0)
(0.0430854 0.00918706 0)
(0.0413784 -0.00210686 0)
(0.0386777 -0.0135202 0)
(0.0349967 -0.0252783 0)
(0.0301589 -0.0376065 0)
(0.0246092 -0.0514775 0)
(0.0155977 -0.0702323 0)
(0.0130017 -0.10148 0)
(-0.00645355 -0.151415 0)
(0.00749831 -0.224166 0)
(0.00774883 0.0599183 0)
(0.0190828 0.08741 0)
(0.0282423 0.0915835 0)
(0.036011 0.0871658 0)
(0.0428981 0.0777074 0)
(0.0484239 0.0662698 0)
(0.052616 0.0543506 0)
(0.0555269 0.0426847 0)
(0.0572259 0.0315337 0)
(0.0577419 0.0208836 0)
(0.0570543 0.0105878 0)
(0.0551079 0.000412554 0)
(0.0517497 -0.0097684 0)
(0.0470663 -0.0202879 0)
(0.0407181 -0.0314284 0)
(0.0336647 -0.0441294 0)
(0.0225586 -0.0615754 0)
(0.0190211 -0.0929329 0)
(-0.0046791 -0.146225 0)
(0.012462 -0.225577 0)
(0.0074044 0.0463622 0)
(0.0196575 0.0777341 0)
(0.0305834 0.0832912 0)
(0.0405634 0.0795655 0)
(0.0497217 0.0712496 0)
(0.0574064 0.0611116 0)
(0.0634542 0.0505257 0)
(0.0678355 0.0401633 0)
(0.0706036 0.0303037 0)
(0.0718055 0.0209701 0)
(0.0713832 0.0120615 0)
(0.0693839 0.00336836 0)
(0.0655232 -0.00523513 0)
(0.0600953 -0.0141618 0)
(0.0523544 -0.0237619 0)
(0.0440706 -0.0351045 0)
(0.0307456 -0.0511191 0)
(0.0265912 -0.0827545 0)
(-0.00207935 -0.13895 0)
(0.019193 -0.225399 0)
(0.00515906 0.0321023 0)
(0.0186838 0.0616526 0)
(0.0313889 0.069142 0)
(0.0437012 0.0672187 0)
(0.0552304 0.0609055 0)
(0.0652321 0.0527919 0)
(0.0733154 0.0441923 0)
(0.0793567 0.0357465 0)
(0.0833759 0.0277493 0)
(0.0854756 0.0202439 0)
(0.0855683 0.013178 0)
(0.083879 0.00635187 0)
(0.0799179 -0.000349923 0)
(0.0744334 -0.00738738 0)
(0.065887 -0.0149649 0)
(0.0571671 -0.0245994 0)
(0.0419512 -0.0387546 0)
(0.0375802 -0.0707564 0)
(0.00274 -0.129762 0)
(0.0283891 -0.219772 0)
(-0.0045739 0.0248103 0)
(0.00906702 0.0526152 0)
(0.0250614 0.0577415 0)
(0.0410489 0.0558401 0)
(0.0560534 0.050634 0)
(0.0691062 0.044158 0)
(0.0798395 0.0374615 0)
(0.0881821 0.0309561 0)
(0.0941528 0.0248347 0)
(0.0979562 0.0192109 0)
(0.0994806 0.0140435 0)
(0.0992 0.00919843 0)
(0.0963554 0.00462222 0)
(0.0924536 -0.000177789 0)
(0.0847983 -0.00540874 0)
(0.0775946 -0.0128506 0)
(0.0616112 -0.0251344 0)
(0.0572175 -0.0562148 0)
(0.0153268 -0.11518 0)
(0.0440258 -0.199105 0)
(-0.0137509 0.031632 0)
(-0.00487362 0.0262226 0)
(0.0178821 0.0291407 0)
(0.0392858 0.0300044 0)
(0.0586335 0.0283708 0)
(0.0756177 0.0253274 0)
(0.0900366 0.0218224 0)
(0.101762 0.0184773 0)
(0.110945 0.0153297 0)
(0.11772 0.0124329 0)
(0.122277 0.00977889 0)
(0.124937 0.00720491 0)
(0.125396 0.00490957 0)
(0.124443 0.00189866 0)
(0.120095 -0.000774526 0)
(0.115831 -0.00662754 0)
(0.102663 -0.0159502 0)
(0.0985844 -0.042655 0)
(0.0542381 -0.089541 0)
(0.076046 -0.152395 0)
(0.0411655 0.0390651 0)
(0.0470674 0.0281554 0)
(0.0703853 0.0239934 0)
(0.0971574 0.0228223 0)
(0.120643 0.0216749 0)
(0.141655 0.0199784 0)
(0.161108 0.0179023 0)
(0.177834 0.0160158 0)
(0.192701 0.0140986 0)
(0.204775 0.0126333 0)
(0.215312 0.0109554 0)
(0.223272 0.00988998 0)
(0.230011 0.00825485 0)
(0.234185 0.00741763 0)
(0.23726 0.00540178 0)
(0.236248 0.00321891 0)
(0.229726 0.00214191 0)
(0.216439 -0.00846614 0)
(0.167727 -0.0133076 0)
(0.145331 -0.0674003 0)
)
;

boundaryField
{
    movingWall
    {
        type            fixedValue;
        value           uniform (1 0 0);
    }
    fixedWalls
    {
        type            noSlip;
    }
    frontAndBack
    {
        type            empty;
    }
}


// ************************************************************************* //
