/*--------------------------------*- C++ -*----------------------------------*\
  =========                 |
  \\      /  F ield         | OpenFOAM: The Open Source CFD Toolbox
   \\    /   O peration     | Website:  https://openfoam.org
    \\  /    A nd           | Version:  11
     \\/     M anipulation  |
\*---------------------------------------------------------------------------*/
FoamFile
{
    format      ascii;
    class       volScalarField;
    location    "3";
    object      epsilon;
}
// * * * * * * * * * * * * * * * * * * * * * * * * * * * * * * * * * * * * * //

dimensions      [0 2 -3 0 0 0 0];

internalField   nonuniform List<scalar> 
400
(
1.22346e-05
3.25262e-05
4.2446e-05
4.96329e-05
0.000101016
0.000310698
0.000662922
0.00092367
0.00108097
0.00123415
0.00136579
0.0014837
0.00160244
0.00169181
0.00173054
0.00173764
0.0016162
0.00126589
0.000773247
0.000531242
5.09393e-05
5.70758e-05
8.35469e-05
0.000137046
0.000311484
0.000654375
0.000880678
0.000970292
0.00102346
0.00108683
0.00116793
0.00128034
0.00142628
0.00159816
0.00179218
0.00198736
0.00208471
0.00209363
0.00177799
0.00130569
0.000142375
0.000137051
0.000217352
0.00035341
0.000578738
0.000787417
0.000883214
0.000932883
0.00096959
0.00104055
0.00113388
0.00125055
0.00139115
0.00155285
0.00174043
0.001949
0.00214389
0.00223059
0.00216102
0.00185864
0.000247615
0.000236983
0.000356407
0.000511692
0.000681156
0.000791539
0.000851259
0.000878641
0.000921971
0.000984567
0.0010629
0.00115911
0.00127662
0.00142554
0.00161556
0.00185416
0.00212993
0.00229248
0.00232763
0.00222626
0.000341019
0.000318869
0.000450419
0.000594472
0.000703379
0.000767454
0.000794094
0.00081658
0.000848886
0.000891975
0.000946902
0.00101964
0.00112079
0.00126685
0.0014783
0.00177292
0.00213997
0.00242329
0.00251062
0.00252447
0.000402237
0.00036512
0.000484705
0.000606979
0.000687471
0.000719467
0.000732972
0.000746982
0.000764043
0.000785248
0.000815061
0.000863624
0.000947629
0.00109145
0.00132801
0.00169118
0.00218448
0.00261183
0.00275416
0.00276928
0.000432582
0.000371986
0.000477016
0.000590592
0.000649363
0.000666581
0.00067232
0.00067701
0.00068012
0.000682484
0.000690718
0.000717219
0.000782537
0.00091814
0.00117009
0.0015938
0.0022176
0.00285176
0.00307667
0.00297843
0.000426529
0.000362369
0.000450269
0.000549131
0.000598057
0.000612837
0.000613856
0.000611339
0.000604782
0.000594288
0.000588057
0.00059674
0.000644287
0.000766696
0.00102158
0.00148855
0.00222965
0.00310226
0.00345791
0.00315013
0.000408115
0.000339043
0.000402779
0.00048894
0.000540526
0.000557885
0.000558176
0.000551852
0.000540203
0.00052348
0.000508653
0.000506517
0.000539997
0.000647819
0.000896245
0.00138886
0.00223132
0.00334915
0.003905
0.00329105
0.00036974
0.000309004
0.000354367
0.00042716
0.000479673
0.000501817
0.000503927
0.000496965
0.000483897
0.000465953
0.000448452
0.000443135
0.000467514
0.000561546
0.000796652
0.00129735
0.0022232
0.00355429
0.00437944
0.00339457
0.00033926
0.000283011
0.000311513
0.000371097
0.000421985
0.00044818
0.000453283
0.000446994
0.000434185
0.000417334
0.000401579
0.000398645
0.000419682
0.000502939
0.000720306
0.00120966
0.00218509
0.00372029
0.00488191
0.00346533
0.000311073
0.000261233
0.000277593
0.00032363
0.000371473
0.000401466
0.000410937
0.000406153
0.000394753
0.000379043
0.000366053
0.00036641
0.0003868
0.000461763
0.000659275
0.00112268
0.002109
0.00380821
0.00536459
0.00349899
0.000282871
0.000242069
0.000251574
0.000286122
0.000329586
0.000362328
0.000377917
0.000376321
0.000368389
0.000353757
0.000342238
0.000343672
0.000362795
0.000428947
0.000604329
0.00103056
0.00199433
0.00383879
0.00579382
0.00351076
0.000258798
0.00022508
0.000232005
0.000258744
0.000297058
0.000330082
0.000350148
0.000354028
0.000348926
0.000337416
0.000326807
0.000328099
0.000344781
0.000401984
0.000553946
0.000934504
0.00184741
0.00379525
0.00602347
0.00350691
0.000234278
0.000208017
0.000216081
0.000239575
0.000273651
0.000305462
0.00032833
0.000338591
0.000337167
0.000331197
0.000323224
0.00032464
0.000339736
0.00039074
0.000528258
0.000878018
0.0017264
0.00368381
0.00609979
0.00348256
0.000219012
0.000190531
0.000206154
0.00023646
0.000271807
0.000304992
0.00033015
0.00034438
0.000347871
0.000346378
0.000345007
0.000350812
0.000372784
0.00043024
0.000565276
0.00089279
0.00168647
0.00362845
0.00585355
0.00346665
0.000220743
0.000182518
0.000213768
0.000255514
0.000300537
0.000343789
0.000381231
0.000410966
0.000433081
0.000451992
0.00047386
0.000507517
0.000563915
0.000664821
0.000840432
0.0012062
0.0019553
0.00377173
0.00529588
0.00340906
0.000253938
0.000206896
0.000295119
0.000392519
0.000494328
0.000596763
0.000696692
0.000796339
0.00089318
0.000997637
0.00111257
0.0012573
0.00144011
0.00169448
0.00202316
0.00258229
0.00328985
0.00471856
0.00500095
0.00334282
0.000354061
0.000342818
0.00070134
0.00110787
0.00148937
0.00186588
0.00223456
0.00262335
0.00300141
0.00341867
0.00384201
0.00433065
0.00486441
0.00548681
0.006142
0.00698809
0.00692147
0.00638836
0.00515984
0.0031871
0.000281683
0.000436798
0.000754627
0.00106564
0.00135551
0.00160677
0.00184678
0.00204402
0.00225712
0.00241196
0.00261393
0.00273522
0.00293832
0.00303986
0.00324073
0.00332309
0.00343624
0.00343734
0.00335982
0.00297833
)
;

boundaryField
{
    movingWall
    {
        type            epsilonWallFunction;
        value           nonuniform List<scalar> 
20
(
0.000281683
0.000436798
0.000754627
0.00106564
0.00135551
0.00160677
0.00184678
0.00204402
0.00225712
0.00241196
0.00261393
0.00273522
0.00293832
0.00303986
0.00324073
0.00332309
0.00343624
0.00343734
0.00335982
0.00297833
)
;
    }
    fixedWalls
    {
        type            epsilonWallFunction;
        value           nonuniform List<scalar> 
60
(
1.22346e-05
5.09393e-05
0.000142375
0.000247615
0.000341019
0.000402237
0.000432582
0.000426529
0.000408115
0.00036974
0.00033926
0.000311073
0.000282871
0.000258798
0.000234278
0.000219012
0.000220743
0.000253938
0.000354061
0.000281683
0.000531242
0.00130569
0.00185864
0.00222626
0.00252447
0.00276928
0.00297843
0.00315013
0.00329105
0.00339457
0.00346533
0.00349899
0.00351076
0.00350691
0.00348256
0.00346665
0.00340906
0.00334282
0.0031871
0.00297833
1.22346e-05
3.25262e-05
4.2446e-05
4.96329e-05
0.000101016
0.000310698
0.000662922
0.00092367
0.00108097
0.00123415
0.00136579
0.0014837
0.00160244
0.00169181
0.00173054
0.00173764
0.0016162
0.00126589
0.000773247
0.000531242
)
;
    }
    frontAndBack
    {
        type            empty;
    }
}


// ************************************************************************* //
