/*--------------------------------*- C++ -*----------------------------------*\
  =========                 |
  \\      /  F ield         | OpenFOAM: The Open Source CFD Toolbox
   \\    /   O peration     | Website:  https://openfoam.org
    \\  /    A nd           | Version:  11
     \\/     M anipulation  |
\*---------------------------------------------------------------------------*/
FoamFile
{
    format      ascii;
    class       volScalarField;
    location    "3";
    object      k;
}
// * * * * * * * * * * * * * * * * * * * * * * * * * * * * * * * * * * * * * //

dimensions      [0 2 -2 0 0 0 0];

internalField   nonuniform List<scalar> 
400
(
3.80757e-06
1.0102e-05
1.31746e-05
1.5477e-05
3.20146e-05
9.87018e-05
0.000208988
0.000289432
0.000338295
0.000386099
0.000426975
0.000463771
0.000500796
0.000528575
0.000540624
0.000542819
0.000504847
0.000395466
0.000241658
0.000166115
1.58699e-05
5.56952e-05
6.30304e-05
7.4105e-05
0.000136148
0.000282644
0.000438186
0.00053676
0.000625079
0.000706906
0.000786599
0.000862046
0.000934626
0.000995539
0.00104372
0.00106531
0.00106776
0.000943797
0.000659218
0.000407732
4.4456e-05
0.00014576
0.000179472
0.000224028
0.000347258
0.000502575
0.000631124
0.000721698
0.000800142
0.000872441
0.000944474
0.00101331
0.00107914
0.00113881
0.00118592
0.00120696
0.00121028
0.00112634
0.000853166
0.000580233
7.74391e-05
0.000239122
0.000297879
0.00036746
0.000490917
0.000621332
0.000726181
0.000807366
0.000873984
0.000937327
0.00099956
0.00106073
0.00112042
0.00118065
0.00124249
0.00128292
0.00129466
0.0012523
0.00100312
0.000694975
0.000106754
0.000316408
0.000391304
0.000468267
0.000577997
0.0006817
0.000764616
0.000830134
0.000885438
0.000938793
0.000993053
0.00104761
0.00110597
0.00117417
0.00125456
0.00134067
0.00138035
0.00137521
0.00114583
0.000788032
0.000125974
0.000366731
0.000453358
0.000528782
0.000618157
0.000695911
0.000763424
0.000823676
0.000871982
0.000914043
0.000951789
0.000992686
0.00104755
0.00112451
0.00123031
0.00136243
0.0014714
0.0014978
0.00129421
0.000864449
0.000135484
0.000389858
0.000481793
0.000546757
0.000617251
0.000689665
0.000750719
0.000801048
0.000836095
0.000861533
0.000884925
0.000916099
0.000967151
0.00105152
0.00118206
0.00136267
0.00155091
0.00162565
0.00145162
0.00092971
0.000133576
0.000386513
0.000479043
0.000542154
0.000606905
0.000670952
0.000721171
0.00075904
0.000784642
0.000799895
0.00081271
0.000834944
0.00088194
0.000971681
0.00112163
0.00134081
0.00160589
0.00174995
0.00161064
0.000983303
0.000127776
0.000374982
0.000468025
0.000528224
0.000582772
0.000634886
0.000677875
0.000708888
0.000727859
0.000736516
0.000742379
0.000758566
0.000803179
0.000897854
0.00106315
0.00131329
0.00163264
0.00186491
0.00177534
0.00102727
0.000115675
0.000354342
0.000446432
0.000504866
0.000550838
0.000592819
0.000628274
0.000653615
0.000668276
0.000673747
0.000677085
0.000691405
0.0007362
0.000836158
0.00101247
0.00128334
0.00164225
0.00196289
0.0019304
0.00105957
0.000106056
0.000329557
0.000423323
0.000482108
0.000523349
0.000555748
0.000581927
0.000600284
0.000610854
0.000615155
0.000619665
0.000635977
0.00068337
0.000787988
0.000970385
0.00125254
0.00163958
0.00203369
0.00207899
0.00108163
9.71911e-05
0.00030408
0.000400845
0.000462356
0.000504352
0.000532578
0.000551412
0.000562657
0.00056821
0.000570994
0.000577355
0.00059631
0.000645723
0.000751197
0.000931825
0.0012137
0.00161424
0.0020658
0.00220973
0.00109212
8.832e-05
0.000279222
0.000379913
0.000445937
0.000492564
0.000524053
0.000543445
0.000552324
0.000553946
0.000554336
0.000558917
0.000576456
0.000622762
0.000721242
0.000890876
0.00116094
0.00156319
0.00207356
0.00231498
0.00109579
8.07457e-05
0.000258277
0.000362036
0.000433004
0.000486455
0.000524686
0.000546789
0.000556637
0.00055775
0.000556978
0.000559804
0.000573347
0.00061141
0.000694729
0.000844769
0.00109226
0.00148063
0.00203946
0.0023645
0.00109456
7.30486e-05
0.000239063
0.000347309
0.000426926
0.000487652
0.000530699
0.000558063
0.000571299
0.000573024
0.000570997
0.000571712
0.000580756
0.000609794
0.00067595
0.000802582
0.00101939
0.00137852
0.00197285
0.00237526
0.00108695
6.82075e-05
0.000230458
0.000345719
0.000430579
0.000496515
0.000546285
0.000580005
0.000598159
0.000603704
0.000602647
0.000602578
0.000608626
0.000630661
0.00068329
0.000789045
0.000986773
0.00132193
0.00190257
0.00225885
0.00108197
6.87061e-05
0.00023582
0.000358361
0.00045305
0.000528475
0.000587514
0.000630312
0.000657675
0.000672452
0.000679576
0.000685981
0.000699026
0.000726425
0.000781677
0.000880705
0.00106063
0.00133396
0.00187576
0.00207113
0.00106397
7.90418e-05
0.000271855
0.000427035
0.000544938
0.000643015
0.000724568
0.000791049
0.000844975
0.000888258
0.000927034
0.000966143
0.00101488
0.00107931
0.00116978
0.00129709
0.00148856
0.00169484
0.00200281
0.00188929
0.00104324
0.000110333
0.000368019
0.000634301
0.000852726
0.00103299
0.0011905
0.00133002
0.00146196
0.0015807
0.00170091
0.00181689
0.00194329
0.00208029
0.00222751
0.00239579
0.002569
0.00252859
0.00231709
0.00182235
0.000994537
8.77738e-05
0.000136191
0.000235432
0.000332541
0.000423024
0.000501403
0.000576258
0.000637708
0.000704131
0.000752323
0.000815289
0.000853037
0.00091642
0.000948067
0.00101083
0.00103657
0.001072
0.00107243
0.00104826
0.000929259
)
;

boundaryField
{
    movingWall
    {
        type            kqRWallFunction;
        value           nonuniform List<scalar> 
20
(
8.77738e-05
0.000136191
0.000235432
0.000332541
0.000423024
0.000501403
0.000576258
0.000637708
0.000704131
0.000752323
0.000815289
0.000853037
0.00091642
0.000948067
0.00101083
0.00103657
0.001072
0.00107243
0.00104826
0.000929259
)
;
    }
    fixedWalls
    {
        type            kqRWallFunction;
        value           nonuniform List<scalar> 
60
(
3.80757e-06
1.58699e-05
4.4456e-05
7.74391e-05
0.000106754
0.000125974
0.000135484
0.000133576
0.000127776
0.000115675
0.000106056
9.71911e-05
8.832e-05
8.07457e-05
7.30486e-05
6.82075e-05
6.87061e-05
7.90418e-05
0.000110333
8.77738e-05
0.000166115
0.000407732
0.000580233
0.000694975
0.000788032
0.000864449
0.00092971
0.000983303
0.00102727
0.00105957
0.00108163
0.00109212
0.00109579
0.00109456
0.00108695
0.00108197
0.00106397
0.00104324
0.000994537
0.000929259
3.80757e-06
1.0102e-05
1.31746e-05
1.5477e-05
3.20146e-05
9.87018e-05
0.000208988
0.000289432
0.000338295
0.000386099
0.000426975
0.000463771
0.000500796
0.000528575
0.000540624
0.000542819
0.000504847
0.000395466
0.000241658
0.000166115
)
;
    }
    frontAndBack
    {
        type            empty;
    }
}


// ************************************************************************* //
