/*--------------------------------*- C++ -*----------------------------------*\
  =========                 |
  \\      /  F ield         | OpenFOAM: The Open Source CFD Toolbox
   \\    /   O peration     | Website:  https://openfoam.org
    \\  /    A nd           | Version:  11
     \\/     M anipulation  |
\*---------------------------------------------------------------------------*/
FoamFile
{
    format      ascii;
    class       volScalarField;
    location    "3";
    object      nut;
}
// * * * * * * * * * * * * * * * * * * * * * * * * * * * * * * * * * * * * * //

dimensions      [0 2 -1 0 0 0 0];

internalField   nonuniform List<scalar> 
400
(
1.06647e-07
2.82375e-07
3.6803e-07
4.34354e-07
9.13167e-07
2.82198e-06
5.92954e-06
8.16241e-06
9.52837e-06
1.08711e-05
1.20133e-05
1.30468e-05
1.40858e-05
1.4863e-05
1.52003e-05
1.52613e-05
1.41927e-05
1.1119e-05
6.79715e-06
4.67483e-06
4.44979e-07
4.89131e-06
4.27968e-06
3.60637e-06
5.35588e-06
1.09874e-05
1.9622e-05
2.67239e-05
3.43592e-05
4.13814e-05
4.76797e-05
5.22371e-05
5.51204e-05
5.58134e-05
5.47052e-05
5.13942e-05
4.92207e-05
3.82913e-05
2.19974e-05
1.14591e-05
1.24931e-06
1.3952e-05
1.33374e-05
1.27811e-05
1.87527e-05
2.88695e-05
4.05888e-05
5.02488e-05
5.94276e-05
6.58344e-05
7.08038e-05
7.38964e-05
7.53403e-05
7.51646e-05
7.27273e-05
6.72695e-05
6.14914e-05
5.11871e-05
3.03145e-05
1.63024e-05
2.17965e-06
2.17152e-05
2.24067e-05
2.37495e-05
3.18429e-05
4.38953e-05
5.57533e-05
6.67685e-05
7.45646e-05
8.03118e-05
8.45998e-05
8.73632e-05
8.8499e-05
8.80039e-05
8.60008e-05
7.98902e-05
7.08255e-05
6.1568e-05
3.89073e-05
1.95256e-05
3.00768e-06
2.8257e-05
3.05952e-05
3.31969e-05
4.27469e-05
5.44975e-05
6.6261e-05
7.59521e-05
8.31207e-05
8.89262e-05
9.37308e-05
9.6871e-05
9.82208e-05
9.79439e-05
9.58213e-05
9.12426e-05
8.01335e-05
7.02379e-05
4.7065e-05
2.21391e-05
3.55075e-06
3.31515e-05
3.81634e-05
4.14593e-05
5.00249e-05
6.05814e-05
7.15628e-05
8.1742e-05
8.95653e-05
9.57568e-05
0.000100031
0.000102693
0.000104221
0.000104271
0.000102582
9.87829e-05
8.91982e-05
7.73046e-05
5.47343e-05
2.42859e-05
3.81903e-06
3.6773e-05
4.37956e-05
4.55559e-05
5.28055e-05
6.42193e-05
7.54434e-05
8.5303e-05
9.25057e-05
9.78799e-05
0.000102036
0.000105312
0.000107579
0.000108385
0.000107474
0.000104856
9.76189e-05
8.34037e-05
6.16405e-05
2.61186e-05
3.7649e-06
3.71039e-05
4.5869e-05
4.81739e-05
5.54296e-05
6.61121e-05
7.62524e-05
8.48183e-05
9.16193e-05
9.68972e-05
0.000101087
0.000105141
0.000108653
0.000110832
0.000110832
0.000108696
0.000104097
8.88418e-05
6.75189e-05
2.76241e-05
3.60049e-06
3.73257e-05
4.89457e-05
5.13597e-05
5.65487e-05
6.50264e-05
7.40918e-05
8.19548e-05
8.82632e-05
9.32623e-05
9.75154e-05
0.000102243
0.000107517
0.000111995
0.000113502
0.000111765
0.000107513
9.34591e-05
7.26415e-05
2.88586e-05
3.25703e-06
3.65699e-05
5.06174e-05
5.37037e-05
5.69305e-05
6.30292e-05
7.04975e-05
7.73679e-05
8.30616e-05
8.76787e-05
9.20052e-05
9.70892e-05
0.000104337
0.000112056
0.000115809
0.000114254
0.000109179
9.75627e-05
7.65809e-05
2.97657e-05
2.98386e-06
3.45382e-05
5.17738e-05
5.63694e-05
5.84156e-05
6.20222e-05
6.72373e-05
7.25528e-05
7.73468e-05
8.16069e-05
8.6057e-05
9.13142e-05
0.000100146
0.000111113
0.000117656
0.000116726
0.000110723
0.000100054
7.96815e-05
3.03848e-05
2.73296e-06
3.18559e-05
5.20938e-05
5.94495e-05
6.16286e-05
6.35857e-05
6.65918e-05
7.01519e-05
7.36097e-05
7.74136e-05
8.19566e-05
8.73413e-05
9.70173e-05
0.000109985
0.000118534
0.000118088
0.0001112
0.000100856
8.19186e-05
3.06791e-05
2.48183e-06
2.8987e-05
5.1635e-05
6.25516e-05
6.6252e-05
6.82168e-05
7.03327e-05
7.29578e-05
7.49671e-05
7.81778e-05
8.21502e-05
8.70224e-05
9.62113e-05
0.000109144
0.000118196
0.000117703
0.000110273
0.000100805
8.32474e-05
3.07818e-05
2.26736e-06
2.66732e-05
5.0845e-05
6.52165e-05
7.16945e-05
7.50619e-05
7.68476e-05
7.87678e-05
8.02395e-05
8.2747e-05
8.63024e-05
9.0172e-05
9.75809e-05
0.00010806
0.000115945
0.000114897
0.0001068
9.86354e-05
8.35362e-05
3.07464e-05
2.04991e-06
2.47269e-05
5.0241e-05
6.84709e-05
7.82104e-05
8.29817e-05
8.53685e-05
8.67549e-05
8.7648e-05
8.85981e-05
9.1011e-05
9.35035e-05
9.8507e-05
0.000105241
0.000109742
0.000106518
9.9067e-05
9.50893e-05
8.32435e-05
3.05328e-05
1.91178e-06
2.50878e-05
5.21794e-05
7.05652e-05
8.16293e-05
8.80628e-05
9.17053e-05
9.35057e-05
9.42913e-05
9.43667e-05
9.47199e-05
9.50319e-05
9.60234e-05
9.76657e-05
9.91254e-05
9.81584e-05
9.32565e-05
8.97849e-05
7.84507e-05
3.03925e-05
1.92462e-06
2.7422e-05
5.40683e-05
7.22971e-05
8.36361e-05
9.03623e-05
9.37919e-05
9.47237e-05
9.39714e-05
9.19574e-05
8.9375e-05
8.66521e-05
8.4219e-05
8.27167e-05
8.30618e-05
8.39356e-05
8.19063e-05
8.39572e-05
7.28987e-05
2.98858e-05
2.21426e-06
3.21488e-05
5.56125e-05
6.8089e-05
7.52783e-05
7.91771e-05
8.08367e-05
8.06924e-05
7.95026e-05
7.75285e-05
7.55086e-05
7.37281e-05
7.28016e-05
7.26801e-05
7.4843e-05
7.72268e-05
7.85822e-05
7.65087e-05
6.42375e-05
2.93018e-05
3.09438e-06
3.55564e-05
5.16304e-05
5.90708e-05
6.44815e-05
6.83625e-05
7.12465e-05
7.33264e-05
7.49236e-05
7.61638e-05
7.73288e-05
7.84809e-05
8.00683e-05
8.13882e-05
8.41066e-05
8.49987e-05
8.31386e-05
7.56377e-05
5.79255e-05
2.79311e-05
2.46157e-06
3.82171e-06
6.61062e-06
9.33943e-06
1.18814e-05
1.40819e-05
1.61831e-05
1.79061e-05
1.97695e-05
2.11194e-05
2.28861e-05
2.39434e-05
2.57236e-05
2.66113e-05
2.83765e-05
2.91005e-05
3.00989e-05
3.01135e-05
2.94351e-05
2.60941e-05
)
;

boundaryField
{
    movingWall
    {
        type            nutkWallFunction;
        Cmu             0.09;
        kappa           0.41;
        E               9.8;
        value           uniform 0;
    }
    fixedWalls
    {
        type            nutkWallFunction;
        Cmu             0.09;
        kappa           0.41;
        E               9.8;
        value           uniform 0;
    }
    frontAndBack
    {
        type            empty;
    }
}


// ************************************************************************* //
