/*--------------------------------*- C++ -*----------------------------------*\
  =========                 |
  \\      /  F ield         | OpenFOAM: The Open Source CFD Toolbox
   \\    /   O peration     | Website:  https://openfoam.org
    \\  /    A nd           | Version:  11
     \\/     M anipulation  |
\*---------------------------------------------------------------------------*/
FoamFile
{
    format      ascii;
    class       volScalarField;
    location    "3";
    object      p;
}
// * * * * * * * * * * * * * * * * * * * * * * * * * * * * * * * * * * * * * //

dimensions      [0 2 -2 0 0 0 0];

internalField   nonuniform List<scalar> 
400
(
8.13929e-10
-3.45894e-05
-8.13673e-05
-0.000154923
-0.000176798
-0.000131982
-0.000339572
-0.000938764
-0.00170014
-0.00235018
-0.00272901
-0.00272288
-0.00228716
-0.00142848
-0.000170495
0.00138911
0.00302637
0.00439494
0.00517861
0.00530198
3.38453e-05
-3.14069e-06
-5.07342e-05
-0.000128403
-0.000248273
-0.000434386
-0.000817177
-0.00146802
-0.00220237
-0.00281204
-0.00319589
-0.00324034
-0.0029024
-0.00214428
-0.00097606
0.000516845
0.00215917
0.00363759
0.00462366
0.00498991
0.000107841
5.29236e-05
-2.46742e-05
-0.000178172
-0.000447052
-0.000881238
-0.00150261
-0.00225348
-0.00299302
-0.00360888
-0.00400439
-0.00406656
-0.00377251
-0.00311025
-0.00209294
-0.000766979
0.000764537
0.00228506
0.00348795
0.00407003
0.000103448
1.97516e-05
-0.00010431
-0.000354793
-0.000806807
-0.00147698
-0.00230145
-0.00315871
-0.00393949
-0.00455797
-0.00492765
-0.00499927
-0.00475512
-0.00419007
-0.00332037
-0.00217535
-0.000814998
0.00062212
0.00188921
0.00255113
-3.73143e-05
-0.000160164
-0.000347952
-0.00070397
-0.00130905
-0.00214823
-0.00309703
-0.00401761
-0.0048173
-0.00542475
-0.00578225
-0.00586397
-0.00566443
-0.00519212
-0.00446517
-0.00350501
-0.00234496
-0.00106456
0.000149375
0.000776627
-0.000327733
-0.000485024
-0.000732184
-0.00117571
-0.00187489
-0.00279476
-0.00379788
-0.00474063
-0.00553838
-0.0061309
-0.00647784
-0.00656649
-0.00640338
-0.0060091
-0.005407
-0.00461685
-0.00365895
-0.00257609
-0.00151012
-0.00092928
-0.000725047
-0.000901416
-0.00118565
-0.00167267
-0.00240884
-0.00333862
-0.00434393
-0.00527854
-0.0060597
-0.00663311
-0.00696775
-0.00705948
-0.00692424
-0.00659214
-0.00609271
-0.00544647
-0.00466719
-0.00378031
-0.00291909
-0.00238314
-0.00115844
-0.0013341
-0.00162941
-0.00211308
-0.00283511
-0.00373019
-0.00470065
-0.00560507
-0.0063585
-0.00690894
-0.00722995
-0.00732263
-0.00720879
-0.00692599
-0.00650926
-0.00598083
-0.00535035
-0.00463468
-0.00396598
-0.00349193
-0.00155686
-0.00171953
-0.00200107
-0.00244872
-0.0031183
-0.00394831
-0.00485705
-0.00571188
-0.00642816
-0.00695301
-0.0072607
-0.00735417
-0.00725814
-0.00701574
-0.00666547
-0.00623092
-0.00572086
-0.00514469
-0.00463867
-0.00421772
-0.00188586
-0.00201691
-0.00227084
-0.00266838
-0.00325892
-0.00399753
-0.00481863
-0.00560773
-0.00627909
-0.00677684
-0.007073
-0.00716917
-0.00709212
-0.00688592
-0.0065904
-0.00622949
-0.00581608
-0.00533684
-0.00495718
-0.00457563
-0.00212275
-0.00222259
-0.00243584
-0.00277656
-0.00327359
-0.00390501
-0.00461927
-0.00532821
-0.00594646
-0.00641479
-0.00670158
-0.00680473
-0.00675041
-0.00657944
-0.00632983
-0.00602629
-0.00568736
-0.00525247
-0.0049857
-0.00458859
-0.00226875
-0.00234173
-0.00250831
-0.00278552
-0.00319033
-0.00371353
-0.00431794
-0.00493652
-0.00549337
-0.00592875
-0.00620734
-0.00632174
-0.00629319
-0.00615614
-0.00594386
-0.00567923
-0.00538226
-0.00494799
-0.0048066
-0.00429368
-0.00235194
-0.00239442
-0.00251066
-0.00272369
-0.00304575
-0.00347159
-0.00397462
-0.00450464
-0.00499821
-0.00539896
-0.0056692
-0.00579596
-0.00579237
-0.00568379
-0.005497
-0.00525132
-0.00496598
-0.0044893
-0.00450096
-0.00371993
-0.00239782
-0.00240406
-0.00246669
-0.00261843
-0.0028703
-0.00321689
-0.00363686
-0.00409129
-0.00452824
-0.00489679
-0.00515854
-0.0052953
-0.00531073
-0.00522265
-0.00504787
-0.00480131
-0.00450345
-0.00395994
-0.00409348
-0.00291174
-0.00242316
-0.00238552
-0.00239254
-0.00248727
-0.00268129
-0.00296795
-0.00332699
-0.00372537
-0.00411935
-0.00446305
-0.00471866
-0.00486394
-0.00489413
-0.00481538
-0.00463853
-0.00437104
-0.00403864
-0.00340187
-0.00357413
-0.00189238
-0.00244827
-0.00234643
-0.00229752
-0.00233954
-0.0024862
-0.00272934
-0.00304769
-0.00341019
-0.00377726
-0.00410632
-0.00436089
-0.00451521
-0.00455739
-0.00448291
-0.0042946
-0.00398458
-0.00357602
-0.0027712
-0.0028382
-0.000522413
-0.00249656
-0.00229866
-0.00218926
-0.00217739
-0.002282
-0.00249293
-0.00278595
-0.00312995
-0.00348787
-0.00381648
-0.00407733
-0.0042426
-0.00429573
-0.00422129
-0.00401118
-0.0036146
-0.00304709
-0.00194402
-0.00160194
0.00208802
-0.00259386
-0.00225763
-0.00208726
-0.00201264
-0.0020816
-0.00227193
-0.00255358
-0.00289232
-0.00325063
-0.00358738
-0.00386537
-0.00404755
-0.00410761
-0.00400951
-0.00372576
-0.00318419
-0.00235433
-0.000698774
0.000846457
0.00792039
-0.00290551
-0.00231706
-0.00203536
-0.00190492
-0.00194873
-0.00213117
-0.00241579
-0.00276469
-0.00313874
-0.0034923
-0.00379412
-0.00399367
-0.00407215
-0.00396559
-0.00364841
-0.00294096
-0.00163316
0.0011009
0.00536512
0.0178779
-0.00324776
-0.000834869
-0.000559615
-0.00063903
-0.000793839
-0.00104586
-0.00140529
-0.00183655
-0.00228834
-0.00271272
-0.00306354
-0.00330804
-0.00339114
-0.00327261
-0.00283918
-0.00198607
-0.000157193
0.00418944
0.0126598
0.0283768
)
;

boundaryField
{
    movingWall
    {
        type            zeroGradient;
    }
    fixedWalls
    {
        type            zeroGradient;
    }
    frontAndBack
    {
        type            empty;
    }
}


// ************************************************************************* //
