/*--------------------------------*- C++ -*----------------------------------*\
  =========                 |
  \\      /  F ield         | OpenFOAM: The Open Source CFD Toolbox
   \\    /   O peration     | Website:  https://openfoam.org
    \\  /    A nd           | Version:  11
     \\/     M anipulation  |
\*---------------------------------------------------------------------------*/
FoamFile
{
    format      ascii;
    class       surfaceScalarField;
    location    "3";
    object      phi;
}
// * * * * * * * * * * * * * * * * * * * * * * * * * * * * * * * * * * * * * //

dimensions      [0 3 -1 0 0 0 0];

internalField   nonuniform List<scalar> 
760
(
6.26585e-08
-6.26586e-08
4.27111e-08
1.99475e-08
-3.80381e-08
8.07492e-08
-2.54192e-07
2.16154e-07
-7.83163e-07
5.28971e-07
-1.71295e-06
9.29786e-07
-2.83695e-06
1.124e-06
-3.82557e-06
9.88625e-07
-4.59318e-06
7.67608e-07
-5.16739e-06
5.74209e-07
-5.51548e-06
3.48092e-07
-5.6684e-06
1.52919e-07
-5.6082e-06
-6.02034e-08
-5.33314e-06
-2.75055e-07
-4.84056e-06
-4.92579e-07
-4.09048e-06
-7.50081e-07
-3.09065e-06
-9.99829e-07
-1.88558e-06
-1.20507e-06
-6.82172e-07
-1.20341e-06
-6.82172e-07
-1.08671e-07
4.60121e-08
-3.68921e-07
2.80198e-07
-7.85059e-07
4.96887e-07
-1.45949e-06
8.90589e-07
-2.39976e-06
1.46924e-06
-3.34384e-06
1.87387e-06
-4.09609e-06
1.87625e-06
-4.72575e-06
1.61828e-06
-5.25113e-06
1.293e-06
-5.62913e-06
9.52209e-07
-5.86997e-06
5.88926e-07
-5.94378e-06
2.26731e-07
-5.85457e-06
-1.49412e-07
-5.60126e-06
-5.28362e-07
-5.1612e-06
-9.32642e-07
-4.5251e-06
-1.38618e-06
-3.658e-06
-1.86693e-06
-2.54043e-06
-2.32265e-06
-1.22054e-06
-2.52329e-06
-1.90272e-06
-3.25501e-07
3.71513e-07
-8.13435e-07
7.68132e-07
-1.45105e-06
1.1345e-06
-2.23967e-06
1.67921e-06
-3.0408e-06
2.27037e-06
-3.70818e-06
2.54125e-06
-4.23262e-06
2.4007e-06
-4.66965e-06
2.0553e-06
-5.02017e-06
1.64352e-06
-5.24987e-06
1.18191e-06
-5.36929e-06
7.08341e-07
-5.3685e-06
2.25942e-07
-5.25872e-06
-2.59192e-07
-5.031e-06
-7.56075e-07
-4.66863e-06
-1.29502e-06
-4.16006e-06
-1.89474e-06
-3.47302e-06
-2.55397e-06
-2.56412e-06
-3.23154e-06
-1.38366e-06
-3.70376e-06
-3.28638e-06
-4.65442e-07
8.36955e-07
-1.04085e-06
1.34354e-06
-1.69868e-06
1.79233e-06
-2.3934e-06
2.37393e-06
-3.00223e-06
2.87919e-06
-3.46985e-06
3.00887e-06
-3.84039e-06
2.77124e-06
-4.13932e-06
2.35423e-06
-4.35675e-06
1.86095e-06
-4.49231e-06
1.31746e-06
-4.54239e-06
7.58426e-07
-4.5103e-06
1.93855e-07
-4.39772e-06
-3.7178e-07
-4.19986e-06
-9.53933e-07
-3.91339e-06
-1.58148e-06
-3.52397e-06
-2.28417e-06
-2.99766e-06
-3.08027e-06
-2.2834e-06
-3.94581e-06
-1.29323e-06
-4.69393e-06
-4.5796e-06
-4.97919e-07
1.33487e-06
-1.05583e-06
1.90145e-06
-1.63251e-06
2.36902e-06
-2.1805e-06
2.92192e-06
-2.61463e-06
3.31332e-06
-2.9443e-06
3.33854e-06
-3.20754e-06
3.03448e-06
-3.41208e-06
2.55877e-06
-3.5514e-06
2.00027e-06
-3.62652e-06
1.39258e-06
-3.63624e-06
7.68144e-07
-3.5848e-06
1.42412e-07
-3.47584e-06
-4.80738e-07
-3.31277e-06
-1.117e-06
-3.09706e-06
-1.7972e-06
-2.81742e-06
-2.56381e-06
-2.4404e-06
-3.45729e-06
-1.90656e-06
-4.47965e-06
-1.11233e-06
-5.48816e-06
-5.69193e-06
-4.46001e-07
1.78088e-06
-9.2277e-07
2.37822e-06
-1.37758e-06
2.82382e-06
-1.77321e-06
3.31755e-06
-2.06251e-06
3.60263e-06
-2.28976e-06
3.56579e-06
-2.47268e-06
3.2174e-06
-2.61164e-06
2.69773e-06
-2.70134e-06
2.08997e-06
-2.74208e-06
1.43332e-06
-2.73412e-06
7.60177e-07
-2.68121e-06
8.9506e-08
-2.58906e-06
-5.72894e-07
-2.46585e-06
-1.2402e-06
-2.31652e-06
-1.94653e-06
-2.13366e-06
-2.74668e-06
-1.8875e-06
-3.70345e-06
-1.51574e-06
-4.85141e-06
-9.17492e-07
-6.08641e-06
-6.60942e-06
-3.47672e-07
2.12855e-06
-7.09555e-07
2.74011e-06
-1.03053e-06
3.1448e-06
-1.28128e-06
3.5683e-06
-1.45141e-06
3.77276e-06
-1.58812e-06
3.7025e-06
-1.70425e-06
3.33353e-06
-1.79495e-06
2.78842e-06
-1.85375e-06
2.14878e-06
-1.87919e-06
1.45876e-06
-1.87093e-06
7.51922e-07
-1.83229e-06
5.08634e-08
-1.77005e-06
-6.35132e-07
-1.6947e-06
-1.31555e-06
-1.61367e-06
-2.02757e-06
-1.52272e-06
-2.83762e-06
-1.39731e-06
-3.82887e-06
-1.17611e-06
-5.07261e-06
-7.45344e-07
-6.51718e-06
-7.35477e-06
-2.25287e-07
2.35383e-06
-4.6458e-07
2.9794e-06
-6.55451e-07
3.33567e-06
-7.7265e-07
3.6855e-06
-8.3966e-07
3.83977e-06
-8.90376e-07
3.75322e-06
-9.44314e-07
3.38747e-06
-9.94073e-07
2.83818e-06
-1.03146e-06
2.18617e-06
-1.05275e-06
1.48005e-06
-1.05623e-06
7.55402e-07
-1.04431e-06
3.89468e-08
-1.02301e-06
-6.56434e-07
-1.00318e-06
-1.33538e-06
-9.92785e-07
-2.03796e-06
-9.88651e-07
-2.84175e-06
-9.67104e-07
-3.85041e-06
-8.69829e-07
-5.16988e-06
-6.06764e-07
-6.78024e-06
-7.96153e-06
-1.05599e-07
2.45943e-06
-2.22101e-07
3.0959e-06
-2.93707e-07
3.40728e-06
-2.95143e-07
3.68693e-06
-2.68585e-07
3.81321e-06
-2.35832e-07
3.72046e-06
-2.2586e-07
3.3775e-06
-2.33049e-07
2.84537e-06
-2.5006e-07
2.20318e-06
-2.71236e-07
1.50123e-06
-2.933e-07
7.77465e-07
-3.16869e-07
6.25159e-08
-3.45601e-07
-6.27702e-07
-3.88479e-07
-1.2925e-06
-4.52147e-07
-1.97429e-06
-5.33595e-07
-2.7603e-06
-6.0923e-07
-3.77478e-06
-6.19739e-07
-5.15937e-06
-4.81923e-07
-6.91806e-06
-8.44345e-06
1.21122e-08
2.44732e-06
-5.56544e-09
3.11358e-06
2.25441e-08
3.37917e-06
1.14225e-07
3.59525e-06
2.34639e-07
3.69279e-06
3.51108e-07
3.60399e-06
4.2989e-07
3.29871e-06
4.68743e-07
2.80652e-06
4.74146e-07
2.19777e-06
4.5287e-07
1.5225e-06
4.09357e-07
8.20978e-07
3.45513e-07
1.2636e-07
2.60918e-07
-5.43107e-07
1.51717e-07
-1.1833e-06
1.43458e-08
-1.83692e-06
-1.48472e-07
-2.59748e-06
-3.14343e-07
-3.60891e-06
-4.20727e-07
-5.05299e-06
-3.95402e-07
-6.94338e-06
-8.83886e-06
9.09949e-08
2.35633e-06
1.61599e-07
3.04297e-06
2.64916e-07
3.27585e-06
4.31137e-07
3.42903e-06
6.31284e-07
3.49265e-06
8.25797e-07
3.40948e-06
9.77851e-07
3.14666e-06
1.07076e-06
2.71361e-06
1.10706e-06
2.16147e-06
1.09221e-06
1.53736e-06
1.03108e-06
8.82108e-07
9.28552e-07
2.28885e-07
7.88273e-07
-4.02828e-07
6.14712e-07
-1.00974e-06
4.08567e-07
-1.63078e-06
1.74145e-07
-2.36306e-06
-6.63554e-08
-3.36841e-06
-2.58288e-07
-4.86106e-06
-3.22501e-07
-6.87917e-06
-9.16136e-06
1.51678e-07
2.20465e-06
2.8419e-07
2.91046e-06
4.43359e-07
3.11668e-06
6.55235e-07
3.21715e-06
9.06065e-07
3.24182e-06
1.1593e-06
3.15625e-06
1.375e-06
2.93096e-06
1.52506e-06
2.56355e-06
1.60128e-06
2.08526e-06
1.60417e-06
1.53446e-06
1.53766e-06
9.48615e-07
1.40868e-06
3.57868e-07
1.22458e-06
-2.18724e-07
9.98568e-07
-7.83732e-07
7.35929e-07
-1.36814e-06
4.41089e-07
-2.06822e-06
1.31309e-07
-3.05863e-06
-1.34398e-07
-4.59535e-06
-2.78319e-07
-6.73525e-06
-9.43968e-06
1.89248e-07
2.0154e-06
3.6293e-07
2.73678e-06
5.58547e-07
2.92106e-06
7.97525e-07
2.97818e-06
1.07371e-06
2.96563e-06
1.35889e-06
2.87107e-06
1.61563e-06
2.67422e-06
1.81096e-06
2.36822e-06
1.92703e-06
1.96919e-06
1.957e-06
1.50448e-06
1.90155e-06
1.00408e-06
1.7671e-06
4.92316e-07
1.56213e-06
-1.37534e-08
1.30544e-06
-5.27047e-07
1.0051e-06
-1.0678e-06
6.65898e-07
-1.72902e-06
2.99882e-07
-2.69261e-06
-3.62602e-08
-4.25921e-06
-2.29619e-07
-6.54189e-06
-9.66929e-06
1.94391e-07
1.82101e-06
3.94123e-07
2.53705e-06
6.16363e-07
2.69882e-06
8.72962e-07
2.72158e-06
1.15974e-06
2.67885e-06
1.45606e-06
2.57475e-06
1.73157e-06
2.3987e-06
1.95468e-06
2.14511e-06
2.10246e-06
1.8214e-06
2.16223e-06
1.44472e-06
2.13036e-06
1.03594e-06
2.00995e-06
6.12727e-07
1.81355e-06
1.82654e-07
1.55009e-06
-2.63597e-07
1.23389e-06
-7.51592e-07
8.69256e-07
-1.36439e-06
4.65088e-07
-2.28844e-06
8.23681e-08
-3.87649e-06
-1.56634e-07
-6.30289e-06
-9.82593e-06
1.68135e-07
1.65287e-06
3.81053e-07
2.32413e-06
6.24298e-07
2.45558e-06
8.95404e-07
2.45047e-06
1.18839e-06
2.38587e-06
1.48761e-06
2.27553e-06
1.76927e-06
2.11704e-06
2.00663e-06
1.90775e-06
2.17712e-06
1.65091e-06
2.26589e-06
1.35594e-06
2.26586e-06
1.03598e-06
2.17723e-06
7.01353e-07
2.00563e-06
3.54261e-07
1.75981e-06
-1.77824e-08
1.44759e-06
-4.39367e-07
1.07511e-06
-9.91905e-07
6.51116e-07
-1.86445e-06
2.44512e-07
-3.46988e-06
-9.23994e-09
-6.04914e-06
-9.83517e-06
1.10258e-07
1.54262e-06
3.21782e-07
2.11261e-06
5.81749e-07
2.19561e-06
8.69731e-07
2.16249e-06
1.17436e-06
2.08124e-06
1.48053e-06
1.96937e-06
1.76896e-06
1.82861e-06
2.01827e-06
1.65844e-06
2.20927e-06
1.45992e-06
2.32844e-06
1.23677e-06
2.36696e-06
9.97457e-07
2.32192e-06
7.46393e-07
2.19299e-06
4.83188e-07
1.98226e-06
1.92947e-07
1.69375e-06
-1.50853e-07
1.33643e-06
-6.34588e-07
9.1041e-07
-1.43843e-06
4.68602e-07
-3.02808e-06
1.32153e-07
-5.71269e-06
-9.70302e-06
-2.86346e-09
1.54548e-06
2.00234e-07
1.90951e-06
4.76905e-07
1.91894e-06
7.94937e-07
1.84446e-06
1.1273e-06
1.74888e-06
1.45711e-06
1.63955e-06
1.76825e-06
1.51746e-06
2.04518e-06
1.38151e-06
2.27289e-06
1.23221e-06
2.4379e-06
1.07176e-06
2.52887e-06
9.06487e-07
2.54142e-06
7.33848e-07
2.4728e-06
5.51802e-07
2.32441e-06
3.41345e-07
2.08611e-06
8.74429e-08
1.77104e-06
-3.19515e-07
1.35106e-06
-1.01846e-06
8.46331e-07
-2.52335e-06
3.4652e-07
-5.21288e-06
-9.3565e-06
-2.72943e-07
1.81842e-06
-3.19456e-08
1.66851e-06
3.47721e-07
1.53928e-06
7.54214e-07
1.43796e-06
1.16257e-06
1.34053e-06
1.56043e-06
1.24169e-06
1.93516e-06
1.14274e-06
2.27417e-06
1.0425e-06
2.56362e-06
9.42758e-07
2.79613e-06
8.39245e-07
2.9657e-06
7.36921e-07
3.07181e-06
6.27737e-07
3.10539e-06
5.18226e-07
3.06177e-06
3.84963e-07
2.93226e-06
2.16953e-07
2.70795e-06
-9.52009e-08
2.29286e-06
-6.03366e-07
1.68126e-06
-1.91175e-06
8.17234e-07
-4.34885e-06
-8.53926e-06
-3.25422e-07
2.14384e-06
1.24461e-07
1.21863e-06
6.80501e-07
9.83235e-07
1.23702e-06
8.81442e-07
1.77606e-06
8.01487e-07
2.29174e-06
7.26008e-07
2.77751e-06
6.56973e-07
3.22601e-06
5.93995e-07
3.62692e-06
5.4185e-07
3.98297e-06
4.83197e-07
4.27946e-06
4.40435e-07
4.53234e-06
3.74857e-07
4.71304e-06
3.37523e-07
4.84814e-06
2.49867e-07
4.86835e-06
1.96739e-07
4.75575e-06
1.74018e-08
4.45055e-06
-2.98166e-07
3.75567e-06
-1.21688e-06
2.2041e-06
-2.79727e-06
-6.33517e-06
2.14384e-06
3.36247e-06
4.34571e-06
5.22715e-06
6.02864e-06
6.75464e-06
7.41162e-06
8.00561e-06
8.54746e-06
9.03066e-06
9.47109e-06
9.84595e-06
1.01835e-05
1.04333e-05
1.06301e-05
1.06475e-05
1.03493e-05
9.13244e-06
6.33517e-06
)
;

boundaryField
{
    movingWall
    {
        type            calculated;
        value           uniform 0;
    }
    fixedWalls
    {
        type            calculated;
        value           uniform 0;
    }
    frontAndBack
    {
        type            empty;
    }
}


// ************************************************************************* //
