/*--------------------------------*- C++ -*----------------------------------*\
  =========                 |
  \\      /  F ield         | OpenFOAM: The Open Source CFD Toolbox
   \\    /   O peration     | Website:  https://openfoam.org
    \\  /    A nd           | Version:  11
     \\/     M anipulation  |
\*---------------------------------------------------------------------------*/
FoamFile
{
    format      ascii;
    class       volVectorField;
    location    "3";
    object      U;
}
// * * * * * * * * * * * * * * * * * * * * * * * * * * * * * * * * * * * * * //

dimensions      [0 1 -1 0 0 0 0];

internalField   nonuniform List<vector> 
400
(
(0.000969315 -0.00119657 0)
(0.00139489 -0.0008415 0)
(0.000397823 -0.000759959 0)
(-0.0021577 -0.000556204 0)
(-0.00836582 0.00094645 0)
(-0.0211445 0.00562932 0)
(-0.0451955 0.0116329 0)
(-0.0698401 0.0108205 0)
(-0.0865323 0.00772144 0)
(-0.099937 0.00594323 0)
(-0.108706 0.00353373 0)
(-0.112819 0.00140748 0)
(-0.113912 -0.0010079 0)
(-0.109974 -0.00410186 0)
(-0.101975 -0.0064235 0)
(-0.0888548 -0.0091524 0)
(-0.0710617 -0.0111502 0)
(-0.0492736 -0.0124374 0)
(-0.0250402 -0.0103014 0)
(-0.00474148 -0.00292696 0)
(-0.000540746 -0.00126112 0)
(-0.00401297 0.00170926 0)
(-0.0104183 0.00422468 0)
(-0.0207553 0.00978544 0)
(-0.0376039 0.0208539 0)
(-0.0571814 0.0303469 0)
(-0.0749189 0.03126 0)
(-0.090133 0.0267617 0)
(-0.101304 0.0214558 0)
(-0.109989 0.0160758 0)
(-0.11625 0.00965333 0)
(-0.119131 0.00401159 0)
(-0.118968 -0.00200929 0)
(-0.115198 -0.00831751 0)
(-0.108057 -0.0151482 0)
(-0.0969019 -0.0230152 0)
(-0.0815567 -0.0309103 0)
(-0.0620161 -0.0372166 0)
(-0.0381984 -0.0373811 0)
(-0.0126063 -0.0225679 0)
(-0.00283222 0.00343159 0)
(-0.0105676 0.0101967 0)
(-0.0213327 0.0164611 0)
(-0.0360606 0.0265891 0)
(-0.0529011 0.0386813 0)
(-0.0682764 0.0451698 0)
(-0.080375 0.0432051 0)
(-0.090127 0.0368063 0)
(-0.0977592 0.0292417 0)
(-0.103784 0.0209653 0)
(-0.107034 0.0128037 0)
(-0.108 0.0043071 0)
(-0.106827 -0.00446627 0)
(-0.103444 -0.0135369 0)
(-0.097439 -0.0232774 0)
(-0.088538 -0.0341042 0)
(-0.0762828 -0.0459207 0)
(-0.0603941 -0.0578492 0)
(-0.039789 -0.0648361 0)
(-0.0160396 -0.053489 0)
(-0.00463819 0.0119709 0)
(-0.0144903 0.0211311 0)
(-0.0263289 0.0295409 0)
(-0.0406695 0.0411242 0)
(-0.0546438 0.0520533 0)
(-0.0658082 0.0558049 0)
(-0.0739896 0.0518937 0)
(-0.0805769 0.0442466 0)
(-0.0856839 0.0351308 0)
(-0.0892077 0.0250667 0)
(-0.090859 0.0146183 0)
(-0.0909833 0.0040947 0)
(-0.0894755 -0.0065666 0)
(-0.0863329 -0.017636 0)
(-0.081463 -0.0295853 0)
(-0.0746727 -0.0429136 0)
(-0.0653494 -0.0577823 0)
(-0.0528798 -0.0735183 0)
(-0.035698 -0.0861987 0)
(-0.0152722 -0.0814329 0)
(-0.00523732 0.0216491 0)
(-0.0152835 0.0325051 0)
(-0.0261086 0.0418179 0)
(-0.0382292 0.0532448 0)
(-0.0488678 0.062267 0)
(-0.0565571 0.0636138 0)
(-0.0622686 0.0581878 0)
(-0.0668108 0.0492808 0)
(-0.0701946 0.0387362 0)
(-0.0722606 0.0271657 0)
(-0.0729924 0.0152378 0)
(-0.0725091 0.00327926 0)
(-0.0708434 -0.00873508 0)
(-0.0680847 -0.0210791 0)
(-0.064293 -0.0343399 0)
(-0.0593829 -0.0492717 0)
(-0.0528047 -0.0664904 0)
(-0.0436008 -0.0857311 0)
(-0.0298928 -0.103665 0)
(-0.0139725 -0.105344 0)
(-0.00477325 0.0310662 0)
(-0.0136849 0.0429336 0)
(-0.0224526 0.0522126 0)
(-0.031913 0.0627183 0)
(-0.039076 0.069402 0)
(-0.0443319 0.0692239 0)
(-0.0482533 0.0626878 0)
(-0.0513303 0.0527122 0)
(-0.0535559 0.0409952 0)
(-0.0547728 0.0282815 0)
(-0.0550134 0.0152333 0)
(-0.0543298 0.00221311 0)
(-0.052813 -0.0107308 0)
(-0.0506199 -0.0238626 0)
(-0.0478972 -0.0378427 0)
(-0.044639 -0.0536561 0)
(-0.0404452 -0.0723796 0)
(-0.0342196 -0.0944073 0)
(-0.0241367 -0.117164 0)
(-0.0118235 -0.124564 0)
(-0.00374182 0.0391648 0)
(-0.010719 0.0514315 0)
(-0.0170263 0.0600155 0)
(-0.0236549 0.0692515 0)
(-0.0278022 0.0740762 0)
(-0.0310036 0.0729845 0)
(-0.0334286 0.0657444 0)
(-0.0353632 0.0550167 0)
(-0.0368015 0.0424612 0)
(-0.0375631 0.0289208 0)
(-0.0376553 0.0150533 0)
(-0.0371078 0.00127423 0)
(-0.0360305 -0.0122785 0)
(-0.0346144 -0.0258253 0)
(-0.0330577 -0.040087 0)
(-0.0314032 -0.0562799 0)
(-0.029354 -0.0758672 0)
(-0.0258193 -0.0999344 0)
(-0.019728 -0.127175 0)
(-0.00887947 -0.140921 0)
(-0.00229815 0.044952 0)
(-0.00712773 0.0575232 0)
(-0.0110217 0.0652276 0)
(-0.0147335 0.0730728 0)
(-0.0164594 0.0765403 0)
(-0.0176906 0.0749479 0)
(-0.0187087 0.0675234 0)
(-0.019636 0.0564748 0)
(-0.0204646 0.0434561 0)
(-0.0209799 0.0294037 0)
(-0.0211514 0.0150075 0)
(-0.0209914 0.000756093 0)
(-0.0205938 -0.0131155 0)
(-0.020147 -0.0267647 0)
(-0.0198602 -0.0409642 0)
(-0.0197902 -0.0571609 0)
(-0.0196577 -0.0772116 0)
(-0.0183743 -0.102927 0)
(-0.0156253 -0.133601 0)
(-0.00730589 -0.153794 0)
(-0.00103018 0.0485872 0)
(-0.00345433 0.0612229 0)
(-0.00518331 0.0679169 0)
(-0.00617159 0.0742391 0)
(-0.00591151 0.0770497 0)
(-0.00521585 0.0752418 0)
(-0.00475327 0.0680401 0)
(-0.0046744 0.0571303 0)
(-0.00491061 0.0440718 0)
(-0.00524606 0.0298797 0)
(-0.00561218 0.0152932 0)
(-0.00600327 0.000873938 0)
(-0.0064749 -0.013032 0)
(-0.00716833 -0.0265172 0)
(-0.00825288 -0.0403993 0)
(-0.00978134 -0.0563338 0)
(-0.0115051 -0.076596 0)
(-0.0122581 -0.103693 0)
(-0.0124127 -0.137455 0)
(-0.00549638 -0.164464 0)
(0.000582022 0.0494121 0)
(-0.000131612 0.0625599 0)
(-5.1658e-05 0.0683293 0)
(0.00107815 0.0732663 0)
(0.00330373 0.0756005 0)
(0.00577305 0.0737865 0)
(0.00773426 0.0673301 0)
(0.00897179 0.0569624 0)
(0.00943415 0.0443148 0)
(0.00933201 0.0304053 0)
(0.00875906 0.0160205 0)
(0.00774641 0.00178008 0)
(0.00628485 -0.011869 0)
(0.0043356 -0.0249598 0)
(0.00184159 -0.0383379 0)
(-0.0012256 -0.0538222 0)
(-0.00476605 -0.0741193 0)
(-0.00720808 -0.102428 0)
(-0.0100769 -0.13883 0)
(-0.00437005 -0.172961 0)
(0.00127184 0.0484836 0)
(0.00246597 0.0620038 0)
(0.004073 0.0669605 0)
(0.00672696 0.0706305 0)
(0.0104533 0.0723195 0)
(0.0145072 0.0706823 0)
(0.0180167 0.0650394 0)
(0.0205368 0.0557542 0)
(0.0218748 0.0440368 0)
(0.0221562 0.0309026 0)
(0.0214772 0.0171827 0)
(0.0198989 0.00353291 0)
(0.0174591 -0.00955823 0)
(0.0142694 -0.0220722 0)
(0.0104434 -0.0348435 0)
(0.00598836 -0.0497882 0)
(0.000751952 -0.0699862 0)
(-0.00292505 -0.0993633 0)
(-0.00829661 -0.138357 0)
(-0.00307199 -0.180095 0)
(0.00183914 0.0461132 0)
(0.00438983 0.0599308 0)
(0.00710531 0.0642477 0)
(0.0107552 0.0667468 0)
(0.0154411 0.0676463 0)
(0.0205957 0.0660371 0)
(0.0253778 0.061237 0)
(0.0291224 0.0532721 0)
(0.0314531 0.0429355 0)
(0.0323175 0.0310948 0)
(0.0317582 0.0185577 0)
(0.0298526 0.00596649 0)
(0.026676 -0.00622918 0)
(0.0224898 -0.0179922 0)
(0.0175694 -0.030082 0)
(0.0119627 -0.0444301 0)
(0.00526449 -0.0644168 0)
(0.000836225 -0.094711 0)
(-0.0073479 -0.136264 0)
(-0.00184895 -0.185967 0)
(0.00220141 0.0424795 0)
(0.00561722 0.0567449 0)
(0.00908364 0.0606086 0)
(0.0133472 0.0621363 0)
(0.0185403 0.0622321 0)
(0.0242632 0.0604535 0)
(0.0298007 0.0562953 0)
(0.034427 0.0496273 0)
(0.0376303 0.0408826 0)
(0.0391725 0.0307077 0)
(0.0389874 0.0197894 0)
(0.0371294 0.00868022 0)
(0.0336769 -0.00228979 0)
(0.028963 -0.0130778 0)
(0.0233507 -0.024373 0)
(0.0169441 -0.0380214 0)
(0.00908052 -0.0576037 0)
(0.00445551 -0.0886454 0)
(-0.00681378 -0.13297 0)
(7.73361e-05 -0.19104 0)
(0.00211948 0.0384873 0)
(0.00600289 0.0529008 0)
(0.0100182 0.0563645 0)
(0.0147157 0.0571134 0)
(0.0201756 0.0565075 0)
(0.0260966 0.0545012 0)
(0.0319277 0.0507972 0)
(0.0370303 0.0452549 0)
(0.0408393 0.0380767 0)
(0.0430034 0.0296931 0)
(0.0433462 0.0206075 0)
(0.0418592 0.011243 0)
(0.0386467 0.00179649 0)
(0.0339645 -0.00780055 0)
(0.0281179 -0.0181435 0)
(0.021335 -0.030942 0)
(0.0126329 -0.0498782 0)
(0.0081801 -0.0814903 0)
(-0.00657243 -0.128768 0)
(0.00294001 -0.195425 0)
(0.00160285 0.0348033 0)
(0.00556632 0.0487183 0)
(0.0099936 0.0516753 0)
(0.0150624 0.0518175 0)
(0.0207139 0.0506956 0)
(0.0267099 0.0485148 0)
(0.0326166 0.0451584 0)
(0.0379132 0.0405517 0)
(0.0420886 0.0347895 0)
(0.0447675 0.0281205 0)
(0.0457193 0.0208719 0)
(0.0448663 0.0133199 0)
(0.0422474 0.00555068 0)
(0.0380284 -0.0026527 0)
(0.0323979 -0.0118031 0)
(0.0256318 -0.0235186 0)
(0.0163397 -0.0416417 0)
(0.0125548 -0.0738266 0)
(-0.00603007 -0.124059 0)
(0.00734011 -0.199383 0)
(0.000752241 0.0317858 0)
(0.00418279 0.0444125 0)
(0.00896998 0.0466084 0)
(0.0143967 0.0462086 0)
(0.0203421 0.0447142 0)
(0.0265151 0.0424534 0)
(0.0325421 0.0394423 0)
(0.0380069 0.0356595 0)
(0.0424929 0.0311558 0)
(0.0456699 0.026047 0)
(0.0473091 0.0205113 0)
(0.0472839 0.0146873 0)
(0.0455532 0.00858665 0)
(0.0421663 0.00192954 0)
(0.0370766 -0.00580565 0)
(0.0307897 -0.016311 0)
(0.0213162 -0.0333229 0)
(0.0186527 -0.0656866 0)
(-0.00479367 -0.119764 0)
(0.0134729 -0.202204 0)
(-0.00150089 0.0306115 0)
(0.00152937 0.0402819 0)
(0.00660334 0.0413901 0)
(0.012597 0.0403832 0)
(0.0191357 0.038626 0)
(0.0258211 0.03641 0)
(0.0322972 0.0337818 0)
(0.0382345 0.0307335 0)
(0.0433359 0.0272475 0)
(0.0473609 0.0233934 0)
(0.0499836 0.0193717 0)
(0.0510564 0.015177 0)
(0.0504873 0.0107371 0)
(0.0483564 0.00568751 0)
(0.0442934 -0.000472184 0)
(0.0392277 -0.00947176 0)
(0.0298184 -0.0247682 0)
(0.0284522 -0.0566943 0)
(-0.00185872 -0.112969 0)
(0.0223803 -0.20016 0)
(-0.00472562 0.0328329 0)
(-0.00471631 0.0370281 0)
(0.00324753 0.0357631 0)
(0.0109286 0.0338292 0)
(0.0191046 0.0317569 0)
(0.0272267 0.0295912 0)
(0.0349976 0.0273293 0)
(0.0421937 0.0249449 0)
(0.0485298 0.0224791 0)
(0.0537883 0.0199052 0)
(0.0578183 0.0172929 0)
(0.0606257 0.0145524 0)
(0.0619863 0.0117691 0)
(0.0620205 0.00850094 0)
(0.0599427 0.00447075 0)
(0.0571513 -0.00244069 0)
(0.0484738 -0.0152403 0)
(0.0471816 -0.0450245 0)
(0.00839375 -0.100422 0)
(0.0379089 -0.182254 0)
(-0.00713902 0.0380558 0)
(-0.00374673 0.0237943 0)
(0.00823015 0.0206529 0)
(0.0191417 0.0193666 0)
(0.0301028 0.0180019 0)
(0.040706 0.0164973 0)
(0.0507237 0.015046 0)
(0.0601277 0.0136511 0)
(0.0686135 0.0123335 0)
(0.0762528 0.0109758 0)
(0.0827141 0.00964174 0)
(0.0883202 0.00819521 0)
(0.0925087 0.00670768 0)
(0.0958156 0.00485934 0)
(0.0969507 0.00247198 0)
(0.0965723 -0.00252921 0)
(0.089858 -0.0110065 0)
(0.0876069 -0.0344031 0)
(0.0452718 -0.0771922 0)
(0.0708994 -0.139531 0)
(0.0458692 0.045382 0)
(0.0516409 0.0322995 0)
(0.0746155 0.0253579 0)
(0.0963336 0.0216782 0)
(0.113197 0.019262 0)
(0.128245 0.0173215 0)
(0.141501 0.0156102 0)
(0.154294 0.0140965 0)
(0.165278 0.0129917 0)
(0.175971 0.0116687 0)
(0.184753 0.011068 0)
(0.193249 0.00959496 0)
(0.19994 0.00947019 0)
(0.205795 0.00748861 0)
(0.210222 0.00765053 0)
(0.212203 0.00397562 0)
(0.209078 0.00202286 0)
(0.199446 -0.00624791 0)
(0.154871 -0.015604 0)
(0.143389 -0.082069 0)
)
;

boundaryField
{
    movingWall
    {
        type            fixedValue;
        value           uniform (1 0 0);
    }
    fixedWalls
    {
        type            noSlip;
    }
    frontAndBack
    {
        type            empty;
    }
}


// ************************************************************************* //
