/*--------------------------------*- C++ -*----------------------------------*\
  =========                 |
  \\      /  F ield         | OpenFOAM: The Open Source CFD Toolbox
   \\    /   O peration     | Website:  https://openfoam.org
    \\  /    A nd           | Version:  11
     \\/     M anipulation  |
\*---------------------------------------------------------------------------*/
FoamFile
{
    format      ascii;
    class       volScalarField;
    location    "8";
    object      epsilon;
}
// * * * * * * * * * * * * * * * * * * * * * * * * * * * * * * * * * * * * * //

dimensions      [0 2 -3 0 0 0 0];

internalField   nonuniform List<scalar> 
400
(
1.98399e-05
6.81727e-05
0.000283608
0.000594416
0.000806776
0.000968538
0.00110025
0.00122634
0.00133706
0.00145046
0.00155672
0.00166911
0.00178229
0.00185835
0.00189344
0.001897
0.00176044
0.00139437
0.000857477
0.000616466
8.9451e-05
0.000259486
0.000690299
0.000972972
0.00104161
0.00106961
0.00107973
0.00112315
0.00117292
0.00126068
0.00136893
0.00150999
0.00167689
0.00187472
0.0020929
0.00231088
0.00241445
0.00242404
0.00192071
0.00126174
0.000293996
0.000788043
0.00101637
0.00104854
0.00103168
0.00102156
0.00101481
0.00105334
0.00111366
0.00119175
0.00128035
0.00137978
0.00149787
0.00164486
0.00182782
0.00205124
0.00224905
0.0023289
0.00215464
0.00162535
0.00066727
0.00106671
0.00109025
0.00101723
0.000962856
0.000927993
0.000921584
0.000943752
0.000971478
0.00100198
0.00104146
0.00110284
0.001199
0.00134082
0.00155025
0.0018352
0.00215238
0.00229895
0.00226451
0.00186086
0.000968433
0.00120997
0.00106509
0.000934446
0.000846077
0.000801301
0.000775214
0.000756688
0.000738953
0.000731477
0.000733727
0.000773485
0.000856403
0.00100472
0.00124837
0.00161598
0.00210313
0.00239945
0.00244074
0.00203797
0.00113073
0.00120393
0.000996643
0.000826596
0.000734356
0.000673504
0.000619281
0.000564853
0.000513906
0.000482491
0.000470767
0.000484045
0.000554086
0.000692697
0.000944654
0.00136602
0.00199916
0.00255335
0.00269518
0.00218067
0.00115897
0.00115966
0.000899867
0.000731877
0.00063652
0.000560394
0.000484998
0.000410497
0.000346242
0.000305644
0.000288839
0.000288093
0.000338369
0.000452317
0.000680989
0.00111124
0.001845
0.00270025
0.00298727
0.0022917
0.00114137
0.00106742
0.000811542
0.00065409
0.000558027
0.000472458
0.000386368
0.000305877
0.000241619
0.000201862
0.000184467
0.000181613
0.000212712
0.000294653
0.000480672
0.000877721
0.00164335
0.00278114
0.00334398
0.00238215
0.00109703
0.000962551
0.000735343
0.000593419
0.00049977
0.000410932
0.00032243
0.000243777
0.000184555
0.000149451
0.000134399
0.000132106
0.000152539
0.000208874
0.000349387
0.000698352
0.00148191
0.0028052
0.00369715
0.00244536
0.00100911
0.000874243
0.000674182
0.000548131
0.000459224
0.000372159
0.00028625
0.000212039
0.000158702
0.00012747
0.000114011
0.000112973
0.000127651
0.000168686
0.000273667
0.000562787
0.00131635
0.00280603
0.00407307
0.00249231
0.000918708
0.000797367
0.000625731
0.000514806
0.000432542
0.000350314
0.000269813
0.00020335
0.000155175
0.000125289
0.000110386
0.000109164
0.000120559
0.000153709
0.00023876
0.000480981
0.00117993
0.00276875
0.00440923
0.00251479
0.000839648
0.000749572
0.000592231
0.000492799
0.000416515
0.000341773
0.000270431
0.000207454
0.000161208
0.000132076
0.000117235
0.000116005
0.000124046
0.000151306
0.000227387
0.000442286
0.00107969
0.00274005
0.00470415
0.00252403
0.000754589
0.000707775
0.000573405
0.000480263
0.000411263
0.000343642
0.00027684
0.000219391
0.000176587
0.000148685
0.000133282
0.000132228
0.000139415
0.000163694
0.000229986
0.000429429
0.0010316
0.0027261
0.00485707
0.00252513
0.000675539
0.000688598
0.000579389
0.000484707
0.00041629
0.00035211
0.000291847
0.000240797
0.000201355
0.000174702
0.000158246
0.000157278
0.000164389
0.000188799
0.000254453
0.000442615
0.00101585
0.00272365
0.00491537
0.00251548
0.000586167
0.000661862
0.000592301
0.000501129
0.000432949
0.000371528
0.000315887
0.000269019
0.000232535
0.000207889
0.000191138
0.000191198
0.00019915
0.000226129
0.00029695
0.000493386
0.00105138
0.0027706
0.00487717
0.00247062
0.000494595
0.000650648
0.000622136
0.000547158
0.00047507
0.000412821
0.000357705
0.000311381
0.000274936
0.000250471
0.000233862
0.00023507
0.000246104
0.000280582
0.000367111
0.000596408
0.00117821
0.00289356
0.00460501
0.00238503
0.000393437
0.000601079
0.000633418
0.000608475
0.000553724
0.000492364
0.000433916
0.000383331
0.000343666
0.000316192
0.000302563
0.00030723
0.000327445
0.000383491
0.00051353
0.000836993
0.00150331
0.00317724
0.00415068
0.00224591
0.000264726
0.000534304
0.000702166
0.000752603
0.000736344
0.000685834
0.000619302
0.000560295
0.000516245
0.000489433
0.000493601
0.000518962
0.000580856
0.000717345
0.000994247
0.00163407
0.00245763
0.00375324
0.00385411
0.0020558
0.000285365
0.000542542
0.000926987
0.00110326
0.00116644
0.00116311
0.00114473
0.00114478
0.0011651
0.00122398
0.00134687
0.00156468
0.00186559
0.00235641
0.00298029
0.00394055
0.00461774
0.004438
0.00381134
0.00178965
0.000206781
0.000322854
0.000591446
0.000853149
0.00105553
0.00118182
0.00125534
0.00130246
0.0013246
0.00134292
0.00135191
0.00137001
0.00138566
0.00142008
0.00144562
0.00150849
0.00157937
0.00166264
0.00164643
0.00147402
)
;

boundaryField
{
    movingWall
    {
        type            epsilonWallFunction;
        value           nonuniform List<scalar> 
20
(
0.000206781
0.000322854
0.000591446
0.000853149
0.00105553
0.00118182
0.00125534
0.00130246
0.0013246
0.00134292
0.00135191
0.00137001
0.00138566
0.00142008
0.00144562
0.00150849
0.00157937
0.00166264
0.00164643
0.00147402
)
;
    }
    fixedWalls
    {
        type            epsilonWallFunction;
        value           nonuniform List<scalar> 
60
(
1.98399e-05
8.9451e-05
0.000293996
0.00066727
0.000968433
0.00113073
0.00115897
0.00114137
0.00109703
0.00100911
0.000918708
0.000839648
0.000754589
0.000675539
0.000586167
0.000494595
0.000393437
0.000264726
0.000285365
0.000206781
0.000616466
0.00126174
0.00162535
0.00186086
0.00203797
0.00218067
0.0022917
0.00238215
0.00244536
0.00249231
0.00251479
0.00252403
0.00252513
0.00251548
0.00247062
0.00238503
0.00224591
0.0020558
0.00178965
0.00147402
1.98399e-05
6.81727e-05
0.000283608
0.000594416
0.000806776
0.000968538
0.00110025
0.00122634
0.00133706
0.00145046
0.00155672
0.00166911
0.00178229
0.00185835
0.00189344
0.001897
0.00176044
0.00139437
0.000857477
0.000616466
)
;
    }
    frontAndBack
    {
        type            empty;
    }
}


// ************************************************************************* //
