/*--------------------------------*- C++ -*----------------------------------*\
  =========                 |
  \\      /  F ield         | OpenFOAM: The Open Source CFD Toolbox
   \\    /   O peration     | Website:  https://openfoam.org
    \\  /    A nd           | Version:  11
     \\/     M anipulation  |
\*---------------------------------------------------------------------------*/
FoamFile
{
    format      ascii;
    class       volScalarField;
    location    "8";
    object      k;
}
// * * * * * * * * * * * * * * * * * * * * * * * * * * * * * * * * * * * * * //

dimensions      [0 2 -2 0 0 0 0];

internalField   nonuniform List<scalar> 
400
(
6.20458e-06
2.13282e-05
8.87068e-05
0.000185871
0.000252238
0.000302795
0.000343959
0.000383366
0.00041797
0.000453408
0.000486618
0.000521743
0.000557115
0.00058088
0.00059184
0.00059295
0.000550253
0.00043582
0.000268023
0.000192695
2.7974e-05
0.000100367
0.000222237
0.000381588
0.000451283
0.000529139
0.000575184
0.00064134
0.0006948
0.000758036
0.000817649
0.000880133
0.000935999
0.000996567
0.00105033
0.0010779
0.0010845
0.000977685
0.000649647
0.000394358
9.19352e-05
0.000319255
0.000491565
0.000575461
0.000633755
0.000684552
0.000725281
0.000776534
0.000822413
0.000871372
0.000916358
0.000959776
0.0010019
0.00104942
0.00109655
0.00113167
0.00114466
0.00109888
0.000800474
0.000507975
0.000208638
0.000531584
0.000623617
0.000662784
0.000693895
0.000720131
0.000750319
0.000784626
0.00081706
0.000847643
0.000873023
0.000902921
0.000943896
0.00099804
0.00106765
0.00113815
0.00117049
0.00117233
0.000942068
0.000581562
0.000302787
0.000646359
0.000676293
0.000679203
0.000693238
0.000712549
0.00073174
0.000741193
0.000742389
0.000738414
0.000739191
0.000760656
0.000803922
0.000875336
0.000981817
0.00111841
0.0012155
0.00123994
0.00106689
0.0006369
0.000353508
0.000678275
0.000680263
0.000674959
0.000681004
0.000683424
0.000671835
0.000641872
0.00061186
0.00059265
0.000585722
0.000595596
0.000639007
0.00071964
0.00085138
0.00103982
0.00123748
0.00131838
0.00120405
0.000681484
0.000362327
0.000671252
0.0006731
0.000660378
0.000650823
0.000628031
0.000590508
0.000541169
0.000497466
0.000469345
0.000458171
0.000460223
0.000498537
0.000577225
0.000716684
0.000938486
0.00123824
0.00139498
0.00133331
0.000716173
0.000356823
0.000652799
0.000655183
0.000633794
0.000613529
0.000575822
0.000522778
0.000464112
0.000415374
0.000384559
0.000371778
0.000371059
0.000401177
0.000469311
0.00059865
0.000826509
0.00117843
0.0014608
0.00147234
0.000744431
0.00034296
0.000615923
0.000625644
0.000606043
0.000580573
0.000535007
0.00047503
0.00041392
0.000365381
0.000335188
0.000322419
0.000321434
0.000344136
0.000399617
0.000512837
0.000728914
0.00110137
0.00150837
0.00159357
0.000764177
0.000315477
0.000584876
0.000597975
0.000581792
0.000555124
0.000507302
0.000446297
0.000386527
0.000340432
0.000311574
0.000298945
0.000298919
0.000317008
0.000362125
0.00045728
0.000657166
0.00103043
0.00153054
0.00171719
0.00077884
0.000287218
0.00054358
0.000567389
0.000558682
0.00053473
0.00048977
0.000432055
0.00037703
0.000334206
0.000306134
0.00029212
0.000292528
0.000307614
0.000345981
0.000429596
0.000609076
0.000974102
0.00153901
0.00182006
0.00078586
0.000262504
0.000509008
0.000544428
0.00054098
0.000521972
0.000480927
0.000430105
0.000379289
0.000338346
0.000310957
0.000296747
0.000296865
0.000308008
0.000342016
0.000419659
0.000585496
0.000929974
0.00154153
0.00190468
0.000788741
0.000235914
0.000463789
0.000516912
0.000521085
0.000509793
0.000478502
0.00043316
0.000387315
0.000350054
0.000324336
0.000310527
0.000311176
0.000321402
0.000351841
0.000421581
0.000577977
0.000906106
0.00154221
0.00194516
0.000789085
0.0002112
0.000434793
0.000501808
0.00050997
0.00050266
0.000480181
0.000441219
0.000402508
0.000369748
0.000346283
0.000333159
0.000334317
0.000344717
0.000374745
0.000442277
0.000589607
0.000897911
0.00153962
0.00195725
0.000786062
0.000183258
0.000387944
0.000476309
0.000500233
0.000499138
0.000485607
0.000455607
0.000422649
0.000394533
0.000373991
0.000362736
0.000364687
0.000376004
0.000406983
0.000474727
0.000621605
0.000906434
0.00153597
0.00191665
0.000772031
0.000154626
0.000359873
0.000463502
0.000502356
0.000506339
0.000498761
0.000478938
0.000451452
0.000426824
0.000407956
0.000397924
0.000400653
0.000413404
0.000447055
0.000518733
0.000677237
0.000942513
0.00153533
0.00182234
0.000745273
0.000122998
0.000299343
0.000429677
0.000506707
0.000527983
0.000525654
0.000513949
0.000490098
0.000467293
0.000448795
0.000441615
0.000446361
0.000463492
0.000505704
0.00059016
0.000780412
0.00103593
0.00155535
0.00165749
0.000701784
8.27529e-05
0.000259566
0.000440093
0.000541534
0.000598549
0.000600171
0.000592298
0.000572859
0.000552099
0.000536889
0.000538932
0.000552531
0.000586121
0.00066046
0.000782786
0.00104937
0.00132454
0.00161207
0.00147675
0.000642365
8.91953e-05
0.000278741
0.000492991
0.000617382
0.000692713
0.000722289
0.00074247
0.000757707
0.000778163
0.000812179
0.000868616
0.000953497
0.00106984
0.00124242
0.00144631
0.0017439
0.00184554
0.00172307
0.00136402
0.000559183
6.46313e-05
0.00010091
0.000184861
0.000266657
0.000329904
0.000369367
0.000392336
0.000407052
0.000413963
0.000419674
0.000422474
0.000428113
0.000432991
0.000443726
0.000451695
0.00047132
0.000493457
0.000519472
0.000514407
0.000460545
)
;

boundaryField
{
    movingWall
    {
        type            kqRWallFunction;
        value           nonuniform List<scalar> 
20
(
6.46313e-05
0.00010091
0.000184861
0.000266657
0.000329904
0.000369367
0.000392336
0.000407052
0.000413963
0.000419674
0.000422474
0.000428113
0.000432991
0.000443726
0.000451695
0.00047132
0.000493457
0.000519472
0.000514407
0.000460545
)
;
    }
    fixedWalls
    {
        type            kqRWallFunction;
        value           nonuniform List<scalar> 
60
(
6.20458e-06
2.7974e-05
9.19352e-05
0.000208638
0.000302787
0.000353508
0.000362327
0.000356823
0.00034296
0.000315477
0.000287218
0.000262504
0.000235914
0.0002112
0.000183258
0.000154626
0.000122998
8.27529e-05
8.91953e-05
6.46313e-05
0.000192695
0.000394358
0.000507975
0.000581562
0.0006369
0.000681484
0.000716173
0.000744431
0.000764177
0.00077884
0.00078586
0.000788741
0.000789085
0.000786062
0.000772031
0.000745273
0.000701784
0.000642365
0.000559183
0.000460545
6.20458e-06
2.13282e-05
8.87068e-05
0.000185871
0.000252238
0.000302795
0.000343959
0.000383366
0.00041797
0.000453408
0.000486618
0.000521743
0.000557115
0.00058088
0.00059184
0.00059295
0.000550253
0.00043582
0.000268023
0.000192695
)
;
    }
    frontAndBack
    {
        type            empty;
    }
}


// ************************************************************************* //
