/*--------------------------------*- C++ -*----------------------------------*\
  =========                 |
  \\      /  F ield         | OpenFOAM: The Open Source CFD Toolbox
   \\    /   O peration     | Website:  https://openfoam.org
    \\  /    A nd           | Version:  11
     \\/     M anipulation  |
\*---------------------------------------------------------------------------*/
FoamFile
{
    format      ascii;
    class       volScalarField;
    location    "8";
    object      nut;
}
// * * * * * * * * * * * * * * * * * * * * * * * * * * * * * * * * * * * * * //

dimensions      [0 2 -1 0 0 0 0];

internalField   nonuniform List<scalar> 
400
(
1.74633e-07
6.00538e-07
2.49711e-06
5.23087e-06
7.09757e-06
8.51966e-06
9.67755e-06
1.0786e-05
1.17593e-05
1.2756e-05
1.36901e-05
1.46781e-05
1.56731e-05
1.63414e-05
1.66495e-05
1.66806e-05
1.54791e-05
1.22597e-05
7.5399e-06
5.42091e-06
7.87346e-07
3.49389e-06
6.43931e-06
1.34689e-05
1.75969e-05
2.35591e-05
2.75765e-05
3.29596e-05
3.70421e-05
4.10221e-05
4.39536e-05
4.61705e-05
4.70207e-05
4.76781e-05
4.74403e-05
4.52502e-05
4.38413e-05
3.54896e-05
1.97758e-05
1.10931e-05
2.58741e-06
1.16404e-05
2.1397e-05
2.84242e-05
3.50382e-05
4.1285e-05
4.6652e-05
5.15222e-05
5.46602e-05
5.73411e-05
5.9026e-05
6.0086e-05
6.03136e-05
6.02582e-05
5.92064e-05
5.61913e-05
5.24317e-05
4.66653e-05
2.67646e-05
1.42883e-05
5.8712e-06
2.38419e-05
3.21035e-05
3.88657e-05
4.50058e-05
5.02945e-05
5.49794e-05
5.87098e-05
6.18468e-05
6.45367e-05
6.58643e-05
6.65317e-05
6.68762e-05
6.68602e-05
6.61752e-05
6.35272e-05
5.7287e-05
5.38034e-05
3.52722e-05
1.63577e-05
8.52016e-06
3.10752e-05
3.8648e-05
4.44311e-05
5.11207e-05
5.70265e-05
6.21633e-05
6.53414e-05
6.71257e-05
6.70875e-05
6.70226e-05
6.73236e-05
6.79191e-05
6.86349e-05
6.9496e-05
6.96636e-05
6.32243e-05
5.76679e-05
4.19719e-05
1.79138e-05
9.94676e-06
3.43917e-05
4.17885e-05
4.96025e-05
5.68375e-05
6.24141e-05
6.55964e-05
6.56453e-05
6.55636e-05
6.55164e-05
6.55872e-05
6.59569e-05
6.63249e-05
6.72867e-05
6.90584e-05
7.12371e-05
6.894e-05
6.12647e-05
4.84111e-05
1.91675e-05
1.01946e-05
3.49689e-05
4.53131e-05
5.36277e-05
5.98903e-05
6.33449e-05
6.47075e-05
6.42093e-05
6.43264e-05
6.48651e-05
6.54097e-05
6.61677e-05
6.61069e-05
6.62963e-05
6.78825e-05
7.13327e-05
7.47926e-05
6.48592e-05
5.35584e-05
2.01428e-05
1.00397e-05
3.59306e-05
4.76054e-05
5.52714e-05
6.07095e-05
6.31619e-05
6.36612e-05
6.33785e-05
6.42674e-05
6.59348e-05
6.74359e-05
6.82309e-05
6.80963e-05
6.72749e-05
6.71027e-05
7.00456e-05
7.60533e-05
6.90555e-05
5.83438e-05
2.09374e-05
9.64962e-06
3.54709e-05
4.79079e-05
5.57042e-05
6.06996e-05
6.2689e-05
6.29866e-05
6.32534e-05
6.51043e-05
6.76582e-05
6.96127e-05
7.03888e-05
6.9875e-05
6.88091e-05
6.77476e-05
6.84731e-05
7.36691e-05
7.2995e-05
6.18186e-05
2.14925e-05
8.87643e-06
3.52158e-05
4.77344e-05
5.55767e-05
6.03946e-05
6.22368e-05
6.26246e-05
6.34144e-05
6.57234e-05
6.8542e-05
7.05473e-05
7.11832e-05
7.08531e-05
6.99649e-05
6.87678e-05
6.90635e-05
7.25953e-05
7.5135e-05
6.51569e-05
2.19047e-05
8.08144e-06
3.33512e-05
4.63037e-05
5.45667e-05
5.94954e-05
6.16268e-05
6.22669e-05
6.29145e-05
6.47811e-05
6.73213e-05
6.95744e-05
7.05503e-05
7.06405e-05
7.00887e-05
6.95668e-05
6.94157e-05
7.23761e-05
7.69911e-05
6.76165e-05
2.2102e-05
7.38615e-06
3.11084e-05
4.50435e-05
5.34484e-05
5.88717e-05
6.09065e-05
6.15651e-05
6.2411e-05
6.39114e-05
6.589e-05
6.76017e-05
6.83725e-05
6.88308e-05
6.95794e-05
6.9706e-05
6.9757e-05
7.20914e-05
7.8053e-05
6.94073e-05
2.21829e-05
6.63805e-06
2.7352e-05
4.19387e-05
5.08839e-05
5.68735e-05
5.99658e-05
6.09972e-05
6.15393e-05
6.24531e-05
6.36744e-05
6.51136e-05
6.5907e-05
6.66854e-05
6.80615e-05
6.95509e-05
7.00118e-05
7.16292e-05
7.85213e-05
7.011e-05
2.21925e-05
5.94265e-06
2.47082e-05
3.91154e-05
4.82894e-05
5.46254e-05
5.8935e-05
6.00337e-05
6.05536e-05
6.1107e-05
6.17743e-05
6.3127e-05
6.39574e-05
6.50572e-05
6.69445e-05
6.91871e-05
7.06875e-05
7.14296e-05
7.83284e-05
7.01421e-05
2.21073e-05
5.15642e-06
2.04651e-05
3.44729e-05
4.49406e-05
5.179e-05
5.71242e-05
5.91413e-05
5.97612e-05
6.02447e-05
6.05524e-05
6.19554e-05
6.26038e-05
6.38918e-05
6.59235e-05
6.83041e-05
7.0483e-05
7.03326e-05
7.66362e-05
6.77891e-05
2.17123e-05
4.35069e-06
1.79141e-05
3.10786e-05
4.15101e-05
4.85699e-05
5.42333e-05
5.77132e-05
5.8908e-05
5.9636e-05
5.98015e-05
6.09372e-05
6.14585e-05
6.24989e-05
6.4107e-05
6.59678e-05
6.9212e-05
6.7857e-05
7.33184e-05
6.49041e-05
2.09594e-05
3.46069e-06
1.34168e-05
2.62323e-05
3.79763e-05
4.53095e-05
5.05075e-05
5.4787e-05
5.63941e-05
5.71852e-05
5.73309e-05
5.80116e-05
5.83647e-05
5.90457e-05
6.00179e-05
6.10402e-05
6.5489e-05
6.42474e-05
6.85249e-05
5.95696e-05
1.97359e-05
2.32816e-06
1.13488e-05
2.48251e-05
3.50694e-05
4.37886e-05
4.72687e-05
5.09824e-05
5.27134e-05
5.31399e-05
5.30052e-05
5.29584e-05
5.29444e-05
5.32292e-05
5.47278e-05
5.54669e-05
6.065e-05
6.42478e-05
6.23169e-05
5.09252e-05
1.80645e-05
2.50914e-06
1.28888e-05
2.35964e-05
3.10936e-05
3.70244e-05
4.03686e-05
4.33407e-05
4.51362e-05
4.67758e-05
4.85031e-05
5.04166e-05
5.22943e-05
5.5216e-05
5.89561e-05
6.31691e-05
6.94592e-05
6.63838e-05
6.02088e-05
4.39346e-05
1.57247e-05
1.8181e-06
2.83858e-06
5.20015e-06
7.50108e-06
9.28001e-06
1.03898e-05
1.10357e-05
1.14492e-05
1.16434e-05
1.18036e-05
1.18821e-05
1.20402e-05
1.21771e-05
1.24784e-05
1.27022e-05
1.32535e-05
1.38758e-05
1.46072e-05
1.44648e-05
1.29504e-05
)
;

boundaryField
{
    movingWall
    {
        type            nutkWallFunction;
        Cmu             0.09;
        kappa           0.41;
        E               9.8;
        value           uniform 0;
    }
    fixedWalls
    {
        type            nutkWallFunction;
        Cmu             0.09;
        kappa           0.41;
        E               9.8;
        value           uniform 0;
    }
    frontAndBack
    {
        type            empty;
    }
}


// ************************************************************************* //
