/*--------------------------------*- C++ -*----------------------------------*\
  =========                 |
  \\      /  F ield         | OpenFOAM: The Open Source CFD Toolbox
   \\    /   O peration     | Website:  https://openfoam.org
    \\  /    A nd           | Version:  11
     \\/     M anipulation  |
\*---------------------------------------------------------------------------*/
FoamFile
{
    format      ascii;
    class       volScalarField;
    location    "8";
    object      p;
}
// * * * * * * * * * * * * * * * * * * * * * * * * * * * * * * * * * * * * * //

dimensions      [0 2 -2 0 0 0 0];

internalField   nonuniform List<scalar> 
400
(
-1.70863e-08
-7.95409e-05
-0.000147306
-0.00036336
-0.00119157
-0.0026147
-0.00428069
-0.0058719
-0.00715376
-0.0080038
-0.00831867
-0.00801193
-0.00706874
-0.00546986
-0.00321556
-0.000435854
0.00257203
0.00522731
0.00687392
0.00722892
8.01137e-05
-1.65073e-05
-0.000229277
-0.000830763
-0.00192993
-0.00344111
-0.0050786
-0.00660078
-0.00783702
-0.00867039
-0.00900548
-0.00879696
-0.00800044
-0.00656457
-0.00450476
-0.00189292
0.00103114
0.00379621
0.0057666
0.00655688
0.000243985
-8.71411e-05
-0.00070366
-0.00173958
-0.00316978
-0.004801
-0.00642444
-0.00788598
-0.00906911
-0.0098471
-0.0101595
-0.00997807
-0.00928115
-0.00805499
-0.00629138
-0.00402647
-0.00139657
0.00130228
0.00356775
0.00471302
6.00795e-06
-0.000554948
-0.00159628
-0.00305236
-0.00474477
-0.00646884
-0.00806656
-0.00942646
-0.0104587
-0.011118
-0.0113811
-0.0112301
-0.0106445
-0.00961681
-0.00814322
-0.00624441
-0.00399114
-0.00155149
0.000708902
0.00192183
-0.000805405
-0.00156032
-0.00289885
-0.00459044
-0.00638769
-0.00810041
-0.00960512
-0.0108291
-0.0117304
-0.0122946
-0.0125139
-0.0123821
-0.0118929
-0.0110446
-0.0098367
-0.00828201
-0.00641828
-0.00433403
-0.00228229
-0.00113593
-0.00215634
-0.00299265
-0.00442871
-0.00615732
-0.00792286
-0.00954493
-0.0109247
-0.0120174
-0.012808
-0.013294
-0.0134768
-0.0133599
-0.0129474
-0.012245
-0.0112577
-0.00999564
-0.00848254
-0.00677101
-0.00510551
-0.00402188
-0.00372218
-0.00456129
-0.00594473
-0.00759222
-0.00924916
-0.010744
-0.0119943
-0.0129705
-0.013669
-0.0140941
-0.0142521
-0.0141506
-0.0137987
-0.0132077
-0.0123896
-0.0113566
-0.0101304
-0.00874973
-0.0074544
-0.00649057
-0.00518027
-0.00597205
-0.00724469
-0.0087733
-0.0103004
-0.0116675
-0.0128033
-0.0136851
-0.0143138
-0.0146961
-0.0148398
-0.0147534
-0.0144473
-0.0139364
-0.0132397
-0.0123748
-0.0113677
-0.0102513
-0.00926237
-0.00841017
-0.00631222
-0.00705229
-0.00820603
-0.00962311
-0.011035
-0.0122988
-0.013349
-0.0141649
-0.0147474
-0.0151032
-0.0152399
-0.0151652
-0.0148894
-0.0144294
-0.01381
-0.0130573
-0.01221
-0.0112767
-0.0105093
-0.00975787
-0.00703883
-0.00769671
-0.00876114
-0.0101015
-0.0114313
-0.0126299
-0.013631
-0.0144118
-0.0149711
-0.0153145
-0.0154486
-0.01538
-0.0151189
-0.0146829
-0.0141019
-0.0134082
-0.0126719
-0.0118311
-0.0112473
-0.0105224
-0.00731862
-0.00789794
-0.0089061
-0.0101961
-0.0114842
-0.0126583
-0.0136478
-0.0144241
-0.0149824
-0.0153261
-0.0154608
-0.0153923
-0.0151305
-0.0146936
-0.0141157
-0.0134288
-0.0127681
-0.0119117
-0.0115154
-0.0107067
-0.0071431
-0.00767977
-0.00865006
-0.00991555
-0.0112
-0.0123854
-0.0133968
-0.0141977
-0.0147768
-0.015134
-0.0152732
-0.0151991
-0.0149219
-0.0144606
-0.0138531
-0.0131496
-0.0124656
-0.0115635
-0.0113602
-0.0102991
-0.0065905
-0.00710993
-0.00805243
-0.00929008
-0.0105941
-0.0118178
-0.0128796
-0.0137316
-0.0143528
-0.0147376
-0.0148866
-0.0148029
-0.0144974
-0.0139904
-0.0133259
-0.01256
-0.0117993
-0.0108553
-0.010746
-0.00932452
-0.00578693
-0.00627409
-0.0071726
-0.00836497
-0.009684
-0.0109622
-0.0120985
-0.0130274
-0.0137135
-0.0141421
-0.0143092
-0.0142154
-0.0138719
-0.0133009
-0.0125531
-0.0116849
-0.0108164
-0.00980435
-0.00966164
-0.00785207
-0.00489904
-0.00530989
-0.00610061
-0.00720666
-0.0085141
-0.00984935
-0.0110775
-0.0121055
-0.0128784
-0.0133686
-0.0135659
-0.0134672
-0.0130817
-0.0124336
-0.0115806
-0.0105756
-0.00956185
-0.00841041
-0.00812366
-0.00591879
-0.00410942
-0.00433787
-0.0049075
-0.00586273
-0.00712998
-0.00851926
-0.00985182
-0.0109991
-0.0118815
-0.0124544
-0.0126996
-0.0126101
-0.0121939
-0.0114678
-0.0104951
-0.00931769
-0.00809623
-0.00669354
-0.006118
-0.00331945
-0.00358636
-0.00348198
-0.0037066
-0.0044467
-0.00564609
-0.00707971
-0.00852064
-0.00980022
-0.0108114
-0.0114888
-0.0118042
-0.0117439
-0.011321
-0.0105286
-0.00942814
-0.00803213
-0.00649229
-0.00464578
-0.00341559
0.000764855
-0.00333304
-0.00272908
-0.00254587
-0.00305298
-0.00417434
-0.00563929
-0.00718144
-0.00859993
-0.00975718
-0.0105631
-0.0109749
-0.0109692
-0.0105577
-0.00972989
-0.00851163
-0.00684888
-0.00483962
-0.00217251
0.00058242
0.00813228
-0.00328441
-0.00209492
-0.00162734
-0.00195993
-0.00300858
-0.00449449
-0.00612388
-0.00766665
-0.00895625
-0.00988888
-0.0104065
-0.0104843
-0.0101064
-0.00925216
-0.00789659
-0.00594216
-0.00329369
0.000948539
0.007043
0.0200629
-0.00382965
-0.000754804
-0.000174082
-0.000683879
-0.0017823
-0.00332168
-0.00506088
-0.00673358
-0.00815049
-0.0091911
-0.00979501
-0.00992591
-0.00956339
-0.00868088
-0.00723733
-0.0050595
-0.00129966
0.00554026
0.0174679
0.0353855
)
;

boundaryField
{
    movingWall
    {
        type            zeroGradient;
    }
    fixedWalls
    {
        type            zeroGradient;
    }
    frontAndBack
    {
        type            empty;
    }
}


// ************************************************************************* //
