/*--------------------------------*- C++ -*----------------------------------*\
  =========                 |
  \\      /  F ield         | OpenFOAM: The Open Source CFD Toolbox
   \\    /   O peration     | Website:  https://openfoam.org
    \\  /    A nd           | Version:  11
     \\/     M anipulation  |
\*---------------------------------------------------------------------------*/
FoamFile
{
    format      ascii;
    class       surfaceScalarField;
    location    "8";
    object      phi;
}
// * * * * * * * * * * * * * * * * * * * * * * * * * * * * * * * * * * * * * //

dimensions      [0 3 -1 0 0 0 0];

internalField   nonuniform List<scalar> 
760
(
1.23745e-07
-1.23743e-07
-1.31756e-07
2.555e-07
-9.38166e-07
8.0641e-07
-2.22933e-06
1.29116e-06
-3.61446e-06
1.38514e-06
-4.84891e-06
1.23445e-06
-5.89345e-06
1.04453e-06
-6.72052e-06
8.27071e-07
-7.32676e-06
6.06246e-07
-7.7295e-06
4.02737e-07
-7.94206e-06
2.12558e-07
-7.95595e-06
1.38936e-08
-7.76446e-06
-1.91496e-07
-7.3672e-06
-3.97251e-07
-6.69784e-06
-6.69366e-07
-5.73066e-06
-9.6718e-07
-4.41134e-06
-1.31932e-06
-2.78235e-06
-1.62899e-06
-1.0653e-06
-1.71705e-06
-1.0653e-06
-3.749e-07
2.51157e-07
-1.34897e-06
1.22957e-06
-2.69808e-06
2.15552e-06
-3.94419e-06
2.53727e-06
-5.00071e-06
2.44166e-06
-5.92965e-06
2.16338e-06
-6.68624e-06
1.80112e-06
-7.27952e-06
1.42035e-06
-7.72403e-06
1.05076e-06
-8.01396e-06
6.92667e-07
-8.13499e-06
3.33589e-07
-8.08364e-06
-3.7461e-08
-7.88109e-06
-3.94049e-07
-7.48562e-06
-7.92715e-07
-6.89285e-06
-1.26214e-06
-6.05605e-06
-1.80398e-06
-4.93736e-06
-2.43801e-06
-3.47603e-06
-3.09032e-06
-1.70619e-06
-3.48689e-06
-2.7715e-06
-9.75301e-07
1.22646e-06
-2.27937e-06
2.53364e-06
-3.43709e-06
3.31325e-06
-4.39258e-06
3.49276e-06
-5.19826e-06
3.24734e-06
-5.86313e-06
2.82826e-06
-6.38415e-06
2.32213e-06
-6.75336e-06
1.78956e-06
-6.99023e-06
1.28763e-06
-7.09771e-06
8.00153e-07
-7.09877e-06
3.34648e-07
-7.00512e-06
-1.31116e-07
-6.79747e-06
-6.01699e-07
-6.46163e-06
-1.12855e-06
-5.98461e-06
-1.73915e-06
-5.3302e-06
-2.45839e-06
-4.46657e-06
-3.30164e-06
-3.32788e-06
-4.22901e-06
-1.8357e-06
-4.97907e-06
-4.60719e-06
-1.20938e-06
2.43584e-06
-2.40681e-06
3.73107e-06
-3.37387e-06
4.28031e-06
-4.12015e-06
4.23904e-06
-4.70726e-06
3.83445e-06
-5.14987e-06
3.27087e-06
-5.46394e-06
2.6362e-06
-5.6767e-06
2.00232e-06
-5.79699e-06
1.40792e-06
-5.84047e-06
8.4363e-07
-5.80876e-06
3.02936e-07
-5.70449e-06
-2.35386e-07
-5.51476e-06
-7.9143e-07
-5.23813e-06
-1.40518e-06
-4.86443e-06
-2.11285e-06
-4.36882e-06
-2.954e-06
-3.71565e-06
-3.95481e-06
-2.84567e-06
-5.09898e-06
-1.62833e-06
-6.19641e-06
-6.23553e-06
-1.14635e-06
3.58218e-06
-2.15817e-06
4.7429e-06
-2.93918e-06
5.06131e-06
-3.52196e-06
4.82182e-06
-3.94913e-06
4.26162e-06
-4.24706e-06
3.5688e-06
-4.44641e-06
2.83555e-06
-4.57306e-06
2.12898e-06
-4.63416e-06
1.46902e-06
-4.63772e-06
8.47191e-07
-4.58488e-06
2.50094e-07
-4.47639e-06
-3.43871e-07
-4.30845e-06
-9.59376e-07
-4.08244e-06
-1.63118e-06
-3.79457e-06
-2.40072e-06
-3.43023e-06
-3.31835e-06
-2.95375e-06
-4.43129e-06
-2.29749e-06
-5.75524e-06
-1.36078e-06
-7.13312e-06
-7.59631e-06
-9.44436e-07
4.52662e-06
-1.75163e-06
5.55009e-06
-2.36726e-06
5.67694e-06
-2.81364e-06
5.2682e-06
-3.12643e-06
4.57441e-06
-3.33555e-06
3.77792e-06
-3.47108e-06
2.97108e-06
-3.55132e-06
2.20922e-06
-3.58344e-06
1.50114e-06
-3.57188e-06
8.35637e-07
-3.51728e-06
1.9549e-07
-3.41909e-06
-4.4206e-07
-3.27646e-06
-1.10201e-06
-3.09195e-06
-1.81569e-06
-2.86821e-06
-2.62446e-06
-2.60231e-06
-3.58425e-06
-2.2764e-06
-4.75721e-06
-1.82398e-06
-6.20766e-06
-1.09893e-06
-7.85817e-06
-8.69524e-06
-7.15466e-07
5.24209e-06
-1.31247e-06
6.14709e-06
-1.77055e-06
6.13502e-06
-2.09906e-06
5.59671e-06
-2.32709e-06
4.80244e-06
-2.47908e-06
3.9299e-06
-2.57765e-06
3.06966e-06
-2.63546e-06
2.26703e-06
-2.65873e-06
1.5244e-06
-2.65005e-06
8.26958e-07
-2.6083e-06
1.53745e-07
-2.53141e-06
-5.18956e-07
-2.41822e-06
-1.21519e-06
-2.27195e-06
-1.96196e-06
-2.10007e-06
-2.79635e-06
-1.90763e-06
-3.77668e-06
-1.68608e-06
-4.97875e-06
-1.3815e-06
-6.51224e-06
-8.99407e-07
-8.34026e-06
-9.59464e-06
-4.64406e-07
5.70649e-06
-8.7955e-07
6.56224e-06
-1.19363e-06
6.4491e-06
-1.4211e-06
5.82417e-06
-1.58182e-06
4.96316e-06
-1.69262e-06
4.0407e-06
-1.76794e-06
3.14498e-06
-1.81549e-06
2.31457e-06
-1.83941e-06
1.54833e-06
-1.84066e-06
8.28205e-07
-1.81712e-06
1.30202e-07
-1.76609e-06
-5.69981e-07
-1.68624e-06
-1.29504e-06
-1.58056e-06
-2.06765e-06
-1.45888e-06
-2.91802e-06
-1.33286e-06
-3.9027e-06
-1.19991e-06
-5.11171e-06
-1.01572e-06
-6.69643e-06
-6.95468e-07
-8.66051e-06
-1.02901e-05
-2.47504e-07
5.954e-06
-4.76307e-07
6.79104e-06
-6.52357e-07
6.62515e-06
-7.89192e-07
5.96101e-06
-8.90969e-07
5.06494e-06
-9.6697e-07
4.1167e-06
-1.02371e-06
3.20173e-06
-1.06418e-06
2.35504e-06
-1.09011e-06
1.57426e-06
-1.10137e-06
8.39465e-07
-1.0961e-06
1.24932e-07
-1.07214e-06
-5.93946e-07
-1.02852e-06
-1.33866e-06
-9.6804e-07
-2.12812e-06
-9.0064e-07
-2.98542e-06
-8.40704e-07
-3.96264e-06
-7.90784e-07
-5.16163e-06
-7.15056e-07
-6.77216e-06
-5.52646e-07
-8.82292e-06
-1.08428e-05
-2.31578e-08
5.97715e-06
-9.68287e-08
6.86471e-06
-1.53313e-07
6.68164e-06
-2.00181e-07
6.00788e-06
-2.42573e-07
5.10733e-06
-2.82523e-07
4.15665e-06
-3.19378e-07
3.23858e-06
-3.51172e-07
2.38683e-06
-3.77045e-07
1.60013e-06
-3.96388e-07
8.58808e-07
-4.08389e-07
1.36933e-07
-4.12059e-07
-5.90275e-07
-4.07332e-07
-1.34339e-06
-3.96744e-07
-2.13871e-06
-3.89593e-07
-2.99258e-06
-3.96503e-07
-3.95573e-06
-4.39e-07
-5.11913e-06
-4.63085e-07
-6.74807e-06
-4.15585e-07
-8.87042e-06
-1.12583e-05
1.83961e-07
5.79319e-06
2.78964e-07
6.76971e-06
3.48715e-07
6.61188e-06
3.76686e-07
5.97991e-06
3.88087e-07
5.09593e-06
3.84208e-07
4.16053e-06
3.70004e-07
3.25279e-06
3.50142e-07
2.4067e-06
3.27125e-07
1.62315e-06
3.01578e-07
8.84355e-07
2.73088e-07
1.65422e-07
2.4114e-07
-5.58326e-07
2.04596e-07
-1.30685e-06
1.61069e-07
-2.09519e-06
1.03102e-07
-2.93461e-06
4.20403e-09
-3.85683e-06
-1.06441e-07
-5.00848e-06
-2.46922e-07
-6.60759e-06
-3.21136e-07
-8.79621e-06
-1.15795e-05
3.79757e-07
5.41344e-06
6.31157e-07
6.51831e-06
8.19171e-07
6.42387e-06
9.35573e-07
5.8635e-06
1.00949e-06
5.02201e-06
1.04966e-06
4.12036e-06
1.06485e-06
3.23759e-06
1.06217e-06
2.40938e-06
1.04549e-06
1.63983e-06
1.0156e-06
9.14243e-07
9.70875e-07
2.1015e-07
9.09275e-07
-4.96726e-07
8.27897e-07
-1.22547e-06
7.23927e-07
-1.99122e-06
5.90469e-07
-2.80115e-06
4.23051e-07
-3.68941e-06
1.99436e-07
-4.78487e-06
-6.44792e-08
-6.34368e-06
-2.16001e-07
-8.64469e-06
-1.17955e-05
5.70785e-07
4.84265e-06
9.73959e-07
6.11514e-06
1.27728e-06
6.12055e-06
1.4878e-06
5.65298e-06
1.63203e-06
4.87778e-06
1.72608e-06
4.02631e-06
1.77994e-06
3.18373e-06
1.80185e-06
2.38747e-06
1.79665e-06
1.64503e-06
1.76536e-06
9.4553e-07
1.7053e-06
2.70213e-07
1.61334e-06
-4.04769e-07
1.48482e-06
-1.09695e-06
1.3158e-06
-1.82219e-06
1.10233e-06
-2.58768e-06
8.39454e-07
-3.42654e-06
5.04028e-07
-4.44944e-06
1.44564e-07
-5.98421e-06
-9.24534e-08
-8.40767e-06
-1.18879e-05
7.3343e-07
4.10922e-06
1.27742e-06
5.57115e-06
1.69293e-06
5.70503e-06
2.01571e-06
5.3302e-06
2.24959e-06
4.6439e-06
2.41407e-06
3.86184e-06
2.52088e-06
3.07691e-06
2.57886e-06
2.32949e-06
2.59338e-06
1.63051e-06
2.56573e-06
9.73174e-07
2.49265e-06
3.43302e-07
2.36953e-06
-2.81654e-07
2.19145e-06
-9.18864e-07
1.95287e-06
-1.58362e-06
1.65039e-06
-2.28521e-06
1.28339e-06
-3.05954e-06
8.3856e-07
-4.00461e-06
3.87337e-07
-5.53299e-06
6.35116e-08
-8.08385e-06
-1.18244e-05
8.69638e-07
3.23958e-06
1.53489e-06
4.9059e-06
2.06924e-06
5.17069e-06
2.51471e-06
4.88473e-06
2.85698e-06
4.30163e-06
3.10954e-06
3.60928e-06
3.28498e-06
2.90147e-06
3.39237e-06
2.2221e-06
3.43698e-06
1.58591e-06
3.42044e-06
9.89707e-07
3.33904e-06
4.2471e-07
3.18545e-06
-1.28071e-07
2.95707e-06
-6.90483e-07
2.64625e-06
-1.2728e-06
2.24878e-06
-1.88773e-06
1.77263e-06
-2.58339e-06
1.20985e-06
-3.44183e-06
6.48308e-07
-4.97145e-06
2.0188e-07
-7.63742e-06
-1.16225e-05
8.77199e-07
2.36238e-06
1.64943e-06
4.13367e-06
2.32907e-06
4.49105e-06
2.92024e-06
4.29355e-06
3.4015e-06
3.82037e-06
3.77179e-06
3.23899e-06
4.04055e-06
2.63272e-06
4.21732e-06
2.04532e-06
4.30727e-06
1.49596e-06
4.31292e-06
9.84058e-07
4.23194e-06
5.05693e-07
4.05665e-06
4.72188e-08
3.78169e-06
-4.15524e-07
3.40293e-06
-8.94038e-07
2.91298e-06
-1.39779e-06
2.32988e-06
-2.00028e-06
1.64588e-06
-2.75784e-06
9.66523e-07
-4.29208e-06
3.97068e-07
-7.06796e-06
-1.12255e-05
7.84195e-07
1.57819e-06
1.63335e-06
3.28451e-06
2.47232e-06
3.65209e-06
3.22521e-06
3.54067e-06
3.86143e-06
3.18415e-06
4.37133e-06
2.72908e-06
4.75399e-06
2.25006e-06
5.01709e-06
1.78223e-06
5.16626e-06
1.34679e-06
5.2057e-06
9.44622e-07
5.13598e-06
5.75414e-07
4.9586e-06
2.24596e-07
4.6549e-06
-1.1182e-07
4.23553e-06
-4.74676e-07
3.68144e-06
-8.4369e-07
3.01538e-06
-1.33422e-06
2.23347e-06
-1.97593e-06
1.43387e-06
-3.49248e-06
6.74711e-07
-6.3088e-06
-1.05508e-05
2.88826e-07
1.28936e-06
1.26304e-06
2.31029e-06
2.29146e-06
2.62367e-06
3.24978e-06
2.58235e-06
4.07676e-06
2.35717e-06
4.75534e-06
2.0505e-06
5.28322e-06
1.72218e-06
5.66387e-06
1.40158e-06
5.90593e-06
1.10472e-06
6.01669e-06
8.33868e-07
6.00171e-06
5.90391e-07
5.86894e-06
3.57368e-07
5.61594e-06
1.41182e-07
5.23834e-06
-9.70836e-08
4.70735e-06
-3.12695e-07
4.04807e-06
-6.74941e-07
3.2342e-06
-1.16207e-06
2.34504e-06
-2.60333e-06
1.20983e-06
-5.17359e-06
-9.34093e-06
-5.36631e-07
1.82599e-06
5.37398e-07
1.23626e-06
1.87412e-06
1.28695e-06
3.10894e-06
1.34752e-06
4.17654e-06
1.28957e-06
5.07296e-06
1.15408e-06
5.80126e-06
9.93881e-07
6.35835e-06
8.44483e-07
6.76337e-06
6.99707e-07
7.02266e-06
5.74577e-07
7.15924e-06
4.53811e-07
7.1682e-06
3.48409e-07
7.06588e-06
2.43499e-07
6.83124e-06
1.37553e-07
6.49036e-06
2.81856e-08
6.02326e-06
-2.07837e-07
5.37337e-06
-5.12183e-07
4.46009e-06
-1.69004e-06
2.63335e-06
-3.34685e-06
-6.70758e-06
1.82599e-06
3.06226e-06
4.34921e-06
5.69673e-06
6.98631e-06
8.14039e-06
9.13427e-06
9.97875e-06
1.06785e-05
1.1253e-05
1.17068e-05
1.20553e-05
1.22988e-05
1.24363e-05
1.24645e-05
1.22567e-05
1.17445e-05
1.00544e-05
6.70758e-06
)
;

boundaryField
{
    movingWall
    {
        type            calculated;
        value           uniform 0;
    }
    fixedWalls
    {
        type            calculated;
        value           uniform 0;
    }
    frontAndBack
    {
        type            empty;
    }
}


// ************************************************************************* //
