/*--------------------------------*- C++ -*----------------------------------*\
  =========                 |
  \\      /  F ield         | OpenFOAM: The Open Source CFD Toolbox
   \\    /   O peration     | Website:  https://openfoam.org
    \\  /    A nd           | Version:  11
     \\/     M anipulation  |
\*---------------------------------------------------------------------------*/
FoamFile
{
    format      ascii;
    class       volVectorField;
    location    "8";
    object      U;
}
// * * * * * * * * * * * * * * * * * * * * * * * * * * * * * * * * * * * * * //

dimensions      [0 1 -1 0 0 0 0];

internalField   nonuniform List<vector> 
400
(
(0.00248532 -0.00299679 0)
(0.00202372 -0.000517447 0)
(-0.00668664 0.00376164 0)
(-0.0281422 0.0109408 0)
(-0.0613064 0.0142321 0)
(-0.0872825 0.0122007 0)
(-0.110806 0.0105028 0)
(-0.12847 0.0081148 0)
(-0.142584 0.00618843 0)
(-0.152148 0.00395429 0)
(-0.15784 0.00219487 0)
(-0.160037 0.000305283 0)
(-0.158659 -0.00278335 0)
(-0.151904 -0.00489837 0)
(-0.140808 -0.00822734 0)
(-0.123302 -0.0111738 0)
(-0.10002 -0.0145919 0)
(-0.0704433 -0.0165753 0)
(-0.0377273 -0.0150093 0)
(-0.00903057 -0.00416721 0)
(-0.00199608 -0.00204652 0)
(-0.0127186 0.011666 0)
(-0.0389221 0.0304926 0)
(-0.0673627 0.040199 0)
(-0.0918028 0.0390627 0)
(-0.111634 0.0349378 0)
(-0.128493 0.0293988 0)
(-0.140851 0.0236437 0)
(-0.151495 0.017052 0)
(-0.158427 0.0112602 0)
(-0.162623 0.00554473 0)
(-0.16327 -6.52579e-05 0)
(-0.160628 -0.00625845 0)
(-0.154448 -0.0130975 0)
(-0.14426 -0.0213991 0)
(-0.12921 -0.0308425 0)
(-0.109041 -0.041652 0)
(-0.0834043 -0.0513611 0)
(-0.0520483 -0.0541354 0)
(-0.0191752 -0.0355145 0)
(-0.00806926 0.0135847 0)
(-0.031636 0.0396947 0)
(-0.0578657 0.0561397 0)
(-0.080023 0.060633 0)
(-0.097835 0.0568035 0)
(-0.11227 0.0495713 0)
(-0.123826 0.0406627 0)
(-0.132559 0.0313425 0)
(-0.138565 0.0230165 0)
(-0.141534 0.0146603 0)
(-0.142621 0.00646508 0)
(-0.141532 -0.00189267 0)
(-0.138796 -0.0106128 0)
(-0.133182 -0.0202092 0)
(-0.124971 -0.0313639 0)
(-0.113258 -0.0445232 0)
(-0.0975733 -0.0600058 0)
(-0.0773546 -0.0768883 0)
(-0.0509783 -0.0892816 0)
(-0.0218632 -0.0780144 0)
(-0.0121522 0.0371927 0)
(-0.0372468 0.0634151 0)
(-0.059906 0.0762223 0)
(-0.0768633 0.0771915 0)
(-0.0898867 0.0707508 0)
(-0.0998757 0.0609773 0)
(-0.10713 0.0495981 0)
(-0.112204 0.0380156 0)
(-0.115248 0.0269438 0)
(-0.116822 0.0163163 0)
(-0.116942 0.00621898 0)
(-0.115575 -0.00388522 0)
(-0.112669 -0.0144471 0)
(-0.107955 -0.0261401 0)
(-0.101408 -0.0396318 0)
(-0.0926103 -0.0556068 0)
(-0.0808351 -0.0744499 0)
(-0.065159 -0.0955532 0)
(-0.0436281 -0.114558 0)
(-0.0198353 -0.112518 0)
(-0.0123062 0.0595283 0)
(-0.0350952 0.0843608 0)
(-0.0532417 0.0930454 0)
(-0.0664324 0.0904823 0)
(-0.0760916 0.081067 0)
(-0.0829357 0.0686085 0)
(-0.0875583 0.0549417 0)
(-0.0906391 0.0414955 0)
(-0.0923973 0.0288258 0)
(-0.0930291 0.0168886 0)
(-0.0925307 0.0054753 0)
(-0.0909155 -0.00589836 0)
(-0.0881545 -0.0177143 0)
(-0.0841894 -0.0307004 0)
(-0.0790104 -0.0456765 0)
(-0.0724853 -0.0635805 0)
(-0.0640579 -0.0852171 0)
(-0.0523243 -0.110592 0)
(-0.035282 -0.135956 0)
(-0.0174638 -0.141508 0)
(-0.0104095 0.0800818 0)
(-0.0290715 0.102363 0)
(-0.0432119 0.107065 0)
(-0.0534442 0.100886 0)
(-0.0605323 0.0885038 0)
(-0.0653221 0.0736553 0)
(-0.0684603 0.0582346 0)
(-0.0705028 0.0435005 0)
(-0.0715686 0.0297618 0)
(-0.0717551 0.0168336 0)
(-0.0710915 0.00440916 0)
(-0.0695654 -0.00794832 0)
(-0.0671553 -0.0207339 0)
(-0.0638621 -0.0346255 0)
(-0.0597381 -0.0504767 0)
(-0.0548102 -0.0693651 0)
(-0.0488957 -0.0924427 0)
(-0.0405768 -0.120553 0)
(-0.0295606 -0.151755 0)
(-0.0118788 -0.165066 0)
(-0.00849123 0.0971295 0)
(-0.0218364 0.11667 0)
(-0.0325208 0.118047 0)
(-0.0400703 0.108726 0)
(-0.0451522 0.0939027 0)
(-0.0485726 0.0772144 0)
(-0.0508283 0.0605239 0)
(-0.0523043 0.0448446 0)
(-0.053077 0.0302898 0)
(-0.0532173 0.016605 0)
(-0.0527204 0.00341495 0)
(-0.0515386 -0.00973692 0)
(-0.0496279 -0.0233367 0)
(-0.047007 -0.0379694 0)
(-0.043777 -0.0544432 0)
(-0.04006 -0.0739239 0)
(-0.0359659 -0.0977865 0)
(-0.0300537 -0.127896 0)
(-0.0237563 -0.163129 0)
(-0.00953709 -0.1844 0)
(-0.00556893 0.109543 0)
(-0.0144727 0.127332 0)
(-0.0221008 0.126127 0)
(-0.0272231 0.114435 0)
(-0.0307019 0.0978405 0)
(-0.0331107 0.0798445 0)
(-0.0347748 0.0622436 0)
(-0.0359338 0.04587 0)
(-0.0366257 0.0307322 0)
(-0.0368839 0.0165046 0)
(-0.0366734 0.00273859 0)
(-0.035929 -0.0110415 0)
(-0.0345997 -0.0252974 0)
(-0.0327075 -0.0405201 0)
(-0.0303791 -0.0573909 0)
(-0.0277829 -0.0770875 0)
(-0.0252958 -0.101242 0)
(-0.0214137 -0.132573 0)
(-0.0191367 -0.170643 0)
(-0.00607656 -0.199711 0)
(-0.00339235 0.11729 0)
(-0.00765964 0.133926 0)
(-0.0122665 0.131142 0)
(-0.0151677 0.118162 0)
(-0.0172706 0.100499 0)
(-0.0188321 0.0817175 0)
(-0.0200101 0.0635525 0)
(-0.0209277 0.0467315 0)
(-0.0215793 0.0312151 0)
(-0.0219616 0.0166197 0)
(-0.0220316 0.00244523 0)
(-0.0217337 -0.0117991 0)
(-0.0210276 -0.0265481 0)
(-0.0199337 -0.0422109 0)
(-0.0185984 -0.0593179 0)
(-0.0171558 -0.0789896 0)
(-0.0164067 -0.103117 0)
(-0.0140163 -0.135233 0)
(-0.015404 -0.17534 0)
(-0.00429647 -0.212057 0)
(-2.07765e-05 0.12029 0)
(-0.0012305 0.137604 0)
(-0.00308001 0.133824 0)
(-0.00385224 0.120163 0)
(-0.00466566 0.102054 0)
(-0.00538963 0.0829314 0)
(-0.00606783 0.0645067 0)
(-0.00671479 0.0474576 0)
(-0.00728373 0.0317349 0)
(-0.00774371 0.0169298 0)
(-0.00805988 0.00251811 0)
(-0.00820278 -0.0119992 0)
(-0.00815807 -0.0270369 0)
(-0.00794257 -0.0429382 0)
(-0.00771817 -0.0600923 0)
(-0.00747282 -0.079502 0)
(-0.00874151 -0.10324 0)
(-0.00752806 -0.135666 0)
(-0.012412 -0.177254 0)
(-0.00187194 -0.221604 0)
(0.00214497 0.118714 0)
(0.00460218 0.137315 0)
(0.00584518 0.133553 0)
(0.00700612 0.120237 0)
(0.00746467 0.102298 0)
(0.00763652 0.0833448 0)
(0.0075329 0.0650144 0)
(0.00722892 0.0479812 0)
(0.00680929 0.0322339 0)
(0.00632143 0.0173898 0)
(0.00578727 0.00293298 0)
(0.00520687 -0.0116353 0)
(0.00455698 -0.0267166 0)
(0.00381957 -0.0426159 0)
(0.00279811 -0.0595963 0)
(0.00173859 -0.078495 0)
(-0.00170228 -0.101764 0)
(-0.00150869 -0.133926 0)
(-0.0101477 -0.177184 0)
(-0.00017138 -0.228914 0)
(0.00412948 0.114016 0)
(0.0103489 0.134323 0)
(0.0140099 0.131495 0)
(0.0173326 0.11924 0)
(0.0193064 0.101676 0)
(0.0205342 0.0831349 0)
(0.0211675 0.0651079 0)
(0.0213349 0.0482761 0)
(0.0211562 0.0326785 0)
(0.0206967 0.0179778 0)
(0.0199673 0.0036892 0)
(0.0189467 -0.0106797 0)
(0.0175651 -0.0255255 0)
(0.0158146 -0.0411409 0)
(0.0134742 -0.0576959 0)
(0.0107772 -0.0758572 0)
(0.00517609 -0.0983191 0)
(0.00446215 -0.129887 0)
(-0.00837694 -0.174945 0)
(0.00242778 -0.233882 0)
(0.00630341 0.104638 0)
(0.0156784 0.127499 0)
(0.0222381 0.126016 0)
(0.0273668 0.11571 0)
(0.0310985 0.0993596 0)
(0.0335524 0.0817356 0)
(0.035107 0.0644171 0)
(0.0359169 0.0481132 0)
(0.0361105 0.0329377 0)
(0.0357637 0.0186321 0)
(0.0348775 0.00477419 0)
(0.0334222 -0.00910382 0)
(0.0312701 -0.0233808 0)
(0.0284454 -0.0383725 0)
(0.0245824 -0.0542035 0)
(0.0201811 -0.0715272 0)
(0.0124007 -0.0927297 0)
(0.0103523 -0.123732 0)
(-0.00688026 -0.170937 0)
(0.00535053 -0.236877 0)
(0.00812457 0.0918215 0)
(0.0203972 0.118996 0)
(0.0295998 0.119767 0)
(0.0367906 0.11103 0)
(0.0425575 0.0961552 0)
(0.0466182 0.0795845 0)
(0.0494104 0.0631348 0)
(0.0511298 0.0475566 0)
(0.0518996 0.0330246 0)
(0.0518035 0.0193547 0)
(0.0508323 0.00619925 0)
(0.0489655 -0.00688053 0)
(0.0459962 -0.0202292 0)
(0.0420463 -0.0342054 0)
(0.0364823 -0.0489635 0)
(0.0303215 -0.0651554 0)
(0.0201392 -0.0849163 0)
(0.0165444 -0.115639 0)
(-0.00501421 -0.165245 0)
(0.00960136 -0.238019 0)
(0.00976541 0.0753543 0)
(0.0245282 0.10561 0)
(0.0360815 0.109277 0)
(0.045596 0.102663 0)
(0.0535608 0.0900268 0)
(0.0596154 0.0752397 0)
(0.0640027 0.0602441 0)
(0.0669342 0.0459018 0)
(0.0685247 0.0324733 0)
(0.0688675 0.0198593 0)
(0.0679248 0.00780655 0)
(0.065715 -0.00408465 0)
(0.0619026 -0.0160649 0)
(0.0568301 -0.0285779 0)
(0.0494214 -0.0418269 0)
(0.0414922 -0.056613 0)
(0.0285653 -0.0748278 0)
(0.0234029 -0.105543 0)
(-0.0027192 -0.158234 0)
(0.0147066 -0.237965 0)
(0.00976686 0.0567147 0)
(0.0264367 0.0924943 0)
(0.0401147 0.0989302 0)
(0.0522186 0.0938901 0)
(0.0629462 0.0830863 0)
(0.0716253 0.0700449 0)
(0.0781751 0.0566157 0)
(0.0827742 0.0437022 0)
(0.0855339 0.031626 0)
(0.0865982 0.0203463 0)
(0.0858578 0.00971154 0)
(0.0834924 -0.000661004 0)
(0.0789126 -0.0108807 0)
(0.0728643 -0.0215172 0)
(0.0635845 -0.0327943 0)
(0.0540563 -0.0458848 0)
(0.0381934 -0.0623187 0)
(0.0316619 -0.0933867 0)
(0.000405162 -0.149081 0)
(0.0214752 -0.235789 0)
(0.00818324 0.0378731 0)
(0.0255469 0.0725565 0)
(0.0415568 0.0813947 0)
(0.0566075 0.0788795 0)
(0.070404 0.0707856 0)
(0.0821273 0.0604578 0)
(0.0912863 0.0494956 0)
(0.0979448 0.0388315 0)
(0.102162 0.0288866 0)
(0.104232 0.0196557 0)
(0.103873 0.0110855 0)
(0.101681 0.0028111 0)
(0.0965993 -0.00520889 0)
(0.0901201 -0.0135178 0)
(0.079405 -0.0222387 0)
(0.0689943 -0.0332363 0)
(0.0504502 -0.0473408 0)
(0.0431183 -0.0790011 0)
(0.00565063 -0.13791 0)
(0.0306364 -0.228271 0)
(-0.00284065 0.0242367 0)
(0.016718 0.0591943 0)
(0.0358097 0.066909 0)
(0.0549465 0.0652258 0)
(0.0727449 0.0589177 0)
(0.0880815 0.0508905 0)
(0.100371 0.042508 0)
(0.109714 0.0342174 0)
(0.116009 0.0264724 0)
(0.119821 0.0193716 0)
(0.12062 0.0129409 0)
(0.11956 0.00691086 0)
(0.115097 0.00129942 0)
(0.109782 -0.00457751 0)
(0.0992626 -0.0105961 0)
(0.0898473 -0.0190356 0)
(0.0699222 -0.0306415 0)
(0.0627347 -0.0622027 0)
(0.0186185 -0.121626 0)
(0.0461874 -0.205746 0)
(-0.0149102 0.0298752 0)
(-0.00237926 0.028175 0)
(0.0244325 0.0332819 0)
(0.0497341 0.0348025 0)
(0.0724723 0.0328501 0)
(0.0922403 0.0289389 0)
(0.108683 0.024469 0)
(0.121822 0.0201445 0)
(0.131498 0.0161679 0)
(0.138447 0.0125019 0)
(0.142204 0.00927049 0)
(0.143999 0.00608547 0)
(0.142523 0.0034112 0)
(0.139883 -0.000104288 0)
(0.132542 -0.00307685 0)
(0.126348 -0.00916669 0)
(0.109506 -0.0182229 0)
(0.103774 -0.0458482 0)
(0.0580102 -0.0934602 0)
(0.0778607 -0.156918 0)
(0.0397099 0.0380766 0)
(0.0458046 0.0273672 0)
(0.0699674 0.0243772 0)
(0.0998113 0.0244447 0)
(0.126129 0.0236044 0)
(0.150294 0.0217088 0)
(0.171847 0.0192434 0)
(0.19074 0.0170614 0)
(0.206418 0.0147461 0)
(0.219605 0.0129998 0)
(0.229788 0.011035 0)
(0.238055 0.00972946 0)
(0.243586 0.00793081 0)
(0.247522 0.00686612 0)
(0.248739 0.00479159 0)
(0.246632 0.00232372 0)
(0.23808 0.00185768 0)
(0.223046 -0.00994211 0)
(0.173473 -0.0131226 0)
(0.146106 -0.0643912 0)
)
;

boundaryField
{
    movingWall
    {
        type            fixedValue;
        value           uniform (1 0 0);
    }
    fixedWalls
    {
        type            noSlip;
    }
    frontAndBack
    {
        type            empty;
    }
}


// ************************************************************************* //
