/*--------------------------------*- C++ -*----------------------------------*\
  =========                 |
  \\      /  F ield         | OpenFOAM: The Open Source CFD Toolbox
   \\    /   O peration     | Website:  https://openfoam.org
    \\  /    A nd           | Version:  11
     \\/     M anipulation  |
\*---------------------------------------------------------------------------*/
FoamFile
{
    format      ascii;
    class       volScalarField;
    location    "9";
    object      epsilon;
}
// * * * * * * * * * * * * * * * * * * * * * * * * * * * * * * * * * * * * * //

dimensions      [0 2 -3 0 0 0 0];

internalField   nonuniform List<scalar> 
400
(
2.34955e-05
8.43626e-05
0.000328518
0.000649978
0.000859796
0.00102181
0.00115369
0.00127986
0.0013908
0.00150423
0.00161061
0.00172294
0.00183603
0.00190922
0.00194231
0.00194406
0.00179653
0.00141781
0.000876551
0.000631932
0.00010498
0.000301578
0.000769238
0.00103655
0.00109867
0.00112108
0.00112851
0.00116855
0.0012184
0.00130626
0.00141651
0.00156008
0.00173043
0.00193178
0.0021531
0.00236984
0.00247084
0.00247661
0.00194848
0.0012739
0.000335478
0.000873921
0.00108872
0.00111397
0.00108561
0.00106784
0.00105814
0.00109219
0.00115194
0.00122831
0.00131685
0.00141637
0.00153544
0.00168324
0.00186689
0.00209035
0.00228512
0.00236256
0.00217453
0.00162834
0.000741046
0.00115349
0.00116467
0.00107876
0.00100977
0.000968112
0.000958482
0.000973036
0.000998581
0.00102601
0.00106449
0.00112551
0.00122198
0.00136483
0.00157539
0.00186115
0.00217806
0.00232408
0.00227925
0.00185914
0.0010555
0.00130023
0.00113635
0.000988464
0.000886983
0.00083515
0.000802763
0.000777877
0.000755948
0.000746031
0.000745436
0.000783814
0.00086635
0.00101476
0.00125871
0.00162653
0.00211414
0.00240927
0.00244964
0.00203181
0.00121855
0.00129157
0.0010616
0.000874584
0.000769861
0.000701257
0.000639596
0.000579064
0.000523531
0.000488593
0.000475168
0.000485667
0.000555117
0.000693009
0.000944168
0.00136436
0.00199726
0.00255384
0.0026972
0.00217185
0.00124494
0.00124225
0.000959042
0.000774975
0.000667501
0.000583112
0.000500011
0.00041958
0.000350773
0.000306402
0.000287348
0.000285266
0.000333709
0.000446474
0.000672701
0.00109903
0.0018292
0.00268886
0.0029815
0.00228059
0.00122616
0.00114123
0.000865972
0.000693229
0.000585461
0.000491358
0.000397631
0.000311407
0.000242846
0.000200047
0.000181074
0.00017744
0.000207361
0.000287127
0.000469996
0.000860602
0.00161813
0.00275673
0.00333059
0.00237024
0.0011791
0.00102982
0.000785621
0.000629613
0.000524664
0.00042718
0.000331303
0.000247156
0.00018403
0.000146669
0.000130655
0.000128004
0.000148113
0.000203371
0.000339972
0.000681324
0.00145383
0.00277414
0.00367546
0.00243326
0.00108846
0.000935193
0.000721125
0.000582125
0.000482388
0.00038687
0.000293706
0.00021425
0.000157436
0.000124422
0.000110376
0.000109295
0.000124149
0.00016501
0.000267988
0.000548233
0.00128652
0.00276598
0.00404323
0.00248258
0.000993913
0.000854303
0.00066991
0.000547677
0.000455252
0.000364362
0.000277416
0.000205999
0.000154496
0.000122754
0.000107058
0.000105866
0.000117593
0.000151366
0.000235687
0.000473241
0.00115476
0.00272894
0.00437136
0.00250697
0.000910967
0.000802437
0.000634997
0.000525011
0.000438874
0.000357061
0.000278809
0.000210907
0.000161341
0.000130317
0.000114671
0.000113708
0.000122154
0.000149827
0.000225808
0.000439147
0.0010653
0.00270806
0.00465925
0.0025184
0.000821746
0.000761301
0.000614753
0.000513752
0.000436373
0.000360244
0.000286996
0.000224751
0.000178619
0.000148732
0.000132323
0.000131639
0.000139371
0.00016474
0.000232039
0.000429343
0.00102504
0.00269991
0.00480897
0.00252128
0.000738074
0.000741319
0.000622123
0.000519369
0.000442981
0.000371265
0.000305345
0.000249675
0.000206834
0.000178057
0.000160238
0.000159469
0.000167097
0.000192719
0.000260156
0.00044941
0.00101512
0.00271034
0.00486716
0.00251892
0.000644012
0.000715384
0.000638022
0.000538624
0.000462952
0.000394761
0.000333563
0.000282341
0.000242535
0.000215825
0.00019746
0.000197495
0.000205857
0.000234
0.000306888
0.000506039
0.00106381
0.00277538
0.00484632
0.00246941
0.000545565
0.000705879
0.000673829
0.000590878
0.000511548
0.000443312
0.00038259
0.000331871
0.000291777
0.00026514
0.000246202
0.000247129
0.00025821
0.000293485
0.000381788
0.000614045
0.00119781
0.0029115
0.00458367
0.00238611
0.000438462
0.000660059
0.000688971
0.000659977
0.000598187
0.000531103
0.00046726
0.000412112
0.000368545
0.000338421
0.000321669
0.000325752
0.00034549
0.000401425
0.00053175
0.000855788
0.00152341
0.00319622
0.00414433
0.00224207
0.000292357
0.000582302
0.00076467
0.000816601
0.000797358
0.000741105
0.000668756
0.000603269
0.000554709
0.000520803
0.000522348
0.000543875
0.000601018
0.000733362
0.00100492
0.00163363
0.00245428
0.00374465
0.00384244
0.0020525
0.000303765
0.000584377
0.000993414
0.00117827
0.00123895
0.00123324
0.0012088
0.00119511
0.00120987
0.00125926
0.00136556
0.00156821
0.00185268
0.00231428
0.00291204
0.00383038
0.00453123
0.00437829
0.00379246
0.00178356
0.000219272
0.000340645
0.000622551
0.000902711
0.00110988
0.00124178
0.00131439
0.00135919
0.00138084
0.00139476
0.00140044
0.0014116
0.0014225
0.00144681
0.00146607
0.00151764
0.00158467
0.00165918
0.0016411
0.00146473
)
;

boundaryField
{
    movingWall
    {
        type            epsilonWallFunction;
        value           nonuniform List<scalar> 
20
(
0.000219272
0.000340645
0.000622551
0.000902711
0.00110988
0.00124178
0.00131439
0.00135919
0.00138084
0.00139476
0.00140044
0.0014116
0.0014225
0.00144681
0.00146607
0.00151764
0.00158467
0.00165918
0.0016411
0.00146473
)
;
    }
    fixedWalls
    {
        type            epsilonWallFunction;
        value           nonuniform List<scalar> 
60
(
2.34955e-05
0.00010498
0.000335478
0.000741046
0.0010555
0.00121855
0.00124494
0.00122616
0.0011791
0.00108846
0.000993913
0.000910967
0.000821746
0.000738074
0.000644012
0.000545565
0.000438462
0.000292357
0.000303765
0.000219272
0.000631932
0.0012739
0.00162834
0.00185914
0.00203181
0.00217185
0.00228059
0.00237024
0.00243326
0.00248258
0.00250697
0.0025184
0.00252128
0.00251892
0.00246941
0.00238611
0.00224207
0.0020525
0.00178356
0.00146473
2.34955e-05
8.43626e-05
0.000328518
0.000649978
0.000859796
0.00102181
0.00115369
0.00127986
0.0013908
0.00150423
0.00161061
0.00172294
0.00183603
0.00190922
0.00194231
0.00194406
0.00179653
0.00141781
0.000876551
0.000631932
)
;
    }
    frontAndBack
    {
        type            empty;
    }
}


// ************************************************************************* //
