/*--------------------------------*- C++ -*----------------------------------*\
  =========                 |
  \\      /  F ield         | OpenFOAM: The Open Source CFD Toolbox
   \\    /   O peration     | Website:  https://openfoam.org
    \\  /    A nd           | Version:  11
     \\/     M anipulation  |
\*---------------------------------------------------------------------------*/
FoamFile
{
    format      ascii;
    class       volScalarField;
    location    "9";
    object      k;
}
// * * * * * * * * * * * * * * * * * * * * * * * * * * * * * * * * * * * * * //

dimensions      [0 2 -2 0 0 0 0];

internalField   nonuniform List<scalar> 
400
(
7.34841e-06
2.63853e-05
0.000102713
0.000203172
0.000268734
0.00031936
0.000360572
0.000399998
0.000434665
0.000470113
0.000503356
0.00053846
0.000573803
0.000596674
0.000607012
0.000607558
0.000561448
0.000443088
0.000273937
0.000197488
3.28292e-05
0.000115832
0.000247919
0.000406719
0.000475913
0.000551078
0.000596776
0.000661633
0.000714779
0.000777489
0.000836975
0.00089926
0.000954659
0.00101529
0.00106862
0.00109568
0.0011017
0.000989053
0.000656122
0.000398106
0.000104892
0.000357843
0.000523562
0.000605491
0.000661
0.000708398
0.000747448
0.000796654
0.00084127
0.000889282
0.000933515
0.000976368
0.00101797
0.00106474
0.00111048
0.00114394
0.00115657
0.00110968
0.000804816
0.000508879
0.000231671
0.000570559
0.000657405
0.000694031
0.000720786
0.000743428
0.000771095
0.000803248
0.000833775
0.000862105
0.000885727
0.000914541
0.000955041
0.00100873
0.00107784
0.00114644
0.00117717
0.00117812
0.000945844
0.000581012
0.00032995
0.000686181
0.000710772
0.000710737
0.000719837
0.000735536
0.000750683
0.00075728
0.000754572
0.000747527
0.000746487
0.000765868
0.000808507
0.000879209
0.00098514
0.00112079
0.00121683
0.00124161
0.0010684
0.000634979
0.000380895
0.000715707
0.000714961
0.000706466
0.000706801
0.000705483
0.000687658
0.000653773
0.000619398
0.000596651
0.000588025
0.000594738
0.000637414
0.000717388
0.000848924
0.00103752
0.00123511
0.00131537
0.00120382
0.000678753
0.000389142
0.000707872
0.000707807
0.000691358
0.000675334
0.000647791
0.00060385
0.000549752
0.000501157
0.000468755
0.000455207
0.000454455
0.000491163
0.00056895
0.000707631
0.000929059
0.00123029
0.00138824
0.00133042
0.000712742
0.000383273
0.000687908
0.000689643
0.000663825
0.000637037
0.000593728
0.000534128
0.000470092
0.000416182
0.000380448
0.000364612
0.000362123
0.000390199
0.000457697
0.000585869
0.000812397
0.00116427
0.00145098
0.00146732
0.000740768
0.000368563
0.000649581
0.000659232
0.000635208
0.000603225
0.000551622
0.000484967
0.000418108
0.000364272
0.000329328
0.000313798
0.000311438
0.000332878
0.000387076
0.000499284
0.000713522
0.00108479
0.00149577
0.00158664
0.000760472
0.000340235
0.000617017
0.00063053
0.00061029
0.000577356
0.000523097
0.000455533
0.000389841
0.000338603
0.000305474
0.000290367
0.000289225
0.000306748
0.000351521
0.000446017
0.000642594
0.00101364
0.00151716
0.00170874
0.000775896
0.000310685
0.000574135
0.000598954
0.000586764
0.000556727
0.00050582
0.000441405
0.000380992
0.000333245
0.000301171
0.000284481
0.000283635
0.000298318
0.000337098
0.00042048
0.000598631
0.000958897
0.00152628
0.0018099
0.000783527
0.000284761
0.000538383
0.000574959
0.000569278
0.000544748
0.000497037
0.000441194
0.000384394
0.000338649
0.000307523
0.000290824
0.000289984
0.000300867
0.000334554
0.000412088
0.000578469
0.000919646
0.00153044
0.00189308
0.000787105
0.000256877
0.000491747
0.000546839
0.000549226
0.000534402
0.000497282
0.000445804
0.000394831
0.000353112
0.000323964
0.000307467
0.000307592
0.000317564
0.000348201
0.000418274
0.000573623
0.000901102
0.00153504
0.00193277
0.000788007
0.000230725
0.00046177
0.000531506
0.000538121
0.000528628
0.000500886
0.000457133
0.00041388
0.00037704
0.000350439
0.000334354
0.000335003
0.000345108
0.000375313
0.000443458
0.000591374
0.000896537
0.00153718
0.00194456
0.000787284
0.000201328
0.000413812
0.000506057
0.000529629
0.000527459
0.000510247
0.000474867
0.000438212
0.000406655
0.00038363
0.000369346
0.000370727
0.000381559
0.000412456
0.000480641
0.000628778
0.000912554
0.00153832
0.00190877
0.000771801
0.000170557
0.000384866
0.000493376
0.00053266
0.000535535
0.000527082
0.000504299
0.000473412
0.000445414
0.000424422
0.000410915
0.000412848
0.000424711
0.000457739
0.000529224
0.000688342
0.000953464
0.00154423
0.00181747
0.000745772
0.000137086
0.00032357
0.000459599
0.000538154
0.000559061
0.000556412
0.000543387
0.00051701
0.00049128
0.000470776
0.000459958
0.000463772
0.000479657
0.000520414
0.000603489
0.00079239
0.00104769
0.001564
0.00165579
0.000700748
9.14096e-05
0.000275601
0.000469235
0.000574381
0.000635048
0.000637528
0.000629368
0.000607374
0.000583142
0.000562708
0.000562508
0.000573112
0.000603007
0.000672291
0.000791801
0.0010536
0.00132778
0.00161115
0.00147609
0.000641502
9.49589e-05
0.000291902
0.000516812
0.000646835
0.00072102
0.000751722
0.000766914
0.000782264
0.000800574
0.000829877
0.000880199
0.000959731
0.0010686
0.00123254
0.00142816
0.00171718
0.00182525
0.00170914
0.00135904
0.000557449
6.85464e-05
0.000106483
0.000194598
0.000282177
0.00034693
0.000388154
0.000410853
0.000424853
0.000431621
0.000435969
0.000437743
0.000441228
0.000444632
0.000452223
0.000458237
0.000474347
0.000495293
0.000518576
0.000512925
0.000457797
)
;

boundaryField
{
    movingWall
    {
        type            kqRWallFunction;
        value           nonuniform List<scalar> 
20
(
6.85464e-05
0.000106483
0.000194598
0.000282177
0.00034693
0.000388154
0.000410853
0.000424853
0.000431621
0.000435969
0.000437743
0.000441228
0.000444632
0.000452223
0.000458237
0.000474347
0.000495293
0.000518576
0.000512925
0.000457797
)
;
    }
    fixedWalls
    {
        type            kqRWallFunction;
        value           nonuniform List<scalar> 
60
(
7.34841e-06
3.28292e-05
0.000104892
0.000231671
0.00032995
0.000380895
0.000389142
0.000383273
0.000368563
0.000340235
0.000310685
0.000284761
0.000256877
0.000230725
0.000201328
0.000170557
0.000137086
9.14096e-05
9.49589e-05
6.85464e-05
0.000197488
0.000398106
0.000508879
0.000581012
0.000634979
0.000678753
0.000712742
0.000740768
0.000760472
0.000775896
0.000783527
0.000787105
0.000788007
0.000787284
0.000771801
0.000745772
0.000700748
0.000641502
0.000557449
0.000457797
7.34841e-06
2.63853e-05
0.000102713
0.000203172
0.000268734
0.00031936
0.000360572
0.000399998
0.000434665
0.000470113
0.000503356
0.00053846
0.000573803
0.000596674
0.000607012
0.000607558
0.000561448
0.000443088
0.000273937
0.000197488
)
;
    }
    frontAndBack
    {
        type            empty;
    }
}


// ************************************************************************* //
