/*--------------------------------*- C++ -*----------------------------------*\
  =========                 |
  \\      /  F ield         | OpenFOAM: The Open Source CFD Toolbox
   \\    /   O peration     | Website:  https://openfoam.org
    \\  /    A nd           | Version:  11
     \\/     M anipulation  |
\*---------------------------------------------------------------------------*/
FoamFile
{
    format      ascii;
    class       volScalarField;
    location    "9";
    object      nut;
}
// * * * * * * * * * * * * * * * * * * * * * * * * * * * * * * * * * * * * * //

dimensions      [0 2 -1 0 0 0 0];

internalField   nonuniform List<scalar> 
400
(
2.06845e-07
7.42706e-07
2.89023e-06
5.71571e-06
7.55949e-06
8.98328e-06
1.01423e-05
1.12511e-05
1.22261e-05
1.32231e-05
1.41581e-05
1.51454e-05
1.61394e-05
1.67826e-05
1.70734e-05
1.70887e-05
1.57916e-05
1.24625e-05
7.70489e-06
5.55463e-06
9.23971e-07
4.00404e-06
7.19121e-06
1.43629e-05
1.85536e-05
2.43798e-05
2.84027e-05
3.37154e-05
3.77394e-05
4.16488e-05
4.4509e-05
4.66516e-05
4.74008e-05
4.80245e-05
4.77341e-05
4.55926e-05
4.42101e-05
3.55488e-05
1.98845e-05
1.11971e-05
2.95165e-06
1.31873e-05
2.26602e-05
2.962e-05
3.6222e-05
4.22952e-05
4.75184e-05
5.2298e-05
5.52945e-05
5.79447e-05
5.9559e-05
6.0575e-05
6.07406e-05
6.06154e-05
5.9449e-05
5.63418e-05
5.26834e-05
4.69085e-05
2.68084e-05
1.43128e-05
6.51838e-06
2.53998e-05
3.33969e-05
4.0186e-05
4.63057e-05
5.138e-05
5.58308e-05
5.96777e-05
6.26552e-05
6.51942e-05
6.63284e-05
6.68807e-05
6.71775e-05
6.70982e-05
6.63685e-05
6.3557e-05
5.72598e-05
5.37487e-05
3.53256e-05
1.63418e-05
9.2828e-06
3.25911e-05
4.00122e-05
4.59938e-05
5.2577e-05
5.83022e-05
6.31784e-05
6.63507e-05
6.77879e-05
6.74123e-05
6.72786e-05
6.735e-05
6.79074e-05
6.85591e-05
6.93926e-05
6.95072e-05
6.30328e-05
5.75876e-05
4.19384e-05
1.78599e-05
1.07155e-05
3.56938e-05
4.33359e-05
5.13599e-05
5.84017e-05
6.38762e-05
6.65399e-05
6.6431e-05
6.59538e-05
6.55745e-05
6.54917e-05
6.55475e-05
6.58722e-05
6.68362e-05
6.86959e-05
7.10076e-05
6.87415e-05
6.09739e-05
4.8356e-05
1.90913e-05
1.09474e-05
3.6303e-05
4.70148e-05
5.55087e-05
6.14934e-05
6.4768e-05
6.56329e-05
6.48278e-05
6.44413e-05
6.4542e-05
6.49009e-05
6.51588e-05
6.50616e-05
6.5252e-05
6.69938e-05
7.06838e-05
7.44729e-05
6.45062e-05
5.34296e-05
2.00475e-05
1.07823e-05
3.73192e-05
4.94296e-05
5.72101e-05
6.23842e-05
6.45682e-05
6.45734e-05
6.38675e-05
6.41916e-05
6.51181e-05
6.60769e-05
6.65122e-05
6.60828e-05
6.56637e-05
6.57279e-05
6.90203e-05
7.53936e-05
6.87337e-05
5.81801e-05
2.0836e-05
1.03685e-05
3.68765e-05
4.97858e-05
5.76769e-05
6.24195e-05
6.41084e-05
6.38911e-05
6.36571e-05
6.48942e-05
6.65519e-05
6.78294e-05
6.81964e-05
6.73316e-05
6.63049e-05
6.59925e-05
6.72517e-05
7.28487e-05
7.25847e-05
6.16436e-05
2.13905e-05
9.57166e-06
3.66383e-05
4.96184e-05
5.75835e-05
6.21918e-05
6.36562e-05
6.35873e-05
6.38405e-05
6.5542e-05
6.74984e-05
6.87482e-05
6.88831e-05
6.82128e-05
6.7396e-05
6.68082e-05
6.77876e-05
7.18777e-05
7.48957e-05
6.49926e-05
2.18247e-05
8.74049e-06
3.47264e-05
4.81963e-05
5.65777e-05
6.12739e-05
6.31977e-05
6.32101e-05
6.34177e-05
6.4692e-05
6.65015e-05
6.80349e-05
6.83922e-05
6.81116e-05
6.75658e-05
6.75148e-05
6.8152e-05
7.16628e-05
7.68271e-05
6.74427e-05
2.20395e-05
8.01126e-06
3.25098e-05
4.68538e-05
5.5555e-05
6.08546e-05
6.22699e-05
6.2834e-05
6.30527e-05
6.3973e-05
6.53126e-05
6.63822e-05
6.65583e-05
6.66939e-05
6.72338e-05
6.76836e-05
6.85794e-05
7.14516e-05
7.7843e-05
6.92252e-05
2.21403e-05
7.22693e-06
2.8587e-05
4.37785e-05
5.28434e-05
5.89007e-05
6.17804e-05
6.2324e-05
6.24259e-05
6.2826e-05
6.35084e-05
6.4299e-05
6.46856e-05
6.51223e-05
6.62372e-05
6.78584e-05
6.8975e-05
7.12936e-05
7.8548e-05
6.99118e-05
2.21658e-05
6.49129e-06
2.58874e-05
4.08678e-05
5.01794e-05
5.6775e-05
6.08187e-05
6.15937e-05
6.17472e-05
6.18579e-05
6.20738e-05
6.27899e-05
6.33378e-05
6.41479e-05
6.5782e-05
6.80322e-05
7.00365e-05
7.12626e-05
7.84639e-05
6.99214e-05
2.21457e-05
5.66442e-06
2.15432e-05
3.61248e-05
4.68706e-05
5.40858e-05
5.93566e-05
6.08427e-05
6.12121e-05
6.13651e-05
6.13711e-05
6.2177e-05
6.26315e-05
6.36503e-05
6.54306e-05
6.7749e-05
7.0316e-05
7.04525e-05
7.67388e-05
6.7661e-05
2.171e-05
4.79881e-06
1.88856e-05
3.25124e-05
4.32161e-05
5.04582e-05
5.64013e-05
5.98253e-05
6.07786e-05
6.11953e-05
6.11451e-05
6.1724e-05
6.20725e-05
6.2872e-05
6.42531e-05
6.60237e-05
6.94465e-05
6.83069e-05
7.3714e-05
6.48582e-05
2.0978e-05
3.85743e-06
1.42757e-05
2.75931e-05
3.94936e-05
4.70245e-05
5.24633e-05
5.68726e-05
5.83748e-05
5.894e-05
5.89404e-05
5.91929e-05
5.94245e-05
5.99333e-05
6.07207e-05
6.16415e-05
6.60319e-05
6.48469e-05
6.88778e-05
5.95389e-05
1.97114e-05
2.57225e-06
1.17397e-05
2.59149e-05
3.63607e-05
4.552e-05
4.93585e-05
5.33069e-05
5.50356e-05
5.5173e-05
5.47186e-05
5.45179e-05
5.43529e-05
5.44503e-05
5.54675e-05
5.61493e-05
6.11565e-05
6.46503e-05
6.23883e-05
5.10341e-05
1.8045e-05
2.67163e-06
1.31227e-05
2.41979e-05
3.19585e-05
3.77645e-05
4.12391e-05
4.37909e-05
4.60832e-05
4.76767e-05
4.92214e-05
5.10616e-05
5.28613e-05
5.54715e-05
5.90786e-05
6.30374e-05
6.92841e-05
6.61713e-05
6.00474e-05
4.38313e-05
1.56807e-05
1.92854e-06
2.99574e-06
5.47448e-06
7.9385e-06
9.75996e-06
1.09196e-05
1.15582e-05
1.1952e-05
1.21424e-05
1.22646e-05
1.23145e-05
1.24124e-05
1.25081e-05
1.27214e-05
1.28905e-05
1.33434e-05
1.39325e-05
1.45872e-05
1.44283e-05
1.28775e-05
)
;

boundaryField
{
    movingWall
    {
        type            nutkWallFunction;
        Cmu             0.09;
        kappa           0.41;
        E               9.8;
        value           uniform 0;
    }
    fixedWalls
    {
        type            nutkWallFunction;
        Cmu             0.09;
        kappa           0.41;
        E               9.8;
        value           uniform 0;
    }
    frontAndBack
    {
        type            empty;
    }
}


// ************************************************************************* //
