/*--------------------------------*- C++ -*----------------------------------*\
  =========                 |
  \\      /  F ield         | OpenFOAM: The Open Source CFD Toolbox
   \\    /   O peration     | Website:  https://openfoam.org
    \\  /    A nd           | Version:  11
     \\/     M anipulation  |
\*---------------------------------------------------------------------------*/
FoamFile
{
    format      ascii;
    class       volScalarField;
    location    "9";
    object      p;
}
// * * * * * * * * * * * * * * * * * * * * * * * * * * * * * * * * * * * * * //

dimensions      [0 2 -2 0 0 0 0];

internalField   nonuniform List<scalar> 
400
(
-9.98949e-09
-9.00882e-05
-0.00015415
-0.000421342
-0.00132427
-0.00282444
-0.00455968
-0.00620881
-0.00753399
-0.00841046
-0.00873044
-0.00840435
-0.00742076
-0.00576093
-0.00342713
-0.000555888
0.00254638
0.00528416
0.00698508
0.00735322
9.08638e-05
-1.67702e-05
-0.000258392
-0.000912267
-0.0020831
-0.00366692
-0.00537434
-0.00695523
-0.0082366
-0.00909732
-0.00944045
-0.00921869
-0.00838438
-0.00688909
-0.0047529
-0.00205206
0.000964267
0.00381363
0.00584423
0.00665827
0.000251007
-0.000102766
-0.00076402
-0.00186383
-0.00336501
-0.00506827
-0.00676008
-0.00828044
-0.00950897
-0.010315
-0.010636
-0.0104418
-0.00971132
-0.00843107
-0.00659664
-0.00424954
-0.00153325
0.00124759
0.0035784
0.00475688
-2.76918e-05
-0.000619349
-0.00171244
-0.00323565
-0.00499831
-0.00679316
-0.00845645
-0.00987266
-0.0109491
-0.0116369
-0.0119095
-0.0117476
-0.0111308
-0.0100527
-0.0085135
-0.00653926
-0.0042074
-0.0016924
0.000632362
0.00188091
-0.00090284
-0.00169525
-0.00308702
-0.00484139
-0.0067058
-0.00848633
-0.0100541
-0.011333
-0.0122777
-0.01287
-0.0130997
-0.0129588
-0.0124409
-0.0115459
-0.0102771
-0.00865279
-0.00671722
-0.00456466
-0.00245509
-0.00127303
-0.00233012
-0.00320479
-0.00469036
-0.00647693
-0.00830604
-0.0099929
-0.0114337
-0.0125802
-0.0134133
-0.0139272
-0.0141209
-0.0139965
-0.013558
-0.0128122
-0.0117681
-0.0104414
-0.00886245
-0.00708904
-0.00537448
-0.00425611
-0.00396974
-0.00484492
-0.00627331
-0.00797534
-0.00969291
-0.0112502
-0.01256
-0.0135889
-0.0143293
-0.0147822
-0.0149519
-0.0148446
-0.0144689
-0.0138377
-0.0129662
-0.0118724
-0.0105851
-0.00914849
-0.00781051
-0.0068144
-0.0054894
-0.00631522
-0.00762908
-0.00920992
-0.0107956
-0.0122237
-0.0134179
-0.0143518
-0.0150221
-0.0154326
-0.0155889
-0.0154982
-0.0151705
-0.014622
-0.0138746
-0.0129518
-0.0118874
-0.0107195
-0.00969213
-0.00880985
-0.00666649
-0.00743841
-0.00863125
-0.0100994
-0.0115689
-0.0128929
-0.0140012
-0.014869
-0.0154932
-0.0158777
-0.0160279
-0.0159502
-0.0156547
-0.0151591
-0.0144912
-0.0136825
-0.0127803
-0.0117976
-0.0109946
-0.0102147
-0.00741911
-0.00810648
-0.00920955
-0.0106008
-0.0119884
-0.0132472
-0.0143066
-0.0151396
-0.0157411
-0.0161137
-0.016262
-0.0161914
-0.0159118
-0.0154415
-0.0148132
-0.0140638
-0.0132738
-0.0123827
-0.0117671
-0.0110125
-0.00770411
-0.0083102
-0.00935841
-0.0107002
-0.0120471
-0.0132825
-0.014331
-0.0151603
-0.0157614
-0.0161349
-0.0162842
-0.016214
-0.015934
-0.0154628
-0.0148375
-0.0140933
-0.0133789
-0.0124681
-0.0120466
-0.0112017
-0.00751215
-0.00807389
-0.00908605
-0.0104056
-0.0117507
-0.012999
-0.0140711
-0.0149262
-0.015549
-0.0159365
-0.0160904
-0.016014
-0.0157176
-0.0152204
-0.0145634
-0.0138008
-0.0130575
-0.0121009
-0.0118762
-0.0107686
-0.00692106
-0.00746529
-0.00845201
-0.00974771
-0.0111151
-0.0124041
-0.0135286
-0.0144364
-0.0151026
-0.0155182
-0.0156816
-0.0155943
-0.0152671
-0.0147208
-0.0140027
-0.0131734
-0.0123477
-0.0113527
-0.0112091
-0.00974248
-0.00606023
-0.0065731
-0.00751889
-0.00877352
-0.0101591
-0.0115055
-0.0127071
-0.0136939
-0.0144264
-0.0148863
-0.0150671
-0.0149676
-0.0145986
-0.0139832
-0.0131757
-0.0122373
-0.011298
-0.0102332
-0.0100403
-0.00820176
-0.00510144
-0.00553978
-0.00638076
-0.00755245
-0.0089301
-0.0103368
-0.0116331
-0.0127214
-0.0135423
-0.0140643
-0.0142744
-0.0141671
-0.0137515
-0.0130524
-0.0121318
-0.0110479
-0.00995563
-0.00874508
-0.00840063
-0.0061791
-0.00424005
-0.00449605
-0.00511489
-0.00613592
-0.00747599
-0.00894007
-0.0103443
-0.0115547
-0.0124872
-0.0130927
-0.01335
-0.0132498
-0.0127981
-0.0120137
-0.0109648
-0.00969861
-0.00838956
-0.00691728
-0.00627798
-0.00346984
-0.00366108
-0.00357644
-0.00384337
-0.00464478
-0.00591764
-0.00742898
-0.00894534
-0.0102914
-0.0113551
-0.0120662
-0.0123931
-0.0123192
-0.0118581
-0.0110019
-0.00981719
-0.0083228
-0.00668573
-0.00475503
-0.00345323
0.000740642
-0.00338079
-0.00277699
-0.00262009
-0.00317944
-0.00437209
-0.00591549
-0.00753595
-0.00902513
-0.0102387
-0.0110809
-0.0115057
-0.0114868
-0.0110365
-0.0101429
-0.00883443
-0.00706504
-0.00494522
-0.00217911
0.000661082
0.00823797
-0.00333035
-0.00211897
-0.00166004
-0.00203402
-0.00314932
-0.00471274
-0.00642186
-0.00803842
-0.00938853
-0.0103615
-0.0108961
-0.0109627
-0.010545
-0.00962144
-0.00817597
-0.00610697
-0.00332963
0.00102686
0.00722052
0.0202753
-0.00384052
-0.000737972
-0.000161919
-0.000711585
-0.00187392
-0.0034924
-0.00531563
-0.00706701
-0.00855002
-0.00963844
-0.0102661
-0.0103942
-0.00999981
-0.00905656
-0.00752163
-0.00522884
-0.00132352
0.00564635
0.0176836
0.0356452
)
;

boundaryField
{
    movingWall
    {
        type            zeroGradient;
    }
    fixedWalls
    {
        type            zeroGradient;
    }
    frontAndBack
    {
        type            empty;
    }
}


// ************************************************************************* //
