/*--------------------------------*- C++ -*----------------------------------*\
  =========                 |
  \\      /  F ield         | OpenFOAM: The Open Source CFD Toolbox
   \\    /   O peration     | Website:  https://openfoam.org
    \\  /    A nd           | Version:  11
     \\/     M anipulation  |
\*---------------------------------------------------------------------------*/
FoamFile
{
    format      ascii;
    class       surfaceScalarField;
    location    "9";
    object      phi;
}
// * * * * * * * * * * * * * * * * * * * * * * * * * * * * * * * * * * * * * //

dimensions      [0 3 -1 0 0 0 0];

internalField   nonuniform List<scalar> 
760
(
1.17883e-07
-1.17882e-07
-1.67173e-07
2.85055e-07
-1.01931e-06
8.52134e-07
-2.34192e-06
1.32262e-06
-3.73745e-06
1.39553e-06
-4.98112e-06
1.24368e-06
-6.03174e-06
1.05062e-06
-6.86472e-06
8.32979e-07
-7.47438e-06
6.09658e-07
-7.87855e-06
4.04168e-07
-8.08988e-06
2.11328e-07
-8.09791e-06
8.0358e-09
-7.89862e-06
-1.99295e-07
-7.49082e-06
-4.07794e-07
-6.8068e-06
-6.84022e-07
-5.82233e-06
-9.84472e-07
-4.48177e-06
-1.34056e-06
-2.8289e-06
-1.65287e-06
-1.0857e-06
-1.7432e-06
-1.0857e-06
-4.16793e-07
2.98911e-07
-1.42956e-06
1.29783e-06
-2.79347e-06
2.21604e-06
-4.039e-06
2.56815e-06
-5.11097e-06
2.46749e-06
-6.05073e-06
2.18344e-06
-6.81796e-06
1.81785e-06
-7.41879e-06
1.43381e-06
-7.86883e-06
1.05969e-06
-8.16087e-06
6.96214e-07
-8.28023e-06
3.30684e-07
-8.22622e-06
-4.59715e-08
-8.01558e-06
-4.09934e-07
-7.60823e-06
-8.15143e-07
-7.00165e-06
-1.2906e-06
-6.14798e-06
-1.83815e-06
-5.01024e-06
-2.4783e-06
-3.52628e-06
-3.13683e-06
-1.73148e-06
-3.53799e-06
-2.81718e-06
-1.01192e-06
1.31084e-06
-2.33684e-06
2.62274e-06
-3.50506e-06
3.38426e-06
-4.47587e-06
3.53896e-06
-5.29657e-06
3.2882e-06
-5.97412e-06
2.86099e-06
-6.50605e-06
2.34978e-06
-6.88296e-06
1.81071e-06
-7.12484e-06
1.30158e-06
-7.23483e-06
8.06199e-07
-7.23537e-06
3.31227e-07
-7.13732e-06
-1.44028e-07
-6.92223e-06
-6.25016e-07
-6.57536e-06
-1.16202e-06
-6.08415e-06
-1.78181e-06
-5.41334e-06
-2.50896e-06
-4.53234e-06
-3.3593e-06
-3.37478e-06
-4.29438e-06
-1.86019e-06
-5.05259e-06
-4.67737e-06
-1.23586e-06
2.5467e-06
-2.44832e-06
3.8352e-06
-3.42716e-06
4.3631e-06
-4.19008e-06
4.30188e-06
-4.79141e-06
3.88954e-06
-5.24705e-06
3.31662e-06
-5.57272e-06
2.67544e-06
-5.79511e-06
2.0331e-06
-5.92242e-06
1.4289e-06
-5.96949e-06
8.53267e-07
-5.9378e-06
2.99537e-07
-5.82953e-06
-2.52296e-07
-5.63215e-06
-8.22403e-07
-5.34433e-06
-1.44984e-06
-4.95633e-06
-2.16981e-06
-4.44409e-06
-3.0212e-06
-3.7733e-06
-4.0301e-06
-2.88612e-06
-5.18155e-06
-1.65031e-06
-6.28841e-06
-6.32767e-06
-1.16447e-06
3.71117e-06
-2.1895e-06
4.86023e-06
-2.98342e-06
5.15702e-06
-3.58161e-06
4.90006e-06
-4.02295e-06
4.33088e-06
-4.33462e-06
3.62829e-06
-4.54605e-06
2.88688e-06
-4.68261e-06
2.16966e-06
-4.751e-06
1.49729e-06
-4.75863e-06
8.60891e-07
-4.70631e-06
2.47217e-07
-4.59439e-06
-3.64219e-07
-4.41907e-06
-9.97721e-07
-4.18183e-06
-1.68708e-06
-3.87952e-06
-2.47212e-06
-3.49869e-06
-3.40203e-06
-3.00516e-06
-4.52363e-06
-2.33207e-06
-5.85464e-06
-1.37954e-06
-7.24094e-06
-7.70722e-06
-9.58014e-07
4.66918e-06
-1.77701e-06
5.67923e-06
-2.40519e-06
5.7852e-06
-2.86524e-06
5.36011e-06
-3.19123e-06
4.65686e-06
-3.41333e-06
3.85039e-06
-3.56049e-06
3.03404e-06
-3.65056e-06
2.25973e-06
-3.69e-06
1.53674e-06
-3.68275e-06
8.53644e-07
-3.62917e-06
1.93632e-07
-3.52822e-06
-4.65166e-07
-3.37886e-06
-1.14709e-06
-3.18356e-06
-1.88238e-06
-2.94555e-06
-2.71013e-06
-2.66331e-06
-3.68426e-06
-2.32097e-06
-4.86597e-06
-1.85335e-06
-6.32225e-06
-1.1146e-06
-7.97969e-06
-8.82182e-06
-7.26184e-07
5.39536e-06
-1.33363e-06
6.28667e-06
-1.80265e-06
6.25422e-06
-2.14286e-06
5.70032e-06
-2.38236e-06
4.89637e-06
-2.54577e-06
4.01379e-06
-2.65479e-06
3.14306e-06
-2.72158e-06
2.32652e-06
-2.75165e-06
1.56681e-06
-2.74715e-06
8.49147e-07
-2.70673e-06
1.53204e-07
-2.62794e-06
-5.4395e-07
-2.50931e-06
-1.26572e-06
-2.35366e-06
-2.03803e-06
-2.1686e-06
-2.89519e-06
-1.96056e-06
-3.8923e-06
-1.72344e-06
-5.10309e-06
-1.40504e-06
-6.64066e-06
-9.11781e-07
-8.47295e-06
-9.7336e-06
-4.73368e-07
5.86873e-06
-8.96752e-07
6.71006e-06
-1.21955e-06
6.57701e-06
-1.45625e-06
5.93702e-06
-1.62613e-06
5.06625e-06
-1.74613e-06
4.13379e-06
-1.82992e-06
3.22685e-06
-1.88478e-06
2.38139e-06
-1.91432e-06
1.59634e-06
-1.91914e-06
8.53977e-07
-1.89698e-06
1.31036e-07
-1.84496e-06
-5.95967e-07
-1.76133e-06
-1.34935e-06
-1.64861e-06
-2.15075e-06
-1.51622e-06
-3.02758e-06
-1.37651e-06
-4.03201e-06
-1.22925e-06
-5.25035e-06
-1.03306e-06
-6.83685e-06
-7.04045e-07
-8.80197e-06
-1.04376e-05
-2.54065e-07
6.1228e-06
-4.8908e-07
6.94507e-06
-6.71287e-07
6.75922e-06
-8.14496e-07
6.08023e-06
-9.22603e-07
5.17436e-06
-1.00498e-06
4.21616e-06
-1.06761e-06
3.28948e-06
-1.11318e-06
2.42696e-06
-1.14307e-06
1.62624e-06
-1.15702e-06
8.67921e-07
-1.15309e-06
1.27109e-07
-1.12897e-06
-6.20086e-07
-1.08334e-06
-1.39498e-06
-1.01838e-06
-2.21571e-06
-9.43462e-07
-3.1025e-06
-8.73001e-07
-4.10247e-06
-8.11251e-07
-5.3121e-06
-7.26089e-07
-6.92201e-06
-5.57726e-07
-8.97033e-06
-1.09954e-05
-2.77812e-08
6.15058e-06
-1.03968e-07
7.02126e-06
-1.64004e-07
6.81926e-06
-2.14155e-07
6.13038e-06
-2.59885e-07
5.22009e-06
-3.03128e-07
4.25941e-06
-3.42912e-07
3.32926e-06
-3.77333e-07
2.46138e-06
-4.05362e-07
1.65427e-06
-4.26356e-07
8.88916e-07
-4.39485e-07
1.40237e-07
-4.4361e-07
-6.1596e-07
-4.38481e-07
-1.40011e-06
-4.25991e-07
-2.2282e-06
-4.14684e-07
-3.11381e-06
-4.14242e-07
-4.10291e-06
-4.4911e-07
-5.27723e-06
-4.66766e-07
-6.90436e-06
-4.166e-07
-9.02049e-06
-1.1412e-05
1.82827e-07
5.96775e-06
2.77717e-07
6.92637e-06
3.46215e-07
6.75076e-06
3.7468e-07
6.10192e-06
3.86299e-07
5.20847e-06
3.82485e-07
4.26322e-06
3.6834e-07
3.3434e-06
3.48364e-07
2.48136e-06
3.25003e-07
1.67763e-06
2.98892e-07
9.15027e-07
2.69656e-07
1.69474e-07
2.36894e-07
-5.83199e-07
1.99591e-07
-1.36281e-06
1.55709e-07
-2.18431e-06
9.8834e-08
-3.05693e-06
1.59301e-09
-4.00567e-06
-1.0375e-07
-5.17189e-06
-2.42961e-07
-6.76515e-06
-3.18505e-07
-8.94495e-06
-1.17305e-05
3.82327e-07
5.58542e-06
6.37545e-07
6.67115e-06
8.27649e-07
6.56065e-06
9.47308e-07
5.98226e-06
1.02458e-06
5.1312e-06
1.06793e-06
4.21987e-06
1.08596e-06
3.32537e-06
1.08552e-06
2.4818e-06
1.07026e-06
1.69289e-06
1.0409e-06
9.44388e-07
9.95819e-07
2.14554e-07
9.33068e-07
-5.20448e-07
8.49772e-07
-1.27951e-06
7.43293e-07
-2.07784e-06
6.0707e-07
-2.92071e-06
4.3874e-07
-3.83734e-06
2.13224e-07
-4.94638e-06
-5.54053e-08
-6.49652e-06
-2.07715e-07
-8.79264e-06
-1.19382e-05
5.78044e-07
5.00738e-06
9.88457e-07
6.26074e-06
1.29746e-06
6.25165e-06
1.514e-06
5.76572e-06
1.66453e-06
4.98066e-06
1.76463e-06
4.11978e-06
1.82399e-06
3.26601e-06
1.85043e-06
2.45536e-06
1.8484e-06
1.69491e-06
1.8188e-06
9.73992e-07
1.75887e-06
2.74486e-07
1.6656e-06
-4.27178e-07
1.53432e-06
-1.14823e-06
1.361e-06
-1.90452e-06
1.14185e-06
-2.70156e-06
8.73358e-07
-3.56884e-06
5.31542e-07
-4.60456e-06
1.68002e-07
-6.13298e-06
-7.36446e-08
-8.55099e-06
-1.20118e-05
7.46534e-07
4.26085e-06
1.30244e-06
5.70483e-06
1.72757e-06
5.82652e-06
2.05853e-06
5.43476e-06
2.30089e-06
4.73831e-06
2.47371e-06
3.94695e-06
2.58821e-06
3.15151e-06
2.65269e-06
2.39088e-06
2.67203e-06
1.67557e-06
2.64726e-06
9.98761e-07
2.5749e-06
3.4684e-07
2.4504e-06
-3.02672e-07
2.26877e-06
-9.66599e-07
2.0243e-06
-1.66005e-06
1.71316e-06
-2.39042e-06
1.33581e-06
-3.1915e-06
8.79874e-07
-4.14862e-06
4.18061e-07
-5.67116e-06
7.73947e-08
-8.21033e-06
-1.19344e-05
8.90366e-07
3.37048e-06
1.5716e-06
5.0236e-06
2.11898e-06
5.27914e-06
2.57485e-06
4.9789e-06
2.92739e-06
4.38576e-06
3.19011e-06
3.68424e-06
3.37521e-06
2.96641e-06
3.49104e-06
2.27506e-06
3.54211e-06
1.6245e-06
3.52974e-06
1.01113e-06
3.44966e-06
4.26923e-07
3.29469e-06
-1.47703e-07
3.06197e-06
-7.33882e-07
2.74359e-06
-1.34167e-06
2.3344e-06
-1.98122e-06
1.84352e-06
-2.70062e-06
1.26392e-06
-3.56903e-06
6.8526e-07
-5.0925e-06
2.19932e-07
-7.745e-06
-1.17145e-05
9.07274e-07
2.46321e-06
1.70156e-06
4.22931e-06
2.39742e-06
4.58327e-06
3.00135e-06
4.37497e-06
3.49447e-06
3.89264e-06
3.87594e-06
3.30277e-06
4.15513e-06
2.68722e-06
4.34125e-06
2.08894e-06
4.43864e-06
1.52711e-06
4.44943e-06
1.00035e-06
4.37082e-06
5.05534e-07
4.19307e-06
3.00458e-08
3.91318e-06
-4.53994e-07
3.52496e-06
-9.53452e-07
3.02013e-06
-1.4764e-06
2.41805e-06
-2.09853e-06
1.7107e-06
-2.86168e-06
1.0091e-06
-4.3909e-06
4.18052e-07
-7.15395e-06
-1.12965e-05
8.2273e-07
1.64048e-06
1.69561e-06
3.35644e-06
2.55482e-06
3.72406e-06
3.32406e-06
3.60573e-06
3.97465e-06
3.24205e-06
4.49782e-06
2.77959e-06
4.89226e-06
2.29278e-06
5.16573e-06
1.81547e-06
5.32316e-06
1.36967e-06
5.36816e-06
9.55348e-07
5.30014e-06
5.73551e-07
5.12117e-06
2.0902e-07
4.8106e-06
-1.43428e-07
4.37876e-06
-5.21612e-07
3.80613e-06
-9.03768e-07
3.11736e-06
-1.40975e-06
2.30547e-06
-2.04979e-06
1.479e-06
-3.56443e-06
6.95339e-07
-6.37029e-06
-1.06011e-05
3.35829e-07
1.30465e-06
1.34064e-06
2.35163e-06
2.39158e-06
2.67312e-06
3.36906e-06
2.62826e-06
4.21213e-06
2.39897e-06
4.90546e-06
2.08626e-06
5.4462e-06
1.75204e-06
5.83717e-06
1.4245e-06
6.08676e-06
1.12008e-06
6.20205e-06
8.40052e-07
6.18718e-06
5.88422e-07
6.05102e-06
3.45188e-07
5.78826e-06
1.19329e-07
5.39256e-06
-1.25912e-07
4.83847e-06
-3.4968e-07
4.15203e-06
-7.23315e-07
3.30594e-06
-1.2037e-06
2.38963e-06
-2.64811e-06
1.22957e-06
-5.21023e-06
-9.37155e-06
-5.14921e-07
1.81957e-06
5.92653e-07
1.24405e-06
1.95909e-06
1.30668e-06
3.21618e-06
1.37117e-06
4.3038e-06
1.31135e-06
5.21785e-06
1.17221e-06
5.96134e-06
1.00856e-06
6.53079e-06
8.55046e-07
6.94338e-06
7.07487e-07
7.20668e-06
5.7676e-07
7.34133e-06
4.53764e-07
7.34362e-06
3.42904e-07
7.22617e-06
2.36776e-07
6.97498e-06
1.25282e-07
6.60843e-06
1.68683e-08
6.11339e-06
-2.28278e-07
5.43654e-06
-5.26853e-07
4.50073e-06
-1.7123e-06
2.65194e-06
-3.36145e-06
-6.71961e-06
1.81957e-06
3.06362e-06
4.3703e-06
5.74147e-06
7.05282e-06
8.22503e-06
9.2336e-06
1.00886e-05
1.07961e-05
1.13729e-05
1.18267e-05
1.21696e-05
1.24063e-05
1.25316e-05
1.25485e-05
1.23202e-05
1.17934e-05
1.00811e-05
6.71961e-06
)
;

boundaryField
{
    movingWall
    {
        type            calculated;
        value           uniform 0;
    }
    fixedWalls
    {
        type            calculated;
        value           uniform 0;
    }
    frontAndBack
    {
        type            empty;
    }
}


// ************************************************************************* //
