/*--------------------------------*- C++ -*----------------------------------*\
  =========                 |
  \\      /  F ield         | OpenFOAM: The Open Source CFD Toolbox
   \\    /   O peration     | Website:  https://openfoam.org
    \\  /    A nd           | Version:  11
     \\/     M anipulation  |
\*---------------------------------------------------------------------------*/
FoamFile
{
    format      ascii;
    class       volVectorField;
    location    "9";
    object      U;
}
// * * * * * * * * * * * * * * * * * * * * * * * * * * * * * * * * * * * * * //

dimensions      [0 1 -1 0 0 0 0];

internalField   nonuniform List<vector> 
400
(
(0.00274393 -0.00317242 0)
(0.00148095 -0.0004119 0)
(-0.00734222 0.00419508 0)
(-0.0307372 0.0116619 0)
(-0.0637279 0.0142919 0)
(-0.0898952 0.0123526 0)
(-0.113525 0.0105593 0)
(-0.131309 0.00820091 0)
(-0.145524 0.0062208 0)
(-0.155134 0.00398609 0)
(-0.160798 0.00219885 0)
(-0.162954 0.00029324 0)
(-0.161414 -0.00287651 0)
(-0.154475 -0.00498636 0)
(-0.143099 -0.00838662 0)
(-0.125278 -0.0113334 0)
(-0.101594 -0.0148093 0)
(-0.0715694 -0.0167997 0)
(-0.0383583 -0.0152445 0)
(-0.00931736 -0.00427302 0)
(-0.00233899 -0.00135228 0)
(-0.0139694 0.0128822 0)
(-0.0408187 0.0318851 0)
(-0.0693394 0.0406642 0)
(-0.0938562 0.0394278 0)
(-0.114004 0.035201 0)
(-0.131019 0.029619 0)
(-0.143595 0.0238172 0)
(-0.154343 0.0171631 0)
(-0.161372 0.011291 0)
(-0.165566 0.00549039 0)
(-0.166168 -0.000218946 0)
(-0.163392 -0.00652448 0)
(-0.157016 -0.0134815 0)
(-0.146557 -0.0218846 0)
(-0.131193 -0.0314326 0)
(-0.110661 -0.0423435 0)
(-0.0845975 -0.0521344 0)
(-0.052773 -0.0549387 0)
(-0.0195383 -0.0361636 0)
(-0.00855905 0.0149686 0)
(-0.0326167 0.0412768 0)
(-0.0592274 0.0573916 0)
(-0.0815683 0.061364 0)
(-0.0996499 0.0574471 0)
(-0.114399 0.0500625 0)
(-0.126171 0.0410721 0)
(-0.135111 0.031665 0)
(-0.141214 0.0232307 0)
(-0.144282 0.014745 0)
(-0.145368 0.00639525 0)
(-0.144243 -0.00212578 0)
(-0.141367 -0.0110072 0)
(-0.135566 -0.0207664 0)
(-0.127091 -0.0320743 0)
(-0.115067 -0.045376 0)
(-0.0990332 -0.0610127 0)
(-0.0784504 -0.0780717 0)
(-0.0516679 -0.0906137 0)
(-0.0221635 -0.0792539 0)
(-0.0125537 0.0391355 0)
(-0.0379813 0.0652719 0)
(-0.0608845 0.0776779 0)
(-0.0780934 0.0782699 0)
(-0.0914444 0.0717006 0)
(-0.101709 0.0617527 0)
(-0.109203 0.0502598 0)
(-0.114495 0.0385211 0)
(-0.117719 0.0272768 0)
(-0.119392 0.0164591 0)
(-0.119543 0.0061407 0)
(-0.118134 -0.0042005 0)
(-0.115099 -0.0150099 0)
(-0.110189 -0.0269403 0)
(-0.103378 -0.0406469 0)
(-0.0942672 -0.0568022 0)
(-0.0821435 -0.0757939 0)
(-0.0661042 -0.0970559 0)
(-0.0442076 -0.116252 0)
(-0.0200875 -0.114208 0)
(-0.0126158 0.0618616 0)
(-0.0356287 0.0865401 0)
(-0.053986 0.0948052 0)
(-0.0674656 0.0918906 0)
(-0.0774432 0.0823043 0)
(-0.0845596 0.0696529 0)
(-0.0894512 0.0558329 0)
(-0.0927558 0.0421912 0)
(-0.0946897 0.0293012 0)
(-0.0954321 0.0171077 0)
(-0.0949757 0.00540281 0)
(-0.0933276 -0.00628365 0)
(-0.0904493 -0.0184215 0)
(-0.0862885 -0.0317207 0)
(-0.0808428 -0.0469761 0)
(-0.0740036 -0.0651107 0)
(-0.0652366 -0.0869229 0)
(-0.0531535 -0.112441 0)
(-0.0357738 -0.138016 0)
(-0.0176553 -0.143598 0)
(-0.0106715 0.0827769 0)
(-0.0294696 0.104815 0)
(-0.0438303 0.10911 0)
(-0.0543355 0.102589 0)
(-0.0617102 0.0900152 0)
(-0.0667577 0.0749648 0)
(-0.0701565 0.0593623 0)
(-0.0724152 0.0443967 0)
(-0.0736529 0.0303842 0)
(-0.073953 0.0171334 0)
(-0.0733405 0.00434486 0)
(-0.0717925 -0.00840193 0)
(-0.0692806 -0.0215887 0)
(-0.0658023 -0.0358709 0)
(-0.061417 -0.0520639 0)
(-0.0561754 -0.0712154 0)
(-0.0499338 -0.0944693 0)
(-0.0412659 -0.12272 0)
(-0.0300256 -0.154073 0)
(-0.0119647 -0.167492 0)
(-0.00870834 0.100053 0)
(-0.0221428 0.119372 0)
(-0.0330472 0.120334 0)
(-0.0408277 0.110684 0)
(-0.0461543 0.0956632 0)
(-0.0498038 0.078771 0)
(-0.0522911 0.061878 0)
(-0.0539618 0.0459336 0)
(-0.0548913 0.031057 0)
(-0.0551384 0.0169914 0)
(-0.0546944 0.00337241 0)
(-0.0535021 -0.0102407 0)
(-0.0515131 -0.0243191 0)
(-0.0487356 -0.0394257 0)
(-0.0452709 -0.0563153 0)
(-0.0412532 -0.0761037 0)
(-0.0368516 -0.100139 0)
(-0.0306133 -0.130354 0)
(-0.024143 -0.165711 0)
(-0.00957415 -0.18711 0)
(-0.00577418 0.112719 0)
(-0.0147042 0.130205 0)
(-0.0225356 0.128603 0)
(-0.0278344 0.116606 0)
(-0.0315069 0.0998128 0)
(-0.0341015 0.0816138 0)
(-0.035953 0.0637936 0)
(-0.0372698 0.0471286 0)
(-0.0380885 0.0316292 0)
(-0.0384344 0.0169733 0)
(-0.0382706 0.00272819 0)
(-0.0375266 -0.0115706 0)
(-0.0361446 -0.0263711 0)
(-0.0341368 -0.0421414 0)
(-0.0316261 -0.0595067 0)
(-0.028771 -0.0795667 0)
(-0.0260175 -0.103898 0)
(-0.0218218 -0.135292 0)
(-0.0194602 -0.173408 0)
(-0.00603491 -0.202631 0)
(-0.00354923 0.120574 0)
(-0.00782364 0.136963 0)
(-0.0125959 0.133774 0)
(-0.0156135 0.120487 0)
(-0.0178505 0.102629 0)
(-0.0195406 0.0836477 0)
(-0.0208506 0.0652523 0)
(-0.0218772 0.0481207 0)
(-0.0226157 0.032214 0)
(-0.0230597 0.0171571 0)
(-0.0231665 0.00246736 0)
(-0.0228777 -0.012335 0)
(-0.0221464 -0.0276759 0)
(-0.0209801 -0.0439461 0)
(-0.0195231 -0.0616179 0)
(-0.017882 -0.0817173 0)
(-0.0169415 -0.106039 0)
(-0.0142577 -0.138173 0)
(-0.0156373 -0.178258 0)
(-0.00421482 -0.21512 0)
(-0.000159272 0.123738 0)
(-0.00132124 0.140703 0)
(-0.00328075 0.136536 0)
(-0.00410775 0.122594 0)
(-0.00498959 0.104286 0)
(-0.00577986 0.0849641 0)
(-0.00652652 0.0663004 0)
(-0.00722852 0.0489298 0)
(-0.00784071 0.0328004 0)
(-0.0083342 0.0175158 0)
(-0.00867488 0.00256972 0)
(-0.00883046 -0.0125266 0)
(-0.00878351 -0.0281831 0)
(-0.00853939 -0.0447317 0)
(-0.00825867 -0.0625043 0)
(-0.00787886 -0.082401 0)
(-0.00904533 -0.106363 0)
(-0.00758033 -0.138751 0)
(-0.01255 -0.180249 0)
(-0.00172852 -0.224716 0)
(0.00206663 0.122195 0)
(0.0046064 0.140476 0)
(0.00579139 0.13633 0)
(0.00695926 0.122697 0)
(0.00742139 0.104564 0)
(0.00759409 0.0854132 0)
(0.00748463 0.0668406 0)
(0.00718103 0.0494834 0)
(0.0067615 0.0333273 0)
(0.00626914 0.0180015 0)
(0.00572513 0.00300729 0)
(0.00513231 -0.0121444 0)
(0.00446698 -0.0278517 0)
(0.00372461 -0.0444165 0)
(0.00269311 -0.0620528 0)
(0.00169269 -0.0814803 0)
(-0.00173515 -0.10501 0)
(-0.00135258 -0.137077 0)
(-0.0101807 -0.18022 0)
(1.19135e-05 -0.231982 0)
(0.0040904 0.117489 0)
(0.0104582 0.13741 0)
(0.0141401 0.134263 0)
(0.0175302 0.121656 0)
(0.0195653 0.10391 0)
(0.0208588 0.0851755 0)
(0.0215482 0.066909 0)
(0.021768 0.0497626 0)
(0.0216308 0.033766 0)
(0.0211957 0.0185944 0)
(0.0204718 0.0037784 0)
(0.0194411 -0.0111642 0)
(0.0180308 -0.0266276 0)
(0.01625 -0.0429059 0)
(0.0138464 -0.0601304 0)
(0.0111229 -0.0788487 0)
(0.00545444 -0.101583 0)
(0.00481487 -0.133018 0)
(-0.00829925 -0.177947 0)
(0.00268607 -0.236792 0)
(0.00632005 0.108076 0)
(0.0159203 0.130536 0)
(0.0225503 0.128734 0)
(0.0278312 0.118047 0)
(0.0316773 0.101501 0)
(0.0342532 0.083684 0)
(0.0359223 0.0661341 0)
(0.0368341 0.0495306 0)
(0.037109 0.0339797 0)
(0.0368165 0.0192289 0)
(0.0359515 0.00486819 0)
(0.034492 -0.00955913 0)
(0.0322998 -0.024429 0)
(0.0294272 -0.0400592 0)
(0.0254477 -0.0565412 0)
(0.0209555 -0.0744432 0)
(0.0130305 -0.0959138 0)
(0.0108841 -0.12677 0)
(-0.00665793 -0.173809 0)
(0.00567637 -0.239541 0)
(0.00820616 0.0950491 0)
(0.0208047 0.121815 0)
(0.0301525 0.122315 0)
(0.0375701 0.113216 0)
(0.0434911 0.0981409 0)
(0.0477189 0.0813888 0)
(0.0506713 0.0647259 0)
(0.0525336 0.0488719 0)
(0.0534197 0.0339951 0)
(0.053408 0.0199138 0)
(0.0524751 0.00629121 0)
(0.0506133 -0.00730213 0)
(0.0475919 -0.0212069 0)
(0.04358 -0.0357813 0)
(0.0378474 -0.0511469 0)
(0.0315375 -0.0678956 0)
(0.0211055 -0.0879171 0)
(0.0172567 -0.11853 0)
(-0.00461754 -0.167988 0)
(0.00996944 -0.240375 0)
(0.00994755 0.0783494 0)
(0.0251067 0.108244 0)
(0.0369049 0.11164 0)
(0.0466957 0.104685 0)
(0.0548651 0.0918267 0)
(0.0611168 0.076849 0)
(0.0657019 0.0616489 0)
(0.0688178 0.047057 0)
(0.0705579 0.0333232 0)
(0.0710162 0.0203437 0)
(0.0701292 0.00787456 0)
(0.0679361 -0.00447475 0)
(0.0640583 -0.0169582 0)
(0.0589103 -0.0300112 0)
(0.0512791 -0.0437955 0)
(0.0431422 -0.0590899 0)
(0.0298527 -0.0775271 0)
(0.0242893 -0.108114 0)
(-0.00221147 -0.160534 0)
(0.0150728 -0.240007 0)
(0.0100876 0.0591436 0)
(0.0272803 0.094678 0)
(0.0412867 0.100973 0)
(0.0537068 0.0956791 0)
(0.064686 0.0846814 0)
(0.0735913 0.0714592 0)
(0.0803538 0.0578351 0)
(0.0851542 0.0446943 0)
(0.0880822 0.0323507 0)
(0.089282 0.0207497 0)
(0.0886153 0.00975391 0)
(0.0862737 -0.0010256 0)
(0.0816091 -0.0116777 0)
(0.075468 -0.0227742 0)
(0.0659091 -0.0344877 0)
(0.0561111 -0.0480107 0)
(0.039766 -0.0646102 0)
(0.0326945 -0.095557 0)
(0.00101701 -0.151014 0)
(0.021823 -0.237414 0)
(0.0087393 0.0397591 0)
(0.0265853 0.0743697 0)
(0.0429958 0.0831033 0)
(0.0584093 0.0803906 0)
(0.0725168 0.0721096 0)
(0.0845203 0.0616066 0)
(0.0939269 0.0504608 0)
(0.100811 0.0395924 0)
(0.105213 0.0294232 0)
(0.107433 0.0199254 0)
(0.107147 0.0110632 0)
(0.10498 0.00245488 0)
(0.0997984 -0.00589444 0)
(0.0931917 -0.0145636 0)
(0.0821219 -0.023604 0)
(0.0713716 -0.0349444 0)
(0.0522299 -0.0491211 0)
(0.0442481 -0.0806767 0)
(0.0062812 -0.139362 0)
(0.0309342 -0.229461 0)
(-0.00211863 0.0247543 0)
(0.0180824 0.0602859 0)
(0.0375894 0.0681653 0)
(0.0571133 0.0664035 0)
(0.0752798 0.0599871 0)
(0.0909309 0.0518354 0)
(0.103495 0.0433181 0)
(0.113076 0.0348427 0)
(0.119544 0.0269042 0)
(0.123498 0.0195816 0)
(0.124334 0.0129298 0)
(0.123274 0.00664721 0)
(0.118656 0.000797306 0)
(0.113141 -0.0053702 0)
(0.102151 -0.0115811 0)
(0.0923016 -0.0203004 0)
(0.0717078 -0.0317737 0)
(0.0638521 -0.0633866 0)
(0.019247 -0.122618 0)
(0.0464548 -0.206463 0)
(-0.0148502 0.0297511 0)
(-0.00158618 0.0285687 0)
(0.0258848 0.0339047 0)
(0.0516251 0.0354169 0)
(0.0747851 0.0334299 0)
(0.0949657 0.0294218 0)
(0.111697 0.0248713 0)
(0.125157 0.0204656 0)
(0.135004 0.0163791 0)
(0.142113 0.0125691 0)
(0.145855 0.0092317 0)
(0.147632 0.00590827 0)
(0.145901 0.00313224 0)
(0.143012 -0.000518953 0)
(0.135133 -0.00356374 0)
(0.128555 -0.00974654 0)
(0.110982 -0.0186732 0)
(0.104797 -0.0463593 0)
(0.0586217 -0.093817 0)
(0.0780821 -0.157246 0)
(0.0395594 0.0381303 0)
(0.0457515 0.0273947 0)
(0.070104 0.0246567 0)
(0.100474 0.0248861 0)
(0.127172 0.0240072 0)
(0.151816 0.0220499 0)
(0.173609 0.019508 0)
(0.192869 0.0172218 0)
(0.208609 0.0148868 0)
(0.222028 0.0130304 0)
(0.232129 0.0110605 0)
(0.240472 0.00963971 0)
(0.245763 0.00787053 0)
(0.249629 0.00668104 0)
(0.250456 0.0046816 0)
(0.248091 0.00208286 0)
(0.239116 0.00174549 0)
(0.223794 -0.0102475 0)
(0.173968 -0.013272 0)
(0.146209 -0.0644686 0)
)
;

boundaryField
{
    movingWall
    {
        type            fixedValue;
        value           uniform (1 0 0);
    }
    fixedWalls
    {
        type            noSlip;
    }
    frontAndBack
    {
        type            empty;
    }
}


// ************************************************************************* //
