/*--------------------------------*- C++ -*----------------------------------*\
  =========                 |
  \\      /  F ield         | OpenFOAM: The Open Source CFD Toolbox
   \\    /   O peration     | Website:  https://openfoam.org
    \\  /    A nd           | Version:  11
     \\/     M anipulation  |
\*---------------------------------------------------------------------------*/
FoamFile
{
    format      ascii;
    class       volScalarField;
    location    "4";
    object      epsilon;
}
// * * * * * * * * * * * * * * * * * * * * * * * * * * * * * * * * * * * * * //

dimensions      [0 2 -3 0 0 0 0];

internalField   nonuniform List<scalar> 
400
(
6.39631e-06
1.64959e-05
6.25652e-05
0.000245107
0.000511624
0.000683879
0.000819607
0.000931406
0.00103877
0.00113299
0.00122973
0.00132126
0.00141924
0.00148995
0.00152374
0.00153023
0.00143034
0.0011238
0.000686072
0.000486764
3.04766e-05
7.06842e-05
0.000228181
0.000567445
0.000741121
0.000798433
0.000837338
0.000859796
0.000906237
0.000960814
0.00104404
0.00114675
0.00127616
0.00142787
0.00160207
0.00178493
0.00188091
0.0018977
0.00157163
0.00112462
0.000125008
0.000282112
0.000597567
0.000733475
0.00076887
0.000784292
0.000795505
0.000812639
0.000868676
0.000933632
0.00101804
0.00111421
0.00122532
0.00135995
0.00152361
0.00171915
0.0019051
0.0019841
0.00189983
0.0015823
0.000314447
0.000583111
0.000719138
0.000741653
0.000743578
0.00073817
0.000737744
0.000765232
0.000808821
0.000859495
0.000919748
0.000990948
0.00108583
0.00121263
0.00138879
0.00162607
0.00190792
0.00204946
0.00206245
0.00188769
0.000520133
0.000720253
0.000748712
0.000719522
0.000685723
0.000670362
0.000666032
0.000677581
0.000697462
0.000722307
0.000758348
0.000812185
0.000896377
0.00102805
0.00123376
0.0015388
0.00193874
0.00221043
0.00226954
0.00212818
0.000665719
0.000772587
0.000735609
0.000670051
0.00062266
0.000599695
0.000584918
0.000577765
0.000574558
0.00057451
0.000588393
0.000623685
0.000695465
0.000826684
0.00105444
0.00142394
0.00195288
0.00241254
0.00254119
0.00232508
0.000744274
0.000763532
0.000698876
0.000613796
0.000564235
0.000535399
0.000509639
0.00048613
0.000463602
0.000449869
0.00044633
0.000463509
0.00051872
0.000637353
0.00086765
0.00128248
0.00194518
0.00263882
0.00286279
0.0024882
0.000739261
0.000733449
0.000644258
0.000563052
0.000514132
0.000480962
0.000447826
0.000414351
0.000381859
0.000356699
0.000345573
0.000348154
0.000385596
0.00048326
0.000696796
0.00112488
0.00188164
0.00285741
0.00325924
0.00262301
0.000714066
0.000677978
0.000591933
0.000518998
0.000472586
0.000437838
0.000401819
0.000364558
0.000328661
0.000298629
0.00028085
0.000276166
0.000297957
0.000372664
0.000558121
0.000974673
0.00179543
0.00302377
0.00367957
0.00272606
0.000650779
0.000625285
0.000544372
0.000481541
0.00043898
0.000405047
0.000369691
0.000333018
0.000297866
0.000267858
0.000246968
0.000238767
0.000251139
0.000304602
0.000457235
0.000843101
0.00170073
0.00313793
0.00413429
0.00280516
0.000583984
0.00057706
0.000506184
0.000450793
0.000412153
0.000380442
0.000347882
0.000314321
0.000282196
0.000254369
0.000233685
0.000224497
0.000232492
0.000272671
0.000395375
0.000739434
0.00159074
0.00319287
0.00458993
0.00285178
0.00052001
0.0005362
0.000479296
0.000428181
0.000392642
0.000363086
0.000333565
0.000303711
0.000275288
0.000250455
0.000231259
0.000222431
0.000228737
0.000262534
0.000366383
0.00066744
0.00147887
0.00321179
0.00502597
0.00287342
0.000455661
0.00049978
0.000456905
0.000412129
0.000378488
0.000350623
0.000323897
0.000297752
0.000273077
0.000251216
0.000233748
0.000227006
0.000233391
0.000263338
0.000356945
0.000626565
0.00138373
0.00320892
0.00535212
0.00287929
0.000389311
0.000473966
0.00044782
0.000408141
0.000378804
0.000351416
0.000324827
0.000299133
0.000275228
0.000254629
0.000238593
0.000235257
0.00024341
0.000274374
0.000361503
0.000611165
0.00131197
0.00315612
0.0054997
0.00286973
0.000315791
0.000430098
0.000427812
0.000410743
0.000385835
0.000359946
0.000333047
0.000306826
0.000282633
0.000262281
0.00024671
0.000246957
0.000257934
0.000293767
0.000384385
0.000623438
0.00128495
0.00312445
0.00552573
0.00285331
0.000245914
0.000387648
0.000416908
0.000417943
0.000407078
0.000384336
0.000356586
0.000328069
0.000301702
0.000279813
0.000266147
0.000269135
0.000286614
0.000335442
0.000446373
0.000708863
0.00134326
0.00312192
0.00517891
0.00281023
0.000166951
0.000289531
0.000382167
0.00043307
0.000443731
0.000434238
0.000410628
0.000380744
0.000353928
0.000332671
0.00033102
0.000344491
0.000385781
0.000478239
0.000654424
0.00102573
0.00169417
0.00337972
0.00468415
0.00274056
0.000167538
0.000268978
0.000423799
0.000518165
0.000567332
0.000581901
0.000576771
0.000564993
0.00056483
0.000577718
0.000619958
0.000710303
0.000867024
0.00113348
0.0014791
0.0022027
0.00295775
0.00429579
0.00441914
0.00262055
0.00023976
0.000338211
0.000683066
0.000921344
0.00109361
0.00122408
0.00133578
0.00146608
0.00163283
0.00185229
0.00216244
0.00257378
0.00314749
0.00389397
0.0048085
0.00600204
0.00614266
0.00566448
0.00453181
0.0024232
0.000180625
0.000298868
0.000566728
0.000835892
0.00106866
0.00124227
0.00139152
0.00148593
0.00158861
0.00164739
0.00174462
0.00180269
0.00192121
0.00200308
0.00214963
0.0022681
0.00238324
0.00246367
0.00242567
0.00217131
)
;

boundaryField
{
    movingWall
    {
        type            epsilonWallFunction;
        value           nonuniform List<scalar> 
20
(
0.000180625
0.000298868
0.000566728
0.000835892
0.00106866
0.00124227
0.00139152
0.00148593
0.00158861
0.00164739
0.00174462
0.00180269
0.00192121
0.00200308
0.00214963
0.0022681
0.00238324
0.00246367
0.00242567
0.00217131
)
;
    }
    fixedWalls
    {
        type            epsilonWallFunction;
        value           nonuniform List<scalar> 
60
(
6.39631e-06
3.04766e-05
0.000125008
0.000314447
0.000520133
0.000665719
0.000744274
0.000739261
0.000714066
0.000650779
0.000583984
0.00052001
0.000455661
0.000389311
0.000315791
0.000245914
0.000166951
0.000167538
0.00023976
0.000180625
0.000486764
0.00112462
0.0015823
0.00188769
0.00212818
0.00232508
0.0024882
0.00262301
0.00272606
0.00280516
0.00285178
0.00287342
0.00287929
0.00286973
0.00285331
0.00281023
0.00274056
0.00262055
0.0024232
0.00217131
6.39631e-06
1.64959e-05
6.25652e-05
0.000245107
0.000511624
0.000683879
0.000819607
0.000931406
0.00103877
0.00113299
0.00122973
0.00132126
0.00141924
0.00148995
0.00152374
0.00153023
0.00143034
0.0011238
0.000686072
0.000486764
)
;
    }
    frontAndBack
    {
        type            empty;
    }
}


// ************************************************************************* //
