/*--------------------------------*- C++ -*----------------------------------*\
  =========                 |
  \\      /  F ield         | OpenFOAM: The Open Source CFD Toolbox
   \\    /   O peration     | Website:  https://openfoam.org
    \\  /    A nd           | Version:  11
     \\/     M anipulation  |
\*---------------------------------------------------------------------------*/
FoamFile
{
    format      ascii;
    class       volScalarField;
    location    "4";
    object      k;
}
// * * * * * * * * * * * * * * * * * * * * * * * * * * * * * * * * * * * * * //

dimensions      [0 2 -2 0 0 0 0];

internalField   nonuniform List<scalar> 
400
(
1.99689e-06
5.16337e-06
1.96774e-05
7.68742e-05
0.000159956
0.000213605
0.000255978
0.00029087
0.000324408
0.000353835
0.000384069
0.000412663
0.000443297
0.000465414
0.000475992
0.000478031
0.000446862
0.000351106
0.000214321
0.000152059
9.52974e-06
3.99159e-05
9.77363e-05
0.000214126
0.000341689
0.000403496
0.000480803
0.00053041
0.000595796
0.00064892
0.000709301
0.000764806
0.000819385
0.000869459
0.0009137
0.000935194
0.000940598
0.000842113
0.000569048
0.000351315
3.91232e-05
0.000153549
0.000294571
0.000434239
0.000510848
0.000577014
0.000636725
0.000685174
0.000739538
0.000789087
0.000838573
0.00088397
0.000927281
0.000971665
0.00101508
0.00103922
0.00104661
0.000992246
0.000735175
0.000494249
9.84389e-05
0.000335971
0.000450827
0.000547533
0.000599355
0.000659741
0.000703394
0.000744954
0.000787388
0.000827307
0.000866621
0.000903977
0.000942497
0.000988146
0.00104285
0.00109604
0.00111584
0.00110496
0.000882347
0.000589608
0.000162853
0.000453425
0.000542404
0.000601144
0.000639571
0.000682788
0.000711902
0.000744037
0.000776567
0.000803798
0.000829472
0.000857772
0.000896713
0.000951217
0.00102816
0.00112462
0.00119256
0.00120558
0.0010193
0.000664694
0.000208431
0.000524897
0.000589603
0.000620032
0.000647336
0.000680039
0.00070292
0.000723321
0.000734781
0.000742691
0.000754188
0.00077541
0.000812692
0.000876144
0.00097867
0.00112631
0.00126828
0.00131366
0.00116319
0.000726165
0.000232972
0.000545509
0.000595724
0.000618478
0.000643602
0.000668294
0.000677787
0.00067988
0.000676136
0.000672729
0.000673021
0.000685271
0.000717325
0.000782192
0.000898179
0.00108018
0.0013084
0.00142004
0.0013066
0.000777081
0.000231404
0.000540098
0.000589691
0.000611016
0.000632349
0.000644622
0.00064593
0.000637965
0.000624076
0.000610122
0.00060355
0.000606556
0.000631582
0.000693075
0.000815181
0.00102506
0.00131932
0.00151911
0.00146142
0.000819152
0.000223531
0.000524001
0.000574334
0.000594969
0.000612686
0.000620227
0.00061698
0.000603315
0.000583615
0.000563249
0.000549714
0.00054635
0.000563625
0.000617846
0.000736885
0.000959542
0.00130537
0.00160318
0.00160646
0.000851305
0.000203769
0.000500746
0.000550981
0.000573693
0.000590611
0.000597
0.000591911
0.000576374
0.000554592
0.000531441
0.000512695
0.000504482
0.000515203
0.000561393
0.000672579
0.000894093
0.00126472
0.00167233
0.00174965
0.00087598
0.000182867
0.000468068
0.000525334
0.000550401
0.000567516
0.00057426
0.000569698
0.000555337
0.000534019
0.000510625
0.00049013
0.000479349
0.000486558
0.000525718
0.000627197
0.000842139
0.00122164
0.00170644
0.00188236
0.000890507
0.000162869
0.000430767
0.000499324
0.000527076
0.000544619
0.000551937
0.000548715
0.000537311
0.000518108
0.000496322
0.000476541
0.000466796
0.000473929
0.000509775
0.000601886
0.000802343
0.00117843
0.0017199
0.00200306
0.000897249
0.000142736
0.000390202
0.00047165
0.000504973
0.000523564
0.000531298
0.000528958
0.000520236
0.000503768
0.000484519
0.000466968
0.000460974
0.000470007
0.000505607
0.000591799
0.000773981
0.00113302
0.00172161
0.00208387
0.000899077
0.000122015
0.000351702
0.000446162
0.000485936
0.000506729
0.000514024
0.000511683
0.000504091
0.000489834
0.00047327
0.000458827
0.000458295
0.000469912
0.000507357
0.000590352
0.000759067
0.00108401
0.00169943
0.00211722
0.00089608
9.89991e-05
0.000302988
0.00041539
0.00046916
0.000495478
0.000506628
0.000504501
0.000496943
0.000482593
0.000466679
0.000455413
0.000457735
0.00047324
0.000514301
0.000597178
0.000755356
0.00105233
0.00166176
0.00211608
0.000890955
7.71591e-05
0.00026369
0.000390805
0.000455992
0.000497314
0.000512734
0.000510631
0.000502625
0.000487341
0.000470818
0.000461763
0.000466069
0.000485038
0.000531524
0.000617543
0.000775002
0.00104426
0.00163493
0.00198491
0.000877406
5.23062e-05
0.000203479
0.000350777
0.000453657
0.000510215
0.000535717
0.000535205
0.000528417
0.00051386
0.000498471
0.000495968
0.000505069
0.000533644
0.000595908
0.000699863
0.000884672
0.00112506
0.00163215
0.00181784
0.000855597
5.24208e-05
0.000212563
0.000381435
0.000499366
0.000573875
0.000614137
0.000623929
0.000623288
0.000621343
0.000624754
0.000641071
0.000678537
0.000751732
0.000863495
0.00101613
0.00127094
0.00149865
0.00178689
0.00164882
0.000817952
7.49335e-05
0.000277794
0.000514447
0.000669935
0.000779628
0.000860644
0.000921575
0.000977019
0.0010393
0.00111752
0.00122286
0.00135162
0.00153069
0.00173391
0.00199083
0.00226344
0.00224917
0.00205164
0.00157524
0.000756204
5.64186e-05
9.33514e-05
0.000177028
0.000261115
0.000333764
0.000387905
0.000434422
0.000463802
0.000495732
0.00051399
0.000544216
0.000562282
0.000599135
0.0006247
0.000670312
0.000707384
0.000743323
0.000768539
0.000756715
0.000677402
)
;

boundaryField
{
    movingWall
    {
        type            kqRWallFunction;
        value           nonuniform List<scalar> 
20
(
5.64186e-05
9.33514e-05
0.000177028
0.000261115
0.000333764
0.000387905
0.000434422
0.000463802
0.000495732
0.00051399
0.000544216
0.000562282
0.000599135
0.0006247
0.000670312
0.000707384
0.000743323
0.000768539
0.000756715
0.000677402
)
;
    }
    fixedWalls
    {
        type            kqRWallFunction;
        value           nonuniform List<scalar> 
60
(
1.99689e-06
9.52974e-06
3.91232e-05
9.84389e-05
0.000162853
0.000208431
0.000232972
0.000231404
0.000223531
0.000203769
0.000182867
0.000162869
0.000142736
0.000122015
9.89991e-05
7.71591e-05
5.23062e-05
5.24208e-05
7.49335e-05
5.64186e-05
0.000152059
0.000351315
0.000494249
0.000589608
0.000664694
0.000726165
0.000777081
0.000819152
0.000851305
0.00087598
0.000890507
0.000897249
0.000899077
0.00089608
0.000890955
0.000877406
0.000855597
0.000817952
0.000756204
0.000677402
1.99689e-06
5.16337e-06
1.96774e-05
7.68742e-05
0.000159956
0.000213605
0.000255978
0.00029087
0.000324408
0.000353835
0.000384069
0.000412663
0.000443297
0.000465414
0.000475992
0.000478031
0.000446862
0.000351106
0.000214321
0.000152059
)
;
    }
    frontAndBack
    {
        type            empty;
    }
}


// ************************************************************************* //
