/*--------------------------------*- C++ -*----------------------------------*\
  =========                 |
  \\      /  F ield         | OpenFOAM: The Open Source CFD Toolbox
   \\    /   O peration     | Website:  https://openfoam.org
    \\  /    A nd           | Version:  11
     \\/     M anipulation  |
\*---------------------------------------------------------------------------*/
FoamFile
{
    format      ascii;
    class       volScalarField;
    location    "4";
    object      nut;
}
// * * * * * * * * * * * * * * * * * * * * * * * * * * * * * * * * * * * * * //

dimensions      [0 2 -1 0 0 0 0];

internalField   nonuniform List<scalar> 
400
(
5.61077e-08
1.45457e-07
5.56988e-07
2.16994e-06
4.50083e-06
6.0046e-06
7.19519e-06
8.17526e-06
9.11816e-06
9.94528e-06
1.07958e-05
1.15996e-05
1.24617e-05
1.30843e-05
1.33823e-05
1.34399e-05
1.25647e-05
9.8726e-06
6.02563e-06
4.27511e-06
2.68188e-07
2.02867e-06
3.76768e-06
7.27202e-06
1.4178e-05
1.8352e-05
2.48471e-05
2.9449e-05
3.5253e-05
3.94444e-05
4.33698e-05
4.59067e-05
4.73493e-05
4.76488e-05
4.68996e-05
4.40986e-05
4.23333e-05
3.36323e-05
1.85435e-05
9.87706e-06
1.10198e-06
7.52172e-06
1.30688e-05
2.31374e-05
3.05473e-05
3.82065e-05
4.58674e-05
5.19932e-05
5.66639e-05
6.00228e-05
6.21671e-05
6.31176e-05
6.31561e-05
6.24817e-05
6.08654e-05
5.65384e-05
5.17486e-05
4.46598e-05
2.56041e-05
1.38946e-05
2.7735e-06
1.74219e-05
2.54361e-05
3.63799e-05
4.34795e-05
5.3068e-05
6.03578e-05
6.52692e-05
6.8987e-05
7.16692e-05
7.34907e-05
7.42175e-05
7.36276e-05
7.24695e-05
7.04779e-05
6.64901e-05
5.8734e-05
5.3616e-05
3.39734e-05
1.65745e-05
4.58904e-06
2.56903e-05
3.53649e-05
4.52018e-05
5.36873e-05
6.25899e-05
6.84838e-05
7.3531e-05
7.78179e-05
8.05035e-05
8.16539e-05
8.15327e-05
8.07344e-05
7.92116e-05
7.7114e-05
7.39728e-05
6.60217e-05
5.91776e-05
4.12012e-05
1.86844e-05
5.87321e-06
3.20954e-05
4.2532e-05
5.16373e-05
6.05692e-05
6.94033e-05
7.60254e-05
8.14991e-05
8.45715e-05
8.64095e-05
8.7003e-05
8.67639e-05
8.54711e-05
8.35707e-05
8.17509e-05
8.01805e-05
7.4131e-05
6.43773e-05
4.79186e-05
2.04115e-05
6.56325e-06
3.50767e-05
4.57018e-05
5.60876e-05
6.60721e-05
7.50758e-05
8.11272e-05
8.55766e-05
8.87495e-05
9.05391e-05
9.13365e-05
9.11821e-05
8.92773e-05
8.6395e-05
8.36804e-05
8.18805e-05
7.92069e-05
6.87752e-05
5.36711e-05
2.18418e-05
6.5191e-06
3.57946e-05
4.85771e-05
5.96759e-05
6.99972e-05
7.77574e-05
8.38501e-05
8.8403e-05
9.1794e-05
9.39234e-05
9.48698e-05
9.51071e-05
9.31044e-05
8.94586e-05
8.58311e-05
8.40697e-05
8.32543e-05
7.26853e-05
5.89758e-05
2.30235e-05
6.29768e-06
3.64495e-05
5.01532e-05
6.13855e-05
7.14887e-05
7.90732e-05
8.52619e-05
8.98596e-05
9.32712e-05
9.56118e-05
9.68371e-05
9.72779e-05
9.59554e-05
9.21903e-05
8.75616e-05
8.50181e-05
8.54163e-05
7.64999e-05
6.31225e-05
2.39264e-05
5.74229e-06
3.60911e-05
5.01904e-05
6.15132e-05
7.15156e-05
7.91928e-05
8.52937e-05
8.97808e-05
9.29325e-05
9.48963e-05
9.57897e-05
9.59311e-05
9.5123e-05
9.31205e-05
8.9041e-05
8.53351e-05
8.46443e-05
8.02131e-05
6.66411e-05
2.46191e-05
5.15362e-06
3.41696e-05
4.90687e-05
6.04816e-05
7.03298e-05
7.80137e-05
8.39653e-05
8.83044e-05
9.09502e-05
9.22533e-05
9.25198e-05
9.21161e-05
9.1644e-05
9.12242e-05
8.9545e-05
8.63199e-05
8.44368e-05
8.20815e-05
6.94773e-05
2.50266e-05
4.59103e-06
3.11458e-05
4.68169e-05
5.8393e-05
6.79878e-05
7.55113e-05
8.12374e-05
8.55526e-05
8.77599e-05
8.85198e-05
8.8378e-05
8.8166e-05
8.83756e-05
8.90871e-05
8.89891e-05
8.6806e-05
8.4512e-05
8.28898e-05
7.18477e-05
2.52156e-05
4.02408e-06
2.74184e-05
4.38183e-05
5.56859e-05
6.51824e-05
7.24567e-05
7.77461e-05
8.18066e-05
8.36407e-05
8.41042e-05
8.39592e-05
8.42478e-05
8.51856e-05
8.73686e-05
8.8306e-05
8.60472e-05
8.34967e-05
8.31287e-05
7.30228e-05
2.52668e-05
3.44171e-06
2.3488e-05
4.0006e-05
5.20704e-05
6.10069e-05
6.76688e-05
7.25425e-05
7.64533e-05
7.84601e-05
7.91683e-05
7.94113e-05
8.03508e-05
8.16463e-05
8.4436e-05
8.67668e-05
8.48486e-05
8.06089e-05
8.23558e-05
7.33562e-05
2.51822e-05
2.79322e-06
1.921e-05
3.62996e-05
4.82296e-05
5.72651e-05
6.41777e-05
6.87799e-05
7.24374e-05
7.41619e-05
7.47331e-05
7.566e-05
7.63572e-05
7.81445e-05
8.10355e-05
8.34994e-05
8.23668e-05
7.75634e-05
7.95435e-05
7.29315e-05
2.50383e-05
2.17888e-06
1.61433e-05
3.29703e-05
4.47754e-05
5.46796e-05
6.15623e-05
6.58101e-05
6.9305e-05
7.08485e-05
7.12984e-05
7.21039e-05
7.26395e-05
7.38749e-05
7.58003e-05
7.68917e-05
7.6258e-05
7.30626e-05
7.70583e-05
6.8468e-05
2.46549e-05
1.47489e-06
1.28702e-05
2.89768e-05
4.277e-05
5.27994e-05
5.94821e-05
6.27819e-05
6.6003e-05
6.71455e-05
6.72212e-05
6.68798e-05
6.66449e-05
6.64362e-05
6.68276e-05
6.73611e-05
6.86711e-05
6.72419e-05
7.09386e-05
6.34924e-05
2.40404e-05
1.47617e-06
1.51182e-05
3.08975e-05
4.33124e-05
5.22444e-05
5.83343e-05
6.07449e-05
6.18839e-05
6.15158e-05
6.08057e-05
5.96612e-05
5.83372e-05
5.86594e-05
5.92037e-05
6.28272e-05
6.59995e-05
6.83416e-05
6.68951e-05
5.53671e-05
2.29777e-05
2.10775e-06
2.05353e-05
3.48708e-05
4.38416e-05
5.00211e-05
5.44605e-05
5.72229e-05
5.85989e-05
5.95369e-05
6.06802e-05
6.22372e-05
6.38824e-05
6.69964e-05
6.94866e-05
7.41824e-05
7.68214e-05
7.41189e-05
6.68784e-05
4.92796e-05
2.12388e-05
1.58602e-06
2.62425e-06
4.97681e-06
7.34103e-06
9.3817e-06
1.09013e-05
1.22061e-05
1.3029e-05
1.39226e-05
1.4433e-05
1.52787e-05
1.57845e-05
1.68158e-05
1.75343e-05
1.88119e-05
1.98559e-05
2.08655e-05
2.1577e-05
2.12459e-05
1.90201e-05
)
;

boundaryField
{
    movingWall
    {
        type            nutkWallFunction;
        Cmu             0.09;
        kappa           0.41;
        E               9.8;
        value           uniform 0;
    }
    fixedWalls
    {
        type            nutkWallFunction;
        Cmu             0.09;
        kappa           0.41;
        E               9.8;
        value           uniform 0;
    }
    frontAndBack
    {
        type            empty;
    }
}


// ************************************************************************* //
