/*--------------------------------*- C++ -*----------------------------------*\
  =========                 |
  \\      /  F ield         | OpenFOAM: The Open Source CFD Toolbox
   \\    /   O peration     | Website:  https://openfoam.org
    \\  /    A nd           | Version:  11
     \\/     M anipulation  |
\*---------------------------------------------------------------------------*/
FoamFile
{
    format      ascii;
    class       volScalarField;
    location    "4";
    object      p;
}
// * * * * * * * * * * * * * * * * * * * * * * * * * * * * * * * * * * * * * //

dimensions      [0 2 -2 0 0 0 0];

internalField   nonuniform List<scalar> 
400
(
-5.16984e-09
-4.33445e-05
-0.000100625
-0.000133251
-0.000299282
-0.000858916
-0.00173008
-0.00266645
-0.00347824
-0.00403327
-0.00425899
-0.00408412
-0.00348897
-0.00246976
-0.00102619
0.000755132
0.00266471
0.00430853
0.00528297
0.00543963
2.61155e-05
-9.37623e-06
-5.38474e-05
-0.000244925
-0.000658719
-0.00136011
-0.00225817
-0.00316382
-0.0039381
-0.00447888
-0.00471979
-0.00460464
-0.00411572
-0.00320782
-0.00188767
-0.000199075
0.00168256
0.00342957
0.00462924
0.0050754
0.000128885
1.94988e-05
-0.000202874
-0.000623338
-0.00129788
-0.00216862
-0.00310976
-0.00399524
-0.00474224
-0.00526775
-0.005496
-0.00539645
-0.00497039
-0.0041986
-0.00307183
-0.00160851
0.000105391
0.00185924
0.00330202
0.00400292
0.000112665
-0.000107654
-0.000549579
-0.00124976
-0.00215853
-0.00315932
-0.00414115
-0.005012
-0.00570546
-0.00616185
-0.00635831
-0.0062835
-0.00592079
-0.00527432
-0.0043384
-0.00311399
-0.00163464
-1.30046e-05
0.00148858
0.00226358
-0.000172097
-0.000501393
-0.00113614
-0.00205102
-0.00310275
-0.00416372
-0.00514292
-0.00597034
-0.00659965
-0.00699964
-0.00716364
-0.00709249
-0.00678839
-0.00625741
-0.00549847
-0.00450633
-0.003286
-0.00188104
-0.00046151
0.000273354
-0.000751336
-0.00116154
-0.00191315
-0.00292176
-0.00402142
-0.00508339
-0.006028
-0.00680046
-0.00737001
-0.0077214
-0.00785573
-0.00778263
-0.00751753
-0.00707514
-0.00646059
-0.00566751
-0.00468685
-0.00353185
-0.00234498
-0.0016424
-0.00152401
-0.00197113
-0.00275479
-0.00376131
-0.00484347
-0.00586847
-0.00676259
-0.00747954
-0.0079964
-0.00830564
-0.00841335
-0.00833513
-0.00809374
-0.00771223
-0.00720402
-0.00656622
-0.0057853
-0.00486018
-0.00393196
-0.00330004
-0.00232198
-0.00276419
-0.00352443
-0.00448293
-0.0055173
-0.00648967
-0.00733074
-0.00799806
-0.00847162
-0.00874699
-0.00883252
-0.00874702
-0.00851751
-0.00817355
-0.00773689
-0.00721098
-0.00658405
-0.00585096
-0.00515381
-0.00458985
-0.00299921
-0.00341757
-0.00412694
-0.00502677
-0.00600558
-0.0069251
-0.00772006
-0.00834866
-0.00879068
-0.00904171
-0.00911012
-0.00901584
-0.00878874
-0.00846365
-0.00807007
-0.00761882
-0.00710353
-0.0065118
-0.00598992
-0.00549118
-0.00348864
-0.00385157
-0.00450735
-0.00535697
-0.00628341
-0.00715854
-0.00791981
-0.00852327
-0.00894648
-0.00918306
-0.00923986
-0.00913654
-0.00890491
-0.00858418
-0.00821038
-0.00780229
-0.00737031
-0.00686224
-0.00647552
-0.00600251
-0.00375296
-0.0040621
-0.00465755
-0.00545928
-0.00633786
-0.00718035
-0.00792142
-0.00851379
-0.00893095
-0.00916306
-0.00921453
-0.00910395
-0.00886448
-0.00853894
-0.00816777
-0.00777413
-0.00741466
-0.00692
-0.0066522
-0.00614116
-0.00378281
-0.00405726
-0.00459359
-0.0053338
-0.0061722
-0.0069911
-0.00772312
-0.00831674
-0.00873981
-0.00897754
-0.00903108
-0.00891728
-0.00867016
-0.00833557
-0.00795897
-0.00757462
-0.00723151
-0.00670294
-0.00658823
-0.00591587
-0.00363805
-0.00387657
-0.00435053
-0.0050152
-0.00580435
-0.00660158
-0.00733227
-0.00793757
-0.00837778
-0.00863177
-0.00869634
-0.00858606
-0.0083348
-0.00799094
-0.00760365
-0.00720993
-0.0068522
-0.00626965
-0.00632952
-0.00534203
-0.00340068
-0.00357861
-0.003967
-0.00454268
-0.00526554
-0.00603607
-0.00676946
-0.00739541
-0.00786404
-0.00814613
-0.00823312
-0.00813691
-0.00788877
-0.00753844
-0.00713701
-0.00671928
-0.0063299
-0.00569251
-0.00586541
-0.00444678
-0.00316411
-0.00325139
-0.00350519
-0.00396183
-0.00460236
-0.00533932
-0.00607706
-0.00673108
-0.00723904
-0.0075621
-0.00768527
-0.00761751
-0.00738345
-0.00703182
-0.00661313
-0.00615598
-0.00571117
-0.00499565
-0.00516835
-0.00325532
-0.002975
-0.0029256
-0.00300254
-0.00331746
-0.00386809
-0.00457019
-0.0053159
-0.00600578
-0.00656439
-0.00694225
-0.00711621
-0.00708781
-0.00688667
-0.00654112
-0.00609904
-0.00557607
-0.0050267
-0.00415478
-0.00415217
-0.00161986
-0.00286484
-0.00263114
-0.002506
-0.00267557
-0.00313958
-0.00381129
-0.00456925
-0.00530046
-0.00591786
-0.00636218
-0.00660193
-0.0066309
-0.00646543
-0.00612507
-0.00564149
-0.0050035
-0.00425484
-0.00306097
-0.00255333
0.00133112
-0.00279897
-0.00230385
-0.00202143
-0.00207032
-0.0024726
-0.00313607
-0.00392226
-0.00470433
-0.00538485
-0.00589705
-0.00620267
-0.0062852
-0.00614673
-0.00578919
-0.00523211
-0.00442445
-0.0033489
-0.00151053
0.000319522
0.00753331
-0.002905
-0.00207438
-0.0016541
-0.00161177
-0.0019771
-0.0026425
-0.00345973
-0.00429329
-0.00503849
-0.00561689
-0.00598838
-0.00612628
-0.0060323
-0.00568664
-0.00506337
-0.0040121
-0.0024263
0.00067806
0.00550847
0.0181263
-0.00349207
-0.000847098
-0.00032703
-0.000472116
-0.000926383
-0.00164442
-0.00253856
-0.0034734
-0.00431692
-0.00498139
-0.00541129
-0.00558328
-0.00547371
-0.00506711
-0.00430253
-0.00306187
-0.000725238
0.00444912
0.014308
0.0310825
)
;

boundaryField
{
    movingWall
    {
        type            zeroGradient;
    }
    fixedWalls
    {
        type            zeroGradient;
    }
    frontAndBack
    {
        type            empty;
    }
}


// ************************************************************************* //
