/*--------------------------------*- C++ -*----------------------------------*\
  =========                 |
  \\      /  F ield         | OpenFOAM: The Open Source CFD Toolbox
   \\    /   O peration     | Website:  https://openfoam.org
    \\  /    A nd           | Version:  11
     \\/     M anipulation  |
\*---------------------------------------------------------------------------*/
FoamFile
{
    format      ascii;
    class       surfaceScalarField;
    location    "4";
    object      phi;
}
// * * * * * * * * * * * * * * * * * * * * * * * * * * * * * * * * * * * * * //

dimensions      [0 3 -1 0 0 0 0];

internalField   nonuniform List<scalar> 
760
(
1.10071e-07
-1.10071e-07
4.25254e-08
6.75458e-08
-2.80869e-07
3.23395e-07
-1.02558e-06
7.44712e-07
-2.11659e-06
1.091e-06
-3.19685e-06
1.08027e-06
-4.12165e-06
9.24797e-07
-4.88465e-06
7.63003e-07
-5.46054e-06
5.75886e-07
-5.85926e-06
3.98723e-07
-6.08757e-06
2.28307e-07
-6.15414e-06
6.65767e-08
-6.03681e-06
-1.17331e-07
-5.74185e-06
-2.9496e-07
-5.21906e-06
-5.2279e-07
-4.44389e-06
-7.75171e-07
-3.3836e-06
-1.06029e-06
-2.08515e-06
-1.29845e-06
-7.57161e-07
-1.32799e-06
-7.57161e-07
-1.15926e-07
5.8552e-09
-6.09395e-07
5.61015e-07
-1.54864e-06
1.26264e-06
-2.6829e-06
1.87898e-06
-3.60251e-06
2.01061e-06
-4.37568e-06
1.85344e-06
-5.04246e-06
1.59158e-06
-5.56653e-06
1.28707e-06
-5.96692e-06
9.76273e-07
-6.24358e-06
6.75386e-07
-6.38835e-06
3.73074e-07
-6.38339e-06
6.1615e-08
-6.25208e-06
-2.48643e-07
-5.96209e-06
-5.84943e-07
-5.50729e-06
-9.77591e-07
-4.84479e-06
-1.43767e-06
-3.94155e-06
-1.96353e-06
-2.75301e-06
-2.48699e-06
-1.32917e-06
-2.75183e-06
-2.08633e-06
-5.1511e-07
5.20965e-07
-1.40037e-06
1.44628e-06
-2.4124e-06
2.27467e-06
-3.24726e-06
2.71383e-06
-3.92167e-06
2.68502e-06
-4.48437e-06
2.41614e-06
-4.94262e-06
2.04983e-06
-5.29281e-06
1.63726e-06
-5.52944e-06
1.2129e-06
-5.66293e-06
8.08883e-07
-5.69833e-06
4.08468e-07
-5.63961e-06
2.899e-09
-5.49815e-06
-3.90107e-07
-5.25251e-06
-8.30581e-07
-4.88731e-06
-1.34279e-06
-4.37516e-06
-1.94982e-06
-3.67787e-06
-2.66082e-06
-2.73782e-06
-3.42704e-06
-1.49567e-06
-3.99399e-06
-3.582e-06
-7.77564e-07
1.29853e-06
-1.70634e-06
2.37505e-06
-2.54049e-06
3.10882e-06
-3.17554e-06
3.34888e-06
-3.6698e-06
3.17929e-06
-4.06104e-06
2.80737e-06
-4.35698e-06
2.34577e-06
-4.56443e-06
1.84472e-06
-4.69381e-06
1.34228e-06
-4.74529e-06
8.60361e-07
-4.72848e-06
3.91657e-07
-4.65628e-06
-6.9301e-08
-4.51236e-06
-5.34021e-07
-4.30374e-06
-1.0392e-06
-4.02235e-06
-1.62419e-06
-3.64316e-06
-2.32901e-06
-3.12451e-06
-3.17947e-06
-2.40205e-06
-4.1495e-06
-1.3757e-06
-5.02033e-06
-4.9577e-06
-8.18625e-07
2.11715e-06
-1.64698e-06
3.20341e-06
-2.3057e-06
3.76754e-06
-2.79479e-06
3.83797e-06
-3.1627e-06
3.5472e-06
-3.43811e-06
3.08278e-06
-3.63305e-06
2.54071e-06
-3.75775e-06
1.96942e-06
-3.82011e-06
1.40464e-06
-3.82239e-06
8.62638e-07
-3.77208e-06
3.41346e-07
-3.67643e-06
-1.64948e-07
-3.53735e-06
-6.73099e-07
-3.3614e-06
-1.21516e-06
-3.1483e-06
-1.83729e-06
-2.88058e-06
-2.59673e-06
-2.51502e-06
-3.54504e-06
-1.97952e-06
-4.685e-06
-1.17123e-06
-5.82862e-06
-6.12893e-06
-7.19045e-07
2.8362e-06
-1.39479e-06
3.87915e-06
-1.90318e-06
4.27593e-06
-2.28132e-06
4.21612e-06
-2.55972e-06
3.82559e-06
-2.75967e-06
3.28273e-06
-2.89345e-06
2.67449e-06
-2.97102e-06
2.04698e-06
-2.99779e-06
1.43142e-06
-2.97612e-06
8.40965e-07
-2.91098e-06
2.76208e-07
-2.80851e-06
-2.67422e-07
-2.67691e-06
-8.04695e-07
-2.52699e-06
-1.36508e-06
-2.36562e-06
-1.99865e-06
-2.18571e-06
-2.77664e-06
-1.95553e-06
-3.77522e-06
-1.59819e-06
-5.04234e-06
-9.61421e-07
-6.4654e-06
-7.09035e-06
-5.66607e-07
3.40281e-06
-1.07109e-06
4.38364e-06
-1.44789e-06
4.65272e-06
-1.72942e-06
4.49764e-06
-1.93723e-06
4.03341e-06
-2.08502e-06
3.43052e-06
-2.18224e-06
2.77171e-06
-2.23597e-06
2.10071e-06
-2.24891e-06
1.44436e-06
-2.22224e-06
8.14297e-07
-2.15897e-06
2.12936e-07
-2.06436e-06
-3.62033e-07
-1.94785e-06
-9.21202e-07
-1.82325e-06
-1.48968e-06
-1.70342e-06
-2.11848e-06
-1.58873e-06
-2.89133e-06
-1.45487e-06
-3.90908e-06
-1.23255e-06
-5.26465e-06
-8.04944e-07
-6.893e-06
-7.89529e-06
-3.78691e-07
3.7815e-06
-7.24951e-07
4.7299e-06
-9.82754e-07
4.91053e-06
-1.17824e-06
4.69313e-06
-1.3265e-06
4.18168e-06
-1.43459e-06
3.53861e-06
-1.50793e-06
2.84505e-06
-1.55011e-06
2.14289e-06
-1.56152e-06
1.45578e-06
-1.54175e-06
7.94521e-07
-1.49187e-06
1.63061e-07
-1.416e-06
-4.37904e-07
-1.32326e-06
-1.01395e-06
-1.22879e-06
-1.58415e-06
-1.15015e-06
-2.19712e-06
-1.09478e-06
-2.9467e-06
-1.043e-06
-3.96086e-06
-9.27855e-07
-5.3798e-06
-6.44261e-07
-7.1766e-06
-8.53955e-06
-2.02343e-07
3.98384e-06
-3.89166e-07
4.91672e-06
-5.32949e-07
5.05431e-06
-6.45438e-07
4.80561e-06
-7.37507e-07
4.27374e-06
-8.09511e-07
3.61061e-06
-8.62751e-07
2.89829e-06
-8.97458e-07
2.1776e-06
-9.12093e-07
1.47041e-06
-9.04853e-07
7.8728e-07
-8.75279e-07
1.33487e-07
-8.26121e-07
-4.87061e-07
-7.65656e-07
-1.07441e-06
-7.08794e-07
-1.64101e-06
-6.74763e-07
-2.23115e-06
-6.76629e-07
-2.94483e-06
-6.99641e-07
-3.93785e-06
-6.78471e-07
-5.40097e-06
-5.31412e-07
-7.32366e-06
-9.07096e-06
-9.00299e-09
3.99284e-06
-6.66805e-08
4.9744e-06
-1.04803e-07
5.09243e-06
-1.38539e-07
4.83935e-06
-1.71416e-07
4.30662e-06
-2.04633e-07
3.64383e-06
-2.35163e-07
2.92882e-06
-2.60603e-07
2.20304e-06
-2.78026e-07
1.48783e-06
-2.84595e-07
7.9385e-07
-2.79013e-07
1.27905e-07
-2.62895e-07
-5.03179e-07
-2.43408e-07
-1.0939e-06
-2.34222e-07
-1.6502e-06
-2.53259e-07
-2.21211e-06
-3.13672e-07
-2.88442e-06
-4.1258e-07
-3.83894e-06
-4.76972e-07
-5.33657e-06
-4.29706e-07
-7.37092e-06
-9.50067e-06
1.56363e-07
3.83648e-06
2.40614e-07
4.89015e-06
3.11056e-07
5.02199e-06
3.57908e-07
4.7925e-06
3.81071e-07
4.28346e-06
3.8877e-07
3.63613e-06
3.84876e-07
2.93271e-06
3.72927e-07
2.21499e-06
3.56033e-07
1.50473e-06
3.36827e-07
8.13055e-07
3.16518e-07
1.48214e-07
2.94157e-07
-4.80819e-07
2.64312e-07
-1.06405e-06
2.16239e-07
-1.60213e-06
1.34233e-07
-2.13011e-06
7.60491e-10
-2.75094e-06
-1.61464e-07
-3.67672e-06
-3.07502e-07
-5.19054e-06
-3.57568e-07
-7.32086e-06
-9.85824e-06
3.04728e-07
3.53175e-06
5.19844e-07
4.67503e-06
6.90151e-07
4.85168e-06
8.18648e-07
4.664e-06
9.09241e-07
4.19286e-06
9.6724e-07
3.57813e-06
9.98221e-07
2.90173e-06
1.00675e-06
2.20646e-06
9.958e-07
1.51567e-06
9.67128e-07
8.41727e-07
9.20868e-07
1.94474e-07
8.56385e-07
-4.16336e-07
7.70471e-07
-9.78138e-07
6.57005e-07
-1.48866e-06
5.06691e-07
-1.9798e-06
3.11271e-07
-2.55552e-06
7.4141e-08
-3.43959e-06
-1.61262e-07
-4.95513e-06
-2.9261e-07
-7.18951e-06
-1.01508e-05
4.3619e-07
3.09556e-06
7.62394e-07
4.34883e-06
1.02149e-06
4.59259e-06
1.2392e-06
4.44629e-06
1.40499e-06
4.02707e-06
1.52248e-06
3.46064e-06
1.59775e-06
2.82647e-06
1.63497e-06
2.16924e-06
1.63639e-06
1.51426e-06
1.60252e-06
8.75594e-07
1.53216e-06
2.64833e-07
1.42419e-06
-3.08368e-07
1.2784e-06
-8.32346e-07
1.09448e-06
-1.30474e-06
8.70753e-07
-1.75607e-06
6.00914e-07
-2.28568e-06
2.81722e-07
-3.1204e-06
-4.12315e-08
-4.63218e-06
-2.28116e-07
-7.00262e-06
-1.0379e-05
5.19786e-07
2.57578e-06
9.33954e-07
3.93466e-06
1.28499e-06
4.24155e-06
1.59467e-06
4.1366e-06
1.84544e-06
3.7763e-06
2.03507e-06
3.27101e-06
2.16607e-06
2.69548e-06
2.24127e-06
2.09404e-06
2.26198e-06
1.49355e-06
2.22779e-06
9.09778e-07
2.13696e-06
3.55662e-07
1.98721e-06
-1.58611e-07
1.78268e-06
-6.2782e-07
1.52869e-06
-1.05075e-06
1.2319e-06
-1.45928e-06
8.90944e-07
-1.94473e-06
5.02014e-07
-2.73147e-06
1.18701e-07
-4.24887e-06
-1.1758e-07
-6.76634e-06
-1.04965e-05
5.473e-07
2.02848e-06
1.03128e-06
3.45068e-06
1.46635e-06
3.80648e-06
1.86312e-06
3.73984e-06
2.20313e-06
3.43628e-06
2.47401e-06
3.00014e-06
2.67114e-06
2.49835e-06
2.79414e-06
1.97104e-06
2.84247e-06
1.44522e-06
2.81498e-06
9.37262e-07
2.71102e-06
4.59622e-07
2.52772e-06
2.46891e-08
2.27417e-06
-3.74267e-07
1.96029e-06
-7.36875e-07
1.5984e-06
-1.09739e-06
1.19465e-06
-1.54098e-06
7.48362e-07
-2.28518e-06
3.18529e-07
-3.81903e-06
4.46698e-08
-6.49248e-06
-1.04519e-05
4.49693e-07
1.57878e-06
9.70378e-07
2.93e-06
1.4998e-06
3.27705e-06
1.99855e-06
3.2411e-06
2.43849e-06
2.99634e-06
2.80043e-06
2.63819e-06
3.07379e-06
2.22499e-06
3.25402e-06
1.79081e-06
3.3393e-06
1.35994e-06
3.32891e-06
9.47654e-07
3.22359e-06
5.64932e-07
3.03059e-06
2.1769e-07
2.75064e-06
-9.43112e-08
2.40182e-06
-3.8806e-07
1.99631e-06
-6.91879e-07
1.54707e-06
-1.09173e-06
1.05958e-06
-1.79769e-06
5.74948e-07
-3.3344e-06
1.99237e-07
-6.11677e-06
-1.02526e-05
2.82309e-07
1.29647e-06
8.27493e-07
2.38482e-06
1.4222e-06
2.68235e-06
2.00904e-06
2.65425e-06
2.54001e-06
2.46537e-06
2.98718e-06
2.19102e-06
3.33701e-06
1.87516e-06
3.58155e-06
1.54627e-06
3.71793e-06
1.22357e-06
3.74709e-06
9.18494e-07
3.67288e-06
6.3914e-07
3.50297e-06
3.87595e-07
3.2449e-06
1.63762e-07
2.90891e-06
-5.20687e-08
2.50963e-06
-2.92599e-07
2.05654e-06
-6.38636e-07
1.54426e-06
-1.28541e-06
9.8557e-07
-2.77572e-06
4.43411e-07
-5.57462e-06
-9.80923e-06
-1.70346e-07
1.46682e-06
3.50758e-07
1.86371e-06
1.05702e-06
1.97608e-06
1.77541e-06
1.93586e-06
2.43448e-06
1.8063e-06
3.00255e-06
1.62296e-06
3.46597e-06
1.41173e-06
3.81703e-06
1.19522e-06
4.05188e-06
9.88715e-07
4.17385e-06
7.96523e-07
4.19018e-06
6.22806e-07
4.11126e-06
4.66514e-07
3.94694e-06
3.28089e-07
3.71656e-06
1.78302e-07
3.42042e-06
3.54759e-09
3.03694e-06
-2.55156e-07
2.52019e-06
-7.68661e-07
1.86873e-06
-2.12426e-06
9.54871e-07
-4.66076e-06
-8.85435e-06
-5.39073e-07
2.00589e-06
1.47184e-07
1.17746e-06
1.04888e-06
1.07439e-06
1.93227e-06
1.05247e-06
2.73763e-06
1.00094e-06
3.445e-06
9.15588e-07
4.04075e-06
8.15978e-07
4.52491e-06
7.11061e-07
4.89755e-06
6.16072e-07
5.17332e-06
5.20755e-07
5.35354e-06
4.4258e-07
5.46058e-06
3.59473e-07
5.49191e-06
2.96766e-07
5.46137e-06
2.08841e-07
5.32571e-06
1.39202e-07
5.11326e-06
-4.27041e-08
4.71666e-06
-3.72055e-07
3.98805e-06
-1.39565e-06
2.36874e-06
-3.04145e-06
-6.48561e-06
2.00589e-06
3.18335e-06
4.25774e-06
5.31021e-06
6.31115e-06
7.22674e-06
8.04272e-06
8.75378e-06
9.36985e-06
9.89061e-06
1.03332e-05
1.06927e-05
1.09894e-05
1.11983e-05
1.13375e-05
1.12948e-05
1.09227e-05
9.52706e-06
6.48561e-06
)
;

boundaryField
{
    movingWall
    {
        type            calculated;
        value           uniform 0;
    }
    fixedWalls
    {
        type            calculated;
        value           uniform 0;
    }
    frontAndBack
    {
        type            empty;
    }
}


// ************************************************************************* //
