/*--------------------------------*- C++ -*----------------------------------*\
  =========                 |
  \\      /  F ield         | OpenFOAM: The Open Source CFD Toolbox
   \\    /   O peration     | Website:  https://openfoam.org
    \\  /    A nd           | Version:  11
     \\/     M anipulation  |
\*---------------------------------------------------------------------------*/
FoamFile
{
    format      ascii;
    class       volVectorField;
    location    "4";
    object      U;
}
// * * * * * * * * * * * * * * * * * * * * * * * * * * * * * * * * * * * * * //

dimensions      [0 1 -1 0 0 0 0];

internalField   nonuniform List<vector> 
400
(
(0.00145536 -0.00144657 0)
(0.00271148 -0.000656065 0)
(-0.00116694 0.000451982 0)
(-0.00924629 0.00323958 0)
(-0.0296867 0.0103022 0)
(-0.055911 0.011533 0)
(-0.0750654 0.00938787 0)
(-0.0926338 0.00794139 0)
(-0.10507 0.00574493 0)
(-0.114806 0.00415802 0)
(-0.120561 0.00216958 0)
(-0.123191 0.000668567 0)
(-0.123072 -0.00194935 0)
(-0.118299 -0.00396743 0)
(-0.109972 -0.00684455 0)
(-0.0960622 -0.00915293 0)
(-0.0774984 -0.0117725 0)
(-0.0538308 -0.0131464 0)
(-0.0277153 -0.0113786 0)
(-0.00550871 -0.00301828 0)
(0.000132361 -0.00326872 0)
(-0.0049979 0.00355567 0)
(-0.0182505 0.0136281 0)
(-0.0425781 0.0278861 0)
(-0.0634714 0.0323666 0)
(-0.0817433 0.029994 0)
(-0.0957303 0.0259954 0)
(-0.107734 0.0212989 0)
(-0.116101 0.0163899 0)
(-0.12326 0.0110761 0)
(-0.12707 0.00629887 0)
(-0.128655 0.00146366 0)
(-0.127129 -0.0036477 0)
(-0.122855 -0.00934447 0)
(-0.115165 -0.0161107 0)
(-0.103521 -0.0241896 0)
(-0.0874358 -0.0329723 0)
(-0.0667525 -0.0404827 0)
(-0.0411974 -0.0414533 0)
(-0.0143254 -0.0252264 0)
(-0.00352893 0.00365032 0)
(-0.0170604 0.0200258 0)
(-0.0378554 0.0370505 0)
(-0.0576735 0.0467567 0)
(-0.0728236 0.0472633 0)
(-0.085461 0.0428214 0)
(-0.095249 0.0363698 0)
(-0.103278 0.0289956 0)
(-0.109112 0.0215343 0)
(-0.11266 0.0147226 0)
(-0.114106 0.00764854 0)
(-0.113802 0.000593859 0)
(-0.111942 -0.0068931 0)
(-0.108046 -0.0149683 0)
(-0.101883 -0.0243637 0)
(-0.0928859 -0.0354115 0)
(-0.0804181 -0.0482839 0)
(-0.0639969 -0.0618903 0)
(-0.0422446 -0.070678 0)
(-0.0181698 -0.058951 0)
(-0.0069581 0.0182867 0)
(-0.0240871 0.0391112 0)
(-0.0435037 0.0546972 0)
(-0.0586714 0.0609239 0)
(-0.0695103 0.0587671 0)
(-0.0783424 0.0524003 0)
(-0.0849067 0.044107 0)
(-0.0899132 0.0349558 0)
(-0.0931382 0.025705 0)
(-0.094791 0.0167442 0)
(-0.0950976 0.00800804 0)
(-0.0941704 -0.000571848 0)
(-0.0920264 -0.0095031 0)
(-0.088504 -0.0192266 0)
(-0.0836306 -0.030496 0)
(-0.0770052 -0.0439651 0)
(-0.0678574 -0.0599446 0)
(-0.0552144 -0.0775845 0)
(-0.0371368 -0.0923496 0)
(-0.0172564 -0.0884654 0)
(-0.00813063 0.0342252 0)
(-0.0248976 0.0559915 0)
(-0.041072 0.0690131 0)
(-0.0524497 0.0719666 0)
(-0.0604742 0.0674089 0)
(-0.0668007 0.0590924 0)
(-0.0712732 0.0490663 0)
(-0.0743946 0.0383285 0)
(-0.0761442 0.0276121 0)
(-0.0767065 0.0172949 0)
(-0.07618 0.00734648 0)
(-0.0746853 -0.00235492 0)
(-0.0723215 -0.0121839 0)
(-0.0691725 -0.0227978 0)
(-0.0653134 -0.0350687 0)
(-0.0605805 -0.050001 0)
(-0.0543235 -0.0684159 0)
(-0.0450948 -0.0900645 0)
(-0.0305978 -0.110327 0)
(-0.0157396 -0.113339 0)
(-0.00730965 0.0490472 0)
(-0.0221422 0.0707785 0)
(-0.034339 0.0804146 0)
(-0.0431031 0.0806021 0)
(-0.0491786 0.0738681 0)
(-0.0538215 0.0638279 0)
(-0.0569632 0.0523112 0)
(-0.0589905 0.0402848 0)
(-0.0599539 0.0284361 0)
(-0.0599503 0.0170703 0)
(-0.0590304 0.00617891 0)
(-0.0573077 -0.00435037 0)
(-0.0549331 -0.0148385 0)
(-0.0521042 -0.0259165 0)
(-0.0490119 -0.0385697 0)
(-0.0456712 -0.0540907 0)
(-0.0416653 -0.0737723 0)
(-0.0356265 -0.0981718 0)
(-0.0256864 -0.124631 0)
(-0.0113851 -0.133913 0)
(-0.00599729 0.0621976 0)
(-0.017521 0.0826543 0)
(-0.0261669 0.0893414 0)
(-0.0328326 0.0872619 0)
(-0.0373008 0.0787343 0)
(-0.040714 0.0672612 0)
(-0.0430044 0.054554 0)
(-0.0444391 0.0415277 0)
(-0.0450488 0.0287699 0)
(-0.0448687 0.0165296 0)
(-0.0439229 0.00484043 0)
(-0.0422952 -0.00636981 0)
(-0.0401356 -0.0173521 0)
(-0.0376911 -0.028662 0)
(-0.0352536 -0.0413304 0)
(-0.0329693 -0.0569247 0)
(-0.0305864 -0.077221 0)
(-0.0267586 -0.103648 0)
(-0.0209297 -0.134568 0)
(-0.00955052 -0.151084 0)
(-0.00379004 0.071781 0)
(-0.0121338 0.0913925 0)
(-0.0176598 0.0958885 0)
(-0.0224788 0.09212 0)
(-0.0255406 0.0823099 0)
(-0.0279846 0.069801 0)
(-0.029678 0.0562284 0)
(-0.0307694 0.04245 0)
(-0.0312629 0.0289705 0)
(-0.0311456 0.016017 0)
(-0.0304101 0.00365679 0)
(-0.0291046 -0.00812746 0)
(-0.0273614 -0.0194974 0)
(-0.0254374 -0.0308975 0)
(-0.0236899 -0.0433394 0)
(-0.0223895 -0.058617 0)
(-0.0214348 -0.0790028 0)
(-0.0194986 -0.106878 0)
(-0.0169891 -0.141325 0)
(-0.00693936 -0.165033 0)
(-0.00209825 0.0782586 0)
(-0.00661052 0.0969431 0)
(-0.00955308 0.100026 0)
(-0.012417 0.095296 0)
(-0.0141693 0.08477 0)
(-0.0157354 0.07163 0)
(-0.0169046 0.0575027 0)
(-0.0177327 0.0432146 0)
(-0.0181927 0.0292171 0)
(-0.0182389 0.0157244 0)
(-0.0178373 0.00283148 0)
(-0.0170035 -0.00941616 0)
(-0.0158469 -0.0210724 0)
(-0.0146128 -0.0324543 0)
(-0.0136728 -0.0444969 0)
(-0.013359 -0.0591627 0)
(-0.0137836 -0.0792583 0)
(-0.0134693 -0.108166 0)
(-0.0139446 -0.145453 0)
(-0.00551316 -0.176562 0)
(0.000684052 0.0804941 0)
(-0.00114825 0.0996758 0)
(-0.00182979 0.102065 0)
(-0.00275185 0.0968194 0)
(-0.00323478 0.0860806 0)
(-0.00390107 0.0727297 0)
(-0.00450029 0.0583753 0)
(-0.00502943 0.0438412 0)
(-0.005432 0.0295535 0)
(-0.00564715 0.0157226 0)
(-0.00562828 0.0024711 0)
(-0.00536953 -0.0100923 0)
(-0.00495531 -0.0219074 0)
(-0.00460572 -0.0331557 0)
(-0.0046623 -0.0446784 0)
(-0.00542049 -0.058533 0)
(-0.00738008 -0.0780635 0)
(-0.00832597 -0.107733 0)
(-0.0116398 -0.147168 0)
(-0.00373356 -0.186003 0)
(0.00233602 0.0791309 0)
(0.00380143 0.0993813 0)
(0.00536108 0.101811 0)
(0.00646362 0.0967858 0)
(0.00727707 0.0862266 0)
(0.00759961 0.0730403 0)
(0.00768042 0.0587765 0)
(0.00755693 0.0442672 0)
(0.00729981 0.0299409 0)
(0.00697103 0.0160132 0)
(0.0066118 0.00263372 0)
(0.00622964 -0.0100321 0)
(0.00575696 -0.0218238 0)
(0.00501956 -0.0327967 0)
(0.00375688 -0.0436958 0)
(0.00182436 -0.0566167 0)
(-0.00187265 -0.0754684 0)
(-0.00372716 -0.105585 0)
(-0.00989674 -0.147149 0)
(-0.00240272 -0.193842 0)
(0.00394049 0.0752144 0)
(0.00818796 0.0967763 0)
(0.0121484 0.0994115 0)
(0.0148234 0.0952173 0)
(0.0172085 0.0852764 0)
(0.0187126 0.0725004 0)
(0.0196417 0.0585966 0)
(0.0200787 0.0443804 0)
(0.0200957 0.0302901 0)
(0.0197463 0.0165527 0)
(0.0190492 0.00334165 0)
(0.0179966 -0.00913254 0)
(0.0165301 -0.0206473 0)
(0.0145468 -0.0311725 0)
(0.0119232 -0.0413718 0)
(0.00858872 -0.0533306 0)
(0.00306955 -0.0714116 0)
(0.000736152 -0.101647 0)
(-0.00874629 -0.145316 0)
(-0.000545052 -0.20021 0)
(0.00542655 0.0674685 0)
(0.0121348 0.0910981 0)
(0.0179547 0.0950611 0)
(0.0223872 0.0916639 0)
(0.0263971 0.0827207 0)
(0.0292584 0.0708362 0)
(0.0312315 0.0576411 0)
(0.032408 0.0440261 0)
(0.0328481 0.0304788 0)
(0.0325886 0.0172597 0)
(0.0316154 0.00456928 0)
(0.0298951 -0.00735504 0)
(0.0273767 -0.0182796 0)
(0.0240512 -0.0281571 0)
(0.0199362 -0.037594 0)
(0.0151243 -0.0486425 0)
(0.00784566 -0.0658261 0)
(0.00525206 -0.0960791 0)
(-0.00802745 -0.142311 0)
(0.00173642 -0.205379 0)
(0.00636272 0.05783 0)
(0.0148797 0.0839912 0)
(0.0223377 0.0893189 0)
(0.0286873 0.0866369 0)
(0.0343657 0.0787653 0)
(0.038811 0.0679555 0)
(0.0420775 0.0557477 0)
(0.0442073 0.0430462 0)
(0.0452362 0.0303789 0)
(0.045185 0.0180416 0)
(0.0440181 0.00626409 0)
(0.0416782 -0.00472125 0)
(0.0381365 -0.0146993 0)
(0.0334839 -0.0237018 0)
(0.027865 -0.0323174 0)
(0.0216638 -0.0424535 0)
(0.012725 -0.058685 0)
(0.00995923 -0.0890265 0)
(-0.00744028 -0.137999 0)
(0.00529122 -0.209402 0)
(0.00612211 0.0459857 0)
(0.0165244 0.0737705 0)
(0.0252351 0.0807759 0)
(0.0332224 0.0792888 0)
(0.040609 0.0727645 0)
(0.0467818 0.0633691 0)
(0.0515459 0.0525437 0)
(0.0548383 0.0411651 0)
(0.056641 0.0297922 0)
(0.056948 0.0187561 0)
(0.0557214 0.00831057 0)
(0.0529103 -0.00135394 0)
(0.0485189 -0.0100244 0)
(0.0427705 -0.0179157 0)
(0.0358117 -0.0256575 0)
(0.0284263 -0.0349924 0)
(0.0179675 -0.0503759 0)
(0.015199 -0.0811004 0)
(-0.00640559 -0.133317 0)
(0.0101033 -0.212509 0)
(0.00428874 0.0358246 0)
(0.0147965 0.0647145 0)
(0.0250352 0.0719842 0)
(0.0349424 0.0709114 0)
(0.0443101 0.0653263 0)
(0.0523988 0.0572711 0)
(0.0588677 0.0479958 0)
(0.0635173 0.0382383 0)
(0.0662718 0.0285335 0)
(0.0671248 0.0192063 0)
(0.0660459 0.0104884 0)
(0.0631077 0.00252 0)
(0.0583289 -0.00460071 0)
(0.0520102 -0.0112229 0)
(0.0441587 -0.0179648 0)
(0.0360405 -0.0265136 0)
(0.0242588 -0.041209 0)
(0.0219089 -0.0724033 0)
(-0.00446835 -0.128324 0)
(0.0167516 -0.214212 0)
(0.000794326 0.0268983 0)
(0.0117824 0.0515781 0)
(0.0226423 0.0592081 0)
(0.0342367 0.0590377 0)
(0.0454104 0.0549687 0)
(0.0552667 0.048801 0)
(0.0633689 0.0416061 0)
(0.0694485 0.0339961 0)
(0.0733581 0.0264196 0)
(0.0751111 0.0191707 0)
(0.0747193 0.0124672 0)
(0.0723177 0.00639725 0)
(0.0679569 0.000947146 0)
(0.0620439 -0.00431671 0)
(0.0542253 -0.00981123 0)
(0.0464618 -0.0172946 0)
(0.0338726 -0.0310663 0)
(0.0321243 -0.0623042 0)
(-0.000520927 -0.120871 0)
(0.0259116 -0.210765 0)
(-0.00576493 0.0265582 0)
(0.000446609 0.0454867 0)
(0.01425 0.0491618 0)
(0.0282852 0.048059 0)
(0.0419982 0.044453 0)
(0.0543741 0.0394894 0)
(0.0648119 0.0339311 0)
(0.0731062 0.0283166 0)
(0.0790656 0.0229711 0)
(0.0827075 0.0180065 0)
(0.0841056 0.0135326 0)
(0.0835043 0.00953532 0)
(0.0809519 0.00602586 0)
(0.0770725 0.00256234 0)
(0.0711653 -0.00112879 0)
(0.0654956 -0.00736274 0)
(0.0531872 -0.0196158 0)
(0.0513141 -0.0498571 0)
(0.0113542 -0.108265 0)
(0.0415828 -0.191947 0)
(-0.0115757 0.0342573 0)
(-0.00672488 0.0237159 0)
(0.0123635 0.0247749 0)
(0.0298671 0.025241 0)
(0.0466065 0.0242072 0)
(0.0618456 0.0221738 0)
(0.0749727 0.019599 0)
(0.0858725 0.0168638 0)
(0.0945103 0.0141935 0)
(0.101065 0.011687 0)
(0.105632 0.00937148 0)
(0.108525 0.00727594 0)
(0.109712 0.00536689 0)
(0.109782 0.00312015 0)
(0.107526 0.000878657 0)
(0.10473 -0.00442561 0)
(0.0949021 -0.0135958 0)
(0.0926114 -0.0389704 0)
(0.0497689 -0.0847652 0)
(0.0740071 -0.147482 0)
(0.0431735 0.0410386 0)
(0.0489098 0.029628 0)
(0.071273 0.0243912 0)
(0.0956773 0.0222939 0)
(0.116237 0.0207558 0)
(0.135121 0.0189949 0)
(0.15217 0.0171539 0)
(0.16771 0.015211 0)
(0.181118 0.0136566 0)
(0.192741 0.0119636 0)
(0.202466 0.0108838 0)
(0.210404 0.00941308 0)
(0.216997 0.00871443 0)
(0.221431 0.00724378 0)
(0.225266 0.00647696 0)
(0.225448 0.00375153 0)
(0.220852 0.00221542 0)
(0.209429 -0.00709688 0)
(0.162357 -0.0138315 0)
(0.144781 -0.0719581 0)
)
;

boundaryField
{
    movingWall
    {
        type            fixedValue;
        value           uniform (1 0 0);
    }
    fixedWalls
    {
        type            noSlip;
    }
    frontAndBack
    {
        type            empty;
    }
}


// ************************************************************************* //
