/*--------------------------------*- C++ -*----------------------------------*\
  =========                 |
  \\      /  F ield         | OpenFOAM: The Open Source CFD Toolbox
   \\    /   O peration     | Website:  https://openfoam.org
    \\  /    A nd           | Version:  11
     \\/     M anipulation  |
\*---------------------------------------------------------------------------*/
FoamFile
{
    format      ascii;
    class       volScalarField;
    location    "4.5";
    object      epsilon;
}
// * * * * * * * * * * * * * * * * * * * * * * * * * * * * * * * * * * * * * //

dimensions      [0 2 -3 0 0 0 0];

internalField   nonuniform List<scalar> 
400
(
7.18958e-06
2.06454e-05
9.06992e-05
0.000288602
0.000506895
0.000659779
0.000787788
0.000897072
0.00100266
0.00109857
0.00119728
0.00129234
0.00139473
0.00147493
0.00151438
0.00152431
0.00143487
0.0011312
0.000682328
0.00048457
3.73532e-05
9.80811e-05
0.000292556
0.00058968
0.000717426
0.000774967
0.000806857
0.00084211
0.000890045
0.000952797
0.00104051
0.0011491
0.00128509
0.00144548
0.00162978
0.0018244
0.00192987
0.00195277
0.00159856
0.00111208
0.000151413
0.000365428
0.000623848
0.000710883
0.000741122
0.000758069
0.000772872
0.000803029
0.000860999
0.000929901
0.00101614
0.00111298
0.00122546
0.00136355
0.00153415
0.00173943
0.00193166
0.0020124
0.00191357
0.00154535
0.00037631
0.000637584
0.000710803
0.000710676
0.000715593
0.000712054
0.000721944
0.000755781
0.000800445
0.0008514
0.00090792
0.000976781
0.00107161
0.00120253
0.0013883
0.00164131
0.00193063
0.00206739
0.0020712
0.00182777
0.00059534
0.000751285
0.000729421
0.000685828
0.000657608
0.000645813
0.000644941
0.000660056
0.000676609
0.000697837
0.000729059
0.000780176
0.000864634
0.00100124
0.00121833
0.00154253
0.00196662
0.00223662
0.00228281
0.00204773
0.000754505
0.000796509
0.000710956
0.000632398
0.000591688
0.000570067
0.000556317
0.000547517
0.000539466
0.000536589
0.000545299
0.000578414
0.000650246
0.000785117
0.00102261
0.00141243
0.001977
0.00244628
0.00256269
0.00222543
0.000819713
0.000781049
0.000665894
0.000575084
0.000530464
0.000500364
0.000473239
0.000446357
0.000419709
0.000402934
0.000397603
0.000412808
0.00046746
0.00058618
0.000819414
0.00124654
0.00194316
0.00266882
0.00288927
0.00237025
0.000812783
0.00074033
0.000610843
0.000524237
0.000478178
0.000442098
0.000405946
0.000368768
0.00033336
0.000307475
0.000296362
0.000298516
0.000334952
0.000428993
0.000636967
0.00106427
0.00184291
0.00286834
0.00328591
0.00248823
0.000785944
0.000680248
0.000559499
0.000481151
0.000435827
0.0003972
0.000357035
0.000316162
0.000278566
0.000249197
0.000233604
0.00023005
0.000250912
0.000319197
0.000490686
0.000890114
0.00171315
0.00298852
0.00369229
0.00257624
0.000726293
0.000626954
0.000516084
0.000446429
0.000403092
0.00036452
0.000324141
0.000283782
0.000247468
0.000218902
0.000201471
0.000195863
0.000208236
0.000255471
0.000388432
0.000743853
0.00158147
0.00304371
0.00412739
0.00264354
0.000655051
0.000577321
0.000479237
0.00041782
0.000377588
0.000341104
0.00030317
0.000265749
0.000232507
0.000206391
0.000189276
0.000183207
0.000191559
0.000226532
0.000330417
0.000633191
0.0014434
0.00306033
0.00454912
0.0026804
0.000595288
0.000547424
0.00045416
0.00039788
0.000360063
0.000325736
0.000290865
0.000257127
0.00022779
0.000204572
0.000188452
0.00018223
0.000188485
0.00021765
0.000305238
0.000565353
0.00131555
0.00304941
0.00494
0.00269726
0.000526344
0.000512965
0.000437504
0.000382849
0.000346806
0.00031508
0.000284373
0.000255249
0.000229049
0.000207761
0.000193109
0.000188521
0.000194378
0.000219815
0.00029852
0.000534837
0.00122213
0.00300929
0.00519148
0.00270116
0.000467714
0.000498465
0.000438111
0.000383917
0.000347664
0.000316013
0.000286068
0.000258188
0.000233926
0.00021502
0.000201721
0.000199552
0.000206723
0.000233536
0.000308907
0.000528181
0.00117734
0.00296959
0.00529318
0.00269028
0.000390632
0.000469136
0.000438752
0.00039113
0.000355858
0.000324215
0.000294583
0.000267524
0.00024441
0.000226552
0.000214085
0.0002147
0.000224714
0.00025702
0.000339482
0.000559534
0.0011699
0.00295409
0.00529085
0.00267738
0.000324807
0.000447425
0.00044126
0.000413998
0.000380621
0.000348796
0.000317938
0.000289733
0.000265886
0.000247276
0.00023677
0.000239782
0.000255678
0.000300431
0.000404994
0.00065988
0.00126876
0.00300534
0.00495784
0.00262002
0.000226343
0.000374655
0.000437059
0.000444891
0.00043242
0.000404998
0.000372759
0.000342086
0.000317031
0.000298561
0.000296829
0.000307525
0.000341129
0.000421335
0.000587307
0.000961278
0.00162927
0.00329757
0.00448889
0.00253137
0.000178639
0.000351594
0.000490331
0.000554656
0.000572515
0.000561986
0.000536778
0.000510629
0.00049878
0.000505323
0.000533866
0.000598998
0.000720548
0.000939628
0.0012754
0.00201797
0.00281148
0.0041302
0.00423463
0.00238272
0.000249835
0.00040241
0.000743411
0.000936515
0.00104859
0.00111705
0.00117681
0.00124927
0.00136863
0.00153464
0.00178513
0.00212201
0.0025975
0.00328002
0.00411162
0.00531998
0.00565903
0.00527384
0.00430408
0.00215942
0.000183968
0.000300002
0.000560487
0.000816412
0.00102463
0.00117827
0.00129383
0.00137229
0.00144118
0.00149377
0.00154925
0.00160768
0.00167032
0.0017576
0.00184091
0.00195901
0.00205773
0.00214258
0.00211306
0.00188744
)
;

boundaryField
{
    movingWall
    {
        type            epsilonWallFunction;
        value           nonuniform List<scalar> 
20
(
0.000183968
0.000300002
0.000560487
0.000816412
0.00102463
0.00117827
0.00129383
0.00137229
0.00144118
0.00149377
0.00154925
0.00160768
0.00167032
0.0017576
0.00184091
0.00195901
0.00205773
0.00214258
0.00211306
0.00188744
)
;
    }
    fixedWalls
    {
        type            epsilonWallFunction;
        value           nonuniform List<scalar> 
60
(
7.18958e-06
3.73532e-05
0.000151413
0.00037631
0.00059534
0.000754505
0.000819713
0.000812783
0.000785944
0.000726293
0.000655051
0.000595288
0.000526344
0.000467714
0.000390632
0.000324807
0.000226343
0.000178639
0.000249835
0.000183968
0.00048457
0.00111208
0.00154535
0.00182777
0.00204773
0.00222543
0.00237025
0.00248823
0.00257624
0.00264354
0.0026804
0.00269726
0.00270116
0.00269028
0.00267738
0.00262002
0.00253137
0.00238272
0.00215942
0.00188744
7.18958e-06
2.06454e-05
9.06992e-05
0.000288602
0.000506895
0.000659779
0.000787788
0.000897072
0.00100266
0.00109857
0.00119728
0.00129234
0.00139473
0.00147493
0.00151438
0.00152431
0.00143487
0.0011312
0.000682328
0.00048457
)
;
    }
    frontAndBack
    {
        type            empty;
    }
}


// ************************************************************************* //
