/*--------------------------------*- C++ -*----------------------------------*\
  =========                 |
  \\      /  F ield         | OpenFOAM: The Open Source CFD Toolbox
   \\    /   O peration     | Website:  https://openfoam.org
    \\  /    A nd           | Version:  11
     \\/     M anipulation  |
\*---------------------------------------------------------------------------*/
FoamFile
{
    format      ascii;
    class       volScalarField;
    location    "4.5";
    object      k;
}
// * * * * * * * * * * * * * * * * * * * * * * * * * * * * * * * * * * * * * //

dimensions      [0 2 -2 0 0 0 0];

internalField   nonuniform List<scalar> 
400
(
2.25269e-06
6.46382e-06
2.83882e-05
9.02341e-05
0.000158379
0.00020617
0.000246157
0.000280335
0.000313333
0.000343329
0.000374187
0.000403919
0.000435931
0.000461025
0.000473367
0.000476481
0.00044854
0.000353622
0.000213282
0.000151471
1.17022e-05
4.96145e-05
0.00011706
0.000232956
0.00032528
0.000394252
0.000457994
0.000512053
0.000572112
0.000626751
0.000686089
0.000743115
0.000799651
0.000852489
0.00090239
0.000928416
0.000936729
0.000847983
0.000564942
0.000347573
4.74108e-05
0.000178664
0.000320813
0.000417126
0.000493009
0.000553136
0.000608305
0.000657837
0.000709461
0.000758199
0.000805761
0.000850265
0.000893613
0.000940376
0.000989035
0.00102058
0.00103126
0.000989154
0.000727369
0.0004829
0.000117793
0.000360412
0.000459596
0.000520182
0.000578272
0.000626799
0.000668635
0.000708057
0.00074816
0.000785631
0.000822372
0.000858444
0.000897446
0.000946374
0.00100701
0.00106934
0.00109511
0.00109491
0.000874038
0.000571092
0.000186211
0.000472151
0.000537897
0.000569719
0.000610848
0.000641084
0.000670959
0.000701923
0.000729689
0.00075152
0.00077119
0.000796059
0.000835646
0.000894557
0.000980659
0.00109109
0.00117235
0.00118945
0.00100998
0.000639776
0.000235957
0.000537711
0.000572463
0.000584746
0.000611156
0.00063604
0.000657616
0.00067018
0.000674693
0.00067645
0.000683506
0.000701725
0.000739117
0.000806292
0.000916995
0.00107789
0.00123827
0.00129513
0.00115398
0.000695258
0.00025628
0.000545873
0.000572644
0.000582829
0.000605226
0.000619521
0.000623837
0.000618835
0.000608562
0.00060031
0.000597856
0.000607049
0.000638305
0.000704374
0.000824885
0.00101737
0.00126585
0.0013952
0.00129586
0.000740469
0.000254107
0.000538682
0.000566349
0.000575699
0.000589892
0.000593531
0.000588246
0.000573382
0.000554448
0.00053786
0.000530269
0.000531467
0.000554724
0.000613965
0.000734843
0.000950454
0.00126729
0.00148631
0.00144785
0.0007773
0.000245711
0.000519962
0.000551096
0.000560913
0.000569927
0.000569933
0.000558973
0.000539186
0.00051612
0.000495075
0.000482059
0.000478582
0.000493099
0.000541291
0.0006508
0.000867255
0.00122478
0.00155891
0.00158599
0.000804775
0.000227068
0.000497564
0.000531256
0.000543393
0.000551178
0.00054955
0.000536588
0.000515562
0.000491532
0.000469087
0.000452332
0.000445166
0.000453452
0.000491187
0.000587115
0.00079316
0.00116652
0.00160674
0.00172326
0.00082579
0.000204794
0.000465461
0.000507414
0.000523639
0.00053283
0.000531513
0.000519627
0.0004996
0.000476744
0.000454896
0.000437484
0.000428811
0.000434865
0.000465866
0.000547677
0.000737123
0.0011111
0.00162738
0.00184724
0.000837308
0.000186126
0.000435489
0.000488167
0.000506438
0.000516136
0.000515221
0.000506116
0.000488341
0.000467869
0.000447912
0.000431604
0.000423885
0.000429549
0.000457194
0.000529943
0.000700322
0.00106154
0.00163331
0.00195844
0.000842578
0.000164584
0.000394903
0.000462652
0.000487067
0.000499503
0.000499973
0.000493873
0.00047966
0.000461989
0.000444655
0.000430455
0.000424974
0.000431214
0.000457353
0.000525504
0.000683696
0.0010183
0.00163163
0.00202592
0.000843797
0.000146269
0.000367798
0.000447068
0.000475684
0.000488236
0.000488007
0.000483306
0.000472132
0.000457503
0.000443128
0.00043144
0.000429893
0.00043839
0.000466956
0.000533374
0.000680327
0.000989497
0.0016121
0.00205216
0.000840426
0.000122208
0.000320811
0.000418368
0.000460884
0.000480756
0.000484067
0.000480562
0.000471417
0.000458143
0.000444888
0.000435243
0.000436843
0.000448883
0.000482267
0.000551881
0.000695818
0.00098019
0.00158799
0.0020291
0.000836408
0.000101653
0.000291779
0.000402818
0.000455051
0.000484764
0.000490955
0.000487636
0.000478629
0.000465259
0.000452322
0.000445273
0.000449077
0.000465419
0.000506443
0.000583321
0.00073931
0.000994356
0.00157631
0.00191911
0.000818454
7.09117e-05
0.000225005
0.000365045
0.000455476
0.000499982
0.000514229
0.000512014
0.000504126
0.000490769
0.000478602
0.000476975
0.000484829
0.000509438
0.00056687
0.000660767
0.000854934
0.00109352
0.00159352
0.00175577
0.000790697
5.58353e-05
0.00022747
0.00038865
0.00049654
0.000561022
0.000588482
0.000590761
0.000588161
0.000582685
0.000584626
0.000597053
0.000626971
0.000686176
0.000790819
0.000929325
0.00121147
0.0014495
0.00173213
0.00158866
0.000744188
7.80762e-05
0.000275383
0.000492661
0.000627196
0.000718879
0.000782668
0.000827793
0.00087193
0.0009257
0.000991256
0.00108547
0.00120085
0.00136247
0.00156717
0.00180945
0.00212335
0.0021238
0.00195026
0.0015095
0.000674323
5.74983e-05
9.37543e-05
0.000175122
0.00025505
0.000320055
0.000368022
0.000404051
0.000428561
0.00045001
0.000466489
0.000483741
0.000502056
0.000521522
0.000548835
0.000574746
0.000611643
0.000642461
0.000668972
0.000659761
0.000589286
)
;

boundaryField
{
    movingWall
    {
        type            kqRWallFunction;
        value           nonuniform List<scalar> 
20
(
5.74983e-05
9.37543e-05
0.000175122
0.00025505
0.000320055
0.000368022
0.000404051
0.000428561
0.00045001
0.000466489
0.000483741
0.000502056
0.000521522
0.000548835
0.000574746
0.000611643
0.000642461
0.000668972
0.000659761
0.000589286
)
;
    }
    fixedWalls
    {
        type            kqRWallFunction;
        value           nonuniform List<scalar> 
60
(
2.25269e-06
1.17022e-05
4.74108e-05
0.000117793
0.000186211
0.000235957
0.00025628
0.000254107
0.000245711
0.000227068
0.000204794
0.000186126
0.000164584
0.000146269
0.000122208
0.000101653
7.09117e-05
5.58353e-05
7.80762e-05
5.74983e-05
0.000151471
0.000347573
0.0004829
0.000571092
0.000639776
0.000695258
0.000740469
0.0007773
0.000804775
0.00082579
0.000837308
0.000842578
0.000843797
0.000840426
0.000836408
0.000818454
0.000790697
0.000744188
0.000674323
0.000589286
2.25269e-06
6.46382e-06
2.83882e-05
9.02341e-05
0.000158379
0.00020617
0.000246157
0.000280335
0.000313333
0.000343329
0.000374187
0.000403919
0.000435931
0.000461025
0.000473367
0.000476481
0.00044854
0.000353622
0.000213282
0.000151471
)
;
    }
    frontAndBack
    {
        type            empty;
    }
}


// ************************************************************************* //
