/*--------------------------------*- C++ -*----------------------------------*\
  =========                 |
  \\      /  F ield         | OpenFOAM: The Open Source CFD Toolbox
   \\    /   O peration     | Website:  https://openfoam.org
    \\  /    A nd           | Version:  11
     \\/     M anipulation  |
\*---------------------------------------------------------------------------*/
FoamFile
{
    format      ascii;
    class       volScalarField;
    location    "4.5";
    object      nut;
}
// * * * * * * * * * * * * * * * * * * * * * * * * * * * * * * * * * * * * * //

dimensions      [0 2 -1 0 0 0 0];

internalField   nonuniform List<scalar> 
400
(
6.35246e-08
1.82137e-07
7.99675e-07
2.53912e-06
4.45366e-06
5.79825e-06
6.9224e-06
7.88442e-06
8.81248e-06
9.65687e-06
1.05251e-05
1.1362e-05
1.22628e-05
1.29694e-05
1.33169e-05
1.34048e-05
1.26192e-05
9.94901e-06
6.00007e-06
4.26134e-06
3.29953e-07
2.25878e-06
4.21549e-06
8.28272e-06
1.32733e-05
1.80512e-05
2.33973e-05
2.80223e-05
3.30973e-05
3.71049e-05
4.07151e-05
4.32511e-05
4.47827e-05
4.5249e-05
4.4968e-05
4.25214e-05
4.09207e-05
3.3141e-05
1.79689e-05
9.77681e-06
1.33609e-06
7.8617e-06
1.4848e-05
2.20282e-05
2.95163e-05
3.63243e-05
4.30901e-05
4.85007e-05
5.26135e-05
5.56382e-05
5.75045e-05
5.84609e-05
5.86465e-05
5.8368e-05
5.73849e-05
5.3893e-05
4.95506e-05
4.37579e-05
2.48833e-05
1.3581e-05
3.31847e-06
1.8336e-05
2.67452e-05
3.42674e-05
4.20572e-05
4.96576e-05
5.57335e-05
5.97012e-05
6.29361e-05
6.52447e-05
6.70396e-05
6.78999e-05
6.76427e-05
6.70306e-05
6.574e-05
6.27027e-05
5.59061e-05
5.21891e-05
3.31957e-05
1.60595e-05
5.24189e-06
2.67055e-05
3.56996e-05
4.25941e-05
5.10671e-05
5.72751e-05
6.28224e-05
6.718e-05
7.0824e-05
7.28399e-05
7.34181e-05
7.31039e-05
7.26867e-05
7.19319e-05
7.10419e-05
6.94588e-05
6.28974e-05
5.69297e-05
4.02163e-05
1.79897e-05
6.64121e-06
3.267e-05
4.14854e-05
4.86616e-05
5.68138e-05
6.38684e-05
6.99623e-05
7.38292e-05
7.59435e-05
7.67489e-05
7.71068e-05
7.66193e-05
7.56121e-05
7.45235e-05
7.40058e-05
7.40333e-05
6.98014e-05
6.17113e-05
4.67671e-05
1.95488e-05
7.21123e-06
3.43359e-05
4.43207e-05
5.31611e-05
6.21472e-05
6.90349e-05
7.40123e-05
7.72165e-05
7.94153e-05
8.04933e-05
8.09071e-05
8.03418e-05
7.8443e-05
7.61759e-05
7.47354e-05
7.47294e-05
7.42156e-05
6.56441e-05
5.23085e-05
2.08191e-05
7.1499e-06
3.52763e-05
4.72586e-05
5.68991e-05
6.54934e-05
7.17152e-05
7.67169e-05
8.02374e-05
8.29949e-05
8.46784e-05
8.53912e-05
8.51583e-05
8.26826e-05
7.90824e-05
7.62983e-05
7.6393e-05
7.84319e-05
6.93152e-05
5.74161e-05
2.1854e-05
6.91352e-06
3.577e-05
4.88537e-05
5.88508e-05
6.70759e-05
7.36004e-05
7.87613e-05
8.27578e-05
8.60627e-05
8.85198e-05
8.95287e-05
8.96052e-05
8.72144e-05
8.26124e-05
7.76844e-05
7.60486e-05
7.88072e-05
7.31862e-05
6.13119e-05
2.26259e-05
6.38914e-06
3.5539e-05
4.92186e-05
5.95275e-05
6.783e-05
7.4565e-05
7.99447e-05
8.42982e-05
8.7867e-05
9.04687e-05
9.13996e-05
9.10613e-05
8.88687e-05
8.49952e-05
7.98682e-05
7.61162e-05
7.74399e-05
7.63366e-05
6.47547e-05
2.32165e-05
5.76238e-06
3.37747e-05
4.83524e-05
5.90633e-05
6.76707e-05
7.4539e-05
8.01566e-05
8.45311e-05
8.79786e-05
9.02352e-05
9.10062e-05
9.03303e-05
8.88484e-05
8.62254e-05
8.17014e-05
7.72303e-05
7.69774e-05
7.7885e-05
6.75094e-05
2.35403e-05
5.23756e-06
3.11797e-05
4.72248e-05
5.80153e-05
6.65875e-05
7.33439e-05
7.92593e-05
8.34722e-05
8.64879e-05
8.82632e-05
8.8964e-05
8.87395e-05
8.8103e-05
8.64341e-05
8.2806e-05
7.80762e-05
7.70923e-05
7.87347e-05
6.98773e-05
2.36886e-05
4.6318e-06
2.73612e-05
4.4032e-05
5.57688e-05
6.47489e-05
7.14028e-05
7.71941e-05
8.11233e-05
8.38644e-05
8.56496e-05
8.63564e-05
8.62201e-05
8.60957e-05
8.56421e-05
8.32571e-05
7.86589e-05
7.63615e-05
7.96198e-05
7.11531e-05
2.3723e-05
4.11686e-06
2.44246e-05
4.10586e-05
5.30448e-05
6.1708e-05
6.7825e-05
7.34882e-05
7.77024e-05
8.0529e-05
8.21906e-05
8.30488e-05
8.33501e-05
8.36711e-05
8.4031e-05
8.28854e-05
7.88669e-05
7.4846e-05
7.87642e-05
7.1606e-05
2.36289e-05
3.44092e-06
1.97443e-05
3.59039e-05
4.88771e-05
5.84543e-05
6.50459e-05
7.05558e-05
7.47635e-05
7.72904e-05
7.86278e-05
7.96379e-05
7.99948e-05
8.07008e-05
8.14423e-05
8.07453e-05
7.78766e-05
7.39117e-05
7.68267e-05
7.00368e-05
2.35163e-05
2.86325e-06
1.7125e-05
3.30952e-05
4.50159e-05
5.55662e-05
6.21948e-05
6.73119e-05
7.11609e-05
7.32719e-05
7.44658e-05
7.53649e-05
7.56953e-05
7.62496e-05
7.6835e-05
7.56151e-05
7.45471e-05
7.01371e-05
7.44098e-05
6.68576e-05
2.30105e-05
1.99945e-06
1.21618e-05
2.74407e-05
4.19682e-05
5.2029e-05
5.87627e-05
6.32962e-05
6.68629e-05
6.83747e-05
6.9049e-05
6.89805e-05
6.87923e-05
6.84711e-05
6.86407e-05
6.69074e-05
6.84318e-05
6.60542e-05
6.93051e-05
6.18072e-05
2.22284e-05
1.57066e-06
1.32449e-05
2.7725e-05
4.00062e-05
4.94783e-05
5.54604e-05
5.85156e-05
6.09717e-05
6.12635e-05
6.08737e-05
6.00948e-05
5.90625e-05
5.881e-05
5.99019e-05
6.09441e-05
6.54569e-05
6.72577e-05
6.53781e-05
5.36403e-05
2.09187e-05
2.19597e-06
1.69609e-05
2.93839e-05
3.78037e-05
4.43555e-05
4.93542e-05
5.2406e-05
5.47707e-05
5.63502e-05
5.76245e-05
5.94029e-05
6.11607e-05
6.43189e-05
6.73905e-05
7.16679e-05
7.62739e-05
7.17342e-05
6.49084e-05
4.76459e-05
1.89514e-05
1.61737e-06
2.63695e-06
4.92445e-06
7.17106e-06
8.99753e-06
1.03453e-05
1.13563e-05
1.20454e-05
1.26465e-05
1.31111e-05
1.3594e-05
1.41107e-05
1.46551e-05
1.54243e-05
1.61496e-05
1.71871e-05
1.80529e-05
1.87984e-05
1.85398e-05
1.65586e-05
)
;

boundaryField
{
    movingWall
    {
        type            nutkWallFunction;
        Cmu             0.09;
        kappa           0.41;
        E               9.8;
        value           uniform 0;
    }
    fixedWalls
    {
        type            nutkWallFunction;
        Cmu             0.09;
        kappa           0.41;
        E               9.8;
        value           uniform 0;
    }
    frontAndBack
    {
        type            empty;
    }
}


// ************************************************************************* //
