/*--------------------------------*- C++ -*----------------------------------*\
  =========                 |
  \\      /  F ield         | OpenFOAM: The Open Source CFD Toolbox
   \\    /   O peration     | Website:  https://openfoam.org
    \\  /    A nd           | Version:  11
     \\/     M anipulation  |
\*---------------------------------------------------------------------------*/
FoamFile
{
    format      ascii;
    class       volScalarField;
    location    "4.5";
    object      p;
}
// * * * * * * * * * * * * * * * * * * * * * * * * * * * * * * * * * * * * * //

dimensions      [0 2 -2 0 0 0 0];

internalField   nonuniform List<scalar> 
400
(
1.53303e-08
-5.5609e-05
-0.000147844
-0.000174169
-0.000423197
-0.00109265
-0.00205703
-0.0030739
-0.00395164
-0.00456027
-0.00482262
-0.00466072
-0.00403917
-0.00294054
-0.00135878
0.000622289
0.00277466
0.00465404
0.00578576
0.00598572
3.52319e-05
-1.13688e-05
-9.37745e-05
-0.000344961
-0.000846372
-0.00164623
-0.00262458
-0.00360435
-0.00444067
-0.00503689
-0.0053151
-0.00521884
-0.00471454
-0.00374603
-0.00230598
-0.00043683
0.00167403
0.00365823
0.00503947
0.00557267
0.000188892
2.83762e-05
-0.000269285
-0.000785704
-0.001563
-0.002522
-0.00353714
-0.00449115
-0.00530196
-0.00588055
-0.0061501
-0.00607705
-0.00564609
-0.00483198
-0.00361459
-0.00200642
-9.78639e-05
0.00187841
0.00352689
0.00434555
0.000167112
-0.000125345
-0.000680229
-0.0014961
-0.00250786
-0.00359119
-0.00464281
-0.00557549
-0.00631998
-0.0068218
-0.00705763
-0.00700996
-0.00666033
-0.00599516
-0.004999
-0.00366709
-0.00203327
-0.000219916
0.00147864
0.0023721
-0.000192012
-0.000607128
-0.00136812
-0.00239391
-0.00353528
-0.00466649
-0.005702
-0.00657609
-0.00724651
-0.00768775
-0.00789273
-0.00785797
-0.00757613
-0.00704468
-0.00625209
-0.00518658
-0.00385153
-0.00229471
-0.000707422
0.000136645
-0.000900768
-0.00139241
-0.00226221
-0.00336049
-0.00452793
-0.00564083
-0.00662415
-0.00742955
-0.008033
-0.00842324
-0.00860051
-0.00856973
-0.00833801
-0.00791054
-0.00728361
-0.00644478
-0.00538325
-0.00411565
-0.00280812
-0.00200299
-0.00181603
-0.00233139
-0.00320928
-0.00428327
-0.00541101
-0.00646717
-0.00738409
-0.0081232
-0.00866885
-0.00901652
-0.00917082
-0.00914169
-0.00894331
-0.00858916
-0.00808446
-0.00742123
-0.00658571
-0.00557978
-0.00457074
-0.00385014
-0.00273095
-0.00323172
-0.00406139
-0.00507233
-0.00613408
-0.00712194
-0.00797399
-0.00865639
-0.00915647
-0.00947227
-0.00960976
-0.00958092
-0.00940317
-0.00909624
-0.00867424
-0.00813654
-0.00747263
-0.00668142
-0.00593072
-0.00529094
-0.00349241
-0.00396364
-0.00472414
-0.00566838
-0.00666345
-0.00758941
-0.00838906
-0.00902995
-0.00949918
-0.0097945
-0.00992118
-0.00989113
-0.00972315
-0.00944135
-0.0090682
-0.00861216
-0.00807058
-0.00743233
-0.00687221
-0.00630899
-0.00402816
-0.00444516
-0.00514419
-0.00603818
-0.006978
-0.00785842
-0.00862415
-0.00924131
-0.00969487
-0.00998053
-0.0101017
-0.0100691
-0.00990171
-0.00962656
-0.00927319
-0.00886013
-0.00840516
-0.00785312
-0.00743779
-0.00690292
-0.00430295
-0.00466552
-0.00531286
-0.00616702
-0.00706679
-0.00792149
-0.00867289
-0.00928418
-0.00973661
-0.0100228
-0.0101435
-0.0101076
-0.00993378
-0.00965098
-0.00929449
-0.00888861
-0.00849648
-0.00795202
-0.00766836
-0.00708614
-0.00430808
-0.00463355
-0.00523938
-0.00605174
-0.00692949
-0.00777551
-0.00852988
-0.00915161
-0.00961665
-0.0099131
-0.0100385
-0.00999944
-0.00981419
-0.00951285
-0.00913497
-0.00871978
-0.00834135
-0.00773957
-0.00762879
-0.00685429
-0.00409071
-0.00438988
-0.00495443
-0.00571519
-0.00657599
-0.00742383
-0.00819485
-0.00884135
-0.00933195
-0.00964874
-0.00978492
-0.00974448
-0.00954455
-0.00921678
-0.00880536
-0.00835725
-0.00794264
-0.00727287
-0.00734378
-0.00621248
-0.00372949
-0.00398588
-0.00449117
-0.00519005
-0.00602137
-0.00687522
-0.00767422
-0.00835904
-0.00888834
-0.00923644
-0.00939138
-0.00935404
-0.00913937
-0.00878051
-0.00832552
-0.0078224
-0.00734508
-0.00662255
-0.00676007
-0.00518995
-0.00333819
-0.00351669
-0.00391017
-0.00451686
-0.00530027
-0.00615734
-0.00699176
-0.00772666
-0.00830761
-0.00869932
-0.00888356
-0.00885768
-0.00863376
-0.00824302
-0.00773659
-0.00715829
-0.00659113
-0.00577708
-0.005852
-0.00382783
-0.0030134
-0.00303577
-0.00325051
-0.00372745
-0.00444972
-0.00530875
-0.00618569
-0.00698252
-0.00762932
-0.0080794
-0.00830709
-0.00830434
-0.00808632
-0.00766951
-0.00710561
-0.00642455
-0.00571558
-0.00472141
-0.00457346
-0.00193833
-0.00282789
-0.00261375
-0.00257787
-0.0028932
-0.00354385
-0.00440421
-0.00532849
-0.00619657
-0.00692195
-0.00744598
-0.0077353
-0.00777541
-0.00757491
-0.00713882
-0.0065062
-0.00567458
-0.00472203
-0.00337142
-0.00265512
0.00133763
-0.00275582
-0.00218215
-0.00190872
-0.00206824
-0.00265275
-0.0035211
-0.00450011
-0.0054479
-0.00626256
-0.00687448
-0.0072402
-0.00733487
-0.00715666
-0.00669781
-0.00598378
-0.00494401
-0.0036138
-0.00155517
0.000562271
0.00788444
-0.00277983
-0.00183086
-0.00137193
-0.00141341
-0.00194877
-0.00282932
-0.0038627
-0.00488817
-0.00578734
-0.00648155
-0.00692217
-0.0070811
-0.00694256
-0.00648623
-0.00566684
-0.0043808
-0.00251375
0.000926877
0.00616529
0.0188967
-0.00341247
-0.000614834
-3.22918e-05
-0.000259246
-0.000879809
-0.00181546
-0.00293141
-0.00406078
-0.00506215
-0.0058424
-0.00634593
-0.00653865
-0.0063957
-0.00588728
-0.00496493
-0.00347095
-0.000714142
0.00499247
0.0155543
0.0327331
)
;

boundaryField
{
    movingWall
    {
        type            zeroGradient;
    }
    fixedWalls
    {
        type            zeroGradient;
    }
    frontAndBack
    {
        type            empty;
    }
}


// ************************************************************************* //
