/*--------------------------------*- C++ -*----------------------------------*\
  =========                 |
  \\      /  F ield         | OpenFOAM: The Open Source CFD Toolbox
   \\    /   O peration     | Website:  https://openfoam.org
    \\  /    A nd           | Version:  11
     \\/     M anipulation  |
\*---------------------------------------------------------------------------*/
FoamFile
{
    format      ascii;
    class       surfaceScalarField;
    location    "4.5";
    object      phi;
}
// * * * * * * * * * * * * * * * * * * * * * * * * * * * * * * * * * * * * * //

dimensions      [0 3 -1 0 0 0 0];

internalField   nonuniform List<scalar> 
760
(
1.50235e-07
-1.50237e-07
7.22877e-08
7.79475e-08
-3.30413e-07
4.02701e-07
-1.18244e-06
8.52032e-07
-2.32555e-06
1.14311e-06
-3.41537e-06
1.08982e-06
-4.36393e-06
9.48561e-07
-5.13987e-06
7.75937e-07
-5.73576e-06
5.95886e-07
-6.1522e-06
4.16446e-07
-6.40134e-06
2.49141e-07
-6.48355e-06
8.22025e-08
-6.37696e-06
-1.06588e-07
-6.0832e-06
-2.93761e-07
-5.54864e-06
-5.34556e-07
-4.74313e-06
-8.05514e-07
-3.62816e-06
-1.11497e-06
-2.24938e-06
-1.37878e-06
-8.22073e-07
-1.42731e-06
-8.22073e-07
-1.59317e-07
9.08039e-09
-7.58952e-07
6.77582e-07
-1.78738e-06
1.43113e-06
-2.92026e-06
1.98491e-06
-3.82264e-06
2.04549e-06
-4.62154e-06
1.88872e-06
-5.29473e-06
1.62175e-06
-5.83529e-06
1.3165e-06
-6.24985e-06
1.01045e-06
-6.54393e-06
7.10527e-07
-6.70199e-06
4.07201e-07
-6.70971e-06
8.99241e-08
-6.58494e-06
-2.31364e-07
-6.29454e-06
-5.84161e-07
-5.82829e-06
-1.00081e-06
-5.13981e-06
-1.494e-06
-4.19267e-06
-2.06211e-06
-2.93753e-06
-2.63392e-06
-1.42358e-06
-2.94125e-06
-2.24566e-06
-6.32317e-07
6.41398e-07
-1.61568e-06
1.66094e-06
-2.63079e-06
2.44625e-06
-3.45223e-06
2.80635e-06
-4.13532e-06
2.72858e-06
-4.70466e-06
2.45806e-06
-5.16649e-06
2.08358e-06
-5.52183e-06
1.67184e-06
-5.76408e-06
1.25269e-06
-5.90109e-06
8.47541e-07
-5.94131e-06
4.47418e-07
-5.89216e-06
4.07771e-08
-5.75524e-06
-3.6828e-07
-5.51111e-06
-8.28297e-07
-5.14048e-06
-1.37144e-06
-4.61263e-06
-2.02184e-06
-3.88606e-06
-2.78868e-06
-2.90041e-06
-3.61958e-06
-1.5928e-06
-4.24886e-06
-3.83846e-06
-8.89131e-07
1.53053e-06
-1.87171e-06
2.64352e-06
-2.706e-06
3.28054e-06
-3.33948e-06
3.43983e-06
-3.83898e-06
3.22807e-06
-4.22729e-06
2.84637e-06
-4.51689e-06
2.37319e-06
-4.71828e-06
1.87323e-06
-4.84279e-06
1.3772e-06
-4.89619e-06
9.0094e-07
-4.8865e-06
4.37725e-07
-4.81944e-06
-2.62788e-08
-4.68619e-06
-5.0153e-07
-4.48408e-06
-1.03041e-06
-4.20325e-06
-1.65227e-06
-3.81678e-06
-2.40831e-06
-3.28115e-06
-3.3243e-06
-2.5286e-06
-4.37213e-06
-1.45186e-06
-5.3256e-06
-5.29032e-06
-8.98274e-07
2.4288e-06
-1.75145e-06
3.49669e-06
-2.41962e-06
3.94871e-06
-2.91164e-06
3.93185e-06
-3.27846e-06
3.59489e-06
-3.544e-06
3.11191e-06
-3.72783e-06
2.55702e-06
-3.8436e-06
1.98899e-06
-3.90113e-06
1.43473e-06
-3.90524e-06
9.05051e-07
-3.86113e-06
3.93617e-07
-3.77586e-06
-1.11555e-07
-3.64718e-06
-6.30204e-07
-3.48006e-06
-1.19753e-06
-3.27124e-06
-1.86109e-06
-3.00149e-06
-2.67806e-06
-2.62648e-06
-3.69931e-06
-2.07198e-06
-4.92663e-06
-1.22982e-06
-6.16776e-06
-6.52014e-06
-7.69749e-07
3.19855e-06
-1.46267e-06
4.18962e-06
-1.98274e-06
4.46878e-06
-2.3623e-06
4.31141e-06
-2.63544e-06
3.86803e-06
-2.82327e-06
3.29973e-06
-2.94561e-06
2.67937e-06
-3.01497e-06
2.05835e-06
-3.03885e-06
1.45861e-06
-3.02044e-06
8.86636e-07
-2.9633e-06
3.36487e-07
-2.87208e-06
-2.02779e-07
-2.75188e-06
-7.50403e-07
-2.6107e-06
-1.33872e-06
-2.45317e-06
-2.01862e-06
-2.27116e-06
-2.86007e-06
-2.03398e-06
-3.93649e-06
-1.66374e-06
-5.29687e-06
-1.00419e-06
-6.8273e-06
-7.52433e-06
-6.02097e-07
3.80065e-06
-1.11676e-06
4.70428e-06
-1.50727e-06
4.85929e-06
-1.79041e-06
4.59455e-06
-1.99221e-06
4.06982e-06
-2.12928e-06
3.4368e-06
-2.21754e-06
2.76764e-06
-2.26598e-06
2.10679e-06
-2.27921e-06
1.47184e-06
-2.25864e-06
8.66067e-07
-2.20577e-06
2.83615e-07
-2.1232e-06
-2.85343e-07
-2.01696e-06
-8.56642e-07
-1.89784e-06
-1.45784e-06
-1.77738e-06
-2.13908e-06
-1.65623e-06
-2.98121e-06
-1.51211e-06
-4.08062e-06
-1.27704e-06
-5.53194e-06
-8.37771e-07
-7.26658e-06
-8.3621e-06
-4.03958e-07
4.20461e-06
-7.63738e-07
5.06406e-06
-1.03666e-06
5.13221e-06
-1.23536e-06
4.79326e-06
-1.37972e-06
4.21418e-06
-1.4808e-06
3.53788e-06
-1.54919e-06
2.83602e-06
-1.59004e-06
2.14765e-06
-1.60514e-06
1.48694e-06
-1.59397e-06
8.54899e-07
-1.55593e-06
2.45574e-07
-1.49191e-06
-3.49368e-07
-1.4068e-06
-9.41746e-07
-1.31222e-06
-1.55242e-06
-1.22521e-06
-2.22609e-06
-1.156e-06
-3.05042e-06
-1.08867e-06
-4.14794e-06
-9.58645e-07
-5.66196e-06
-6.65321e-07
-7.5599e-06
-9.02742e-06
-2.22729e-07
4.42733e-06
-4.2865e-07
5.26999e-06
-5.88022e-07
5.29158e-06
-7.0972e-07
4.91495e-06
-8.02927e-07
4.30738e-06
-8.73315e-07
3.60827e-06
-9.26268e-07
2.88898e-06
-9.63384e-07
2.18476e-06
-9.8403e-07
1.50758e-06
-9.86195e-07
8.57063e-07
-9.67851e-07
2.2723e-07
-9.28634e-07
-3.88586e-07
-8.72181e-07
-9.98199e-07
-8.09099e-07
-1.6155e-06
-7.58067e-07
-2.27712e-06
-7.36954e-07
-3.07154e-06
-7.37252e-07
-4.14764e-06
-6.98569e-07
-5.70065e-06
-5.45936e-07
-7.71253e-06
-9.57336e-06
-3.52316e-08
4.46257e-06
-1.12489e-07
5.34724e-06
-1.667e-07
5.34579e-06
-2.1447e-07
4.96272e-06
-2.55348e-07
4.34826e-06
-2.93443e-07
3.64637e-06
-3.2875e-07
2.92428e-06
-3.59827e-07
2.21584e-06
-3.84276e-07
1.53203e-06
-3.99243e-07
8.72029e-07
-4.02216e-07
2.30203e-07
-3.9207e-07
-3.98732e-07
-3.71448e-07
-1.01882e-06
-3.49537e-07
-1.63741e-06
-3.44248e-07
-2.28241e-06
-3.73751e-07
-3.04203e-06
-4.43641e-07
-4.07775e-06
-4.884e-07
-5.65589e-06
-4.35095e-07
-7.76584e-06
-1.00085e-05
1.37314e-07
4.32525e-06
1.95244e-07
5.28931e-06
2.43975e-07
5.29706e-06
2.66173e-07
4.94053e-06
2.7618e-07
4.33826e-06
2.73666e-07
3.64888e-06
2.61126e-07
2.93682e-06
2.41508e-07
2.23546e-06
2.17815e-07
1.55572e-06
1.92882e-07
8.96962e-07
1.68913e-07
2.54172e-07
1.47048e-07
-3.76866e-07
1.2552e-07
-9.97293e-07
9.74173e-08
-1.60931e-06
4.80946e-08
-2.23309e-06
-4.81274e-08
-2.94581e-06
-1.81506e-07
-3.94437e-06
-3.09066e-07
-5.52833e-06
-3.57758e-07
-7.71715e-06
-1.03662e-05
2.92917e-07
4.03234e-06
4.80407e-07
5.10182e-06
6.29616e-07
5.14785e-06
7.28813e-07
4.84133e-06
7.96514e-07
4.27056e-06
8.37092e-07
3.6083e-06
8.54916e-07
2.919e-06
8.53849e-07
2.23652e-06
8.36848e-07
1.57273e-06
8.05909e-07
9.27901e-07
7.6212e-07
2.97961e-07
7.05942e-07
-3.20689e-07
6.36462e-07
-9.27813e-07
5.49592e-07
-1.52244e-06
4.34405e-07
-2.1179e-06
2.75936e-07
-2.78734e-06
7.35731e-08
-3.74201e-06
-1.50218e-07
-5.30454e-06
-2.83249e-07
-7.58411e-06
-1.06495e-05
4.43217e-07
3.58912e-06
7.53101e-07
4.79194e-06
9.88623e-07
4.91233e-06
1.1705e-06
4.65945e-06
1.3045e-06
4.13656e-06
1.39788e-06
3.51492e-06
1.45567e-06
2.86121e-06
1.48183e-06
2.21036e-06
1.4787e-06
1.57586e-06
1.44713e-06
9.59469e-07
1.3866e-06
3.5849e-07
1.29617e-06
-2.30263e-07
1.17549e-06
-8.07127e-07
1.02314e-06
-1.3701e-06
8.35008e-07
-1.92977e-06
6.00291e-07
-2.55262e-06
3.04905e-07
-3.44663e-06
-2.13819e-08
-4.97825e-06
-2.05865e-07
-7.39963e-06
-1.08553e-05
5.57243e-07
3.03188e-06
9.71404e-07
4.37778e-06
1.29812e-06
4.58561e-06
1.57488e-06
4.3827e-06
1.78893e-06
3.92251e-06
1.94891e-06
3.35494e-06
2.05894e-06
2.75117e-06
2.12246e-06
2.14684e-06
2.14116e-06
1.55717e-06
2.11491e-06
9.85711e-07
2.04177e-06
4.31639e-07
1.91858e-06
-1.07075e-07
1.74622e-06
-6.34764e-07
1.5253e-06
-1.14918e-06
1.2583e-06
-1.66277e-06
9.40986e-07
-2.23531e-06
5.61978e-07
-3.06762e-06
1.79495e-07
-4.59577e-06
-6.17991e-08
-7.15834e-06
-1.09171e-05
6.40525e-07
2.39135e-06
1.14457e-06
3.87373e-06
1.56531e-06
4.16488e-06
1.93469e-06
4.01332e-06
2.23839e-06
3.6188e-06
2.47674e-06
3.11659e-06
2.65079e-06
2.57713e-06
2.76225e-06
2.03538e-06
2.81154e-06
1.50788e-06
2.79766e-06
9.99587e-07
2.71799e-06
5.11317e-07
2.5668e-06
4.41164e-08
2.34663e-06
-4.14598e-07
2.05976e-06
-8.62314e-07
1.71305e-06
-1.31605e-06
1.31199e-06
-1.83425e-06
8.52485e-07
-2.60812e-06
4.01769e-07
-4.14505e-06
8.53922e-08
-6.84196e-06
-1.08317e-05
6.08125e-07
1.78323e-06
1.17211e-06
3.30975e-06
1.70424e-06
3.63275e-06
2.19044e-06
3.52712e-06
2.60646e-06
3.20277e-06
2.94389e-06
2.77916e-06
3.19963e-06
2.32139e-06
3.37339e-06
1.86162e-06
3.46464e-06
1.41663e-06
3.47212e-06
9.92111e-07
3.39325e-06
5.90184e-07
3.22925e-06
2.08113e-07
2.97245e-06
-1.57793e-07
2.63396e-06
-5.23824e-07
2.2196e-06
-9.01697e-07
1.74401e-06
-1.35866e-06
1.21192e-06
-2.07603e-06
6.82725e-07
-3.61586e-06
2.5607e-07
-6.4153e-06
-1.05757e-05
4.65712e-07
1.31751e-06
1.11217e-06
2.66329e-06
1.75713e-06
2.98779e-06
2.36064e-06
2.92361e-06
2.89095e-06
2.67247e-06
3.33208e-06
2.33803e-06
3.67605e-06
1.97742e-06
3.91985e-06
1.61782e-06
4.06296e-06
1.27352e-06
4.10532e-06
9.49757e-07
4.04738e-06
6.48123e-07
3.89108e-06
3.64413e-07
3.63274e-06
1.00542e-07
3.28212e-06
-1.73207e-07
2.83996e-06
-4.59535e-07
2.32404e-06
-8.42739e-07
1.74018e-06
-1.49216e-06
1.11903e-06
-2.99471e-06
5.16944e-07
-5.81322e-06
-1.00587e-05
-1.11218e-08
1.32864e-06
6.55403e-07
1.99676e-06
1.45782e-06
2.18537e-06
2.23758e-06
2.14385e-06
2.93088e-06
1.97917e-06
3.51412e-06
1.7548e-06
3.98182e-06
1.50971e-06
4.33157e-06
1.26806e-06
4.56677e-06
1.03833e-06
4.69114e-06
8.25383e-07
4.70933e-06
6.29931e-07
4.62516e-06
4.48586e-07
4.44362e-06
2.82079e-07
4.17759e-06
9.28268e-08
3.80425e-06
-8.61926e-08
3.33819e-06
-3.76683e-07
2.73672e-06
-8.90694e-07
2.02015e-06
-2.27813e-06
1.04185e-06
-4.83492e-06
-9.01686e-06
-5.93879e-07
1.92251e-06
2.21389e-07
1.18149e-06
1.27276e-06
1.134e-06
2.27638e-06
1.14022e-06
3.16554e-06
1.09001e-06
3.92898e-06
9.91361e-07
4.56401e-06
8.74681e-07
5.07352e-06
7.5855e-07
5.46227e-06
6.49583e-07
5.73918e-06
5.48468e-07
5.91421e-06
4.54898e-07
5.99443e-06
3.68374e-07
5.99151e-06
2.84996e-07
5.88759e-06
1.96744e-07
5.69643e-06
1.04965e-07
5.40873e-06
-8.89808e-08
4.93234e-06
-4.14301e-07
4.14739e-06
-1.49319e-06
2.46195e-06
-3.14948e-06
-6.55491e-06
1.92251e-06
3.10401e-06
4.23801e-06
5.37823e-06
6.46824e-06
7.45961e-06
8.33429e-06
9.09284e-06
9.74242e-06
1.02909e-05
1.07458e-05
1.11142e-05
1.13992e-05
1.15959e-05
1.17009e-05
1.16119e-05
1.11976e-05
9.70439e-06
6.55491e-06
)
;

boundaryField
{
    movingWall
    {
        type            calculated;
        value           uniform 0;
    }
    fixedWalls
    {
        type            calculated;
        value           uniform 0;
    }
    frontAndBack
    {
        type            empty;
    }
}


// ************************************************************************* //
