/*--------------------------------*- C++ -*----------------------------------*\
  =========                 |
  \\      /  F ield         | OpenFOAM: The Open Source CFD Toolbox
   \\    /   O peration     | Website:  https://openfoam.org
    \\  /    A nd           | Version:  11
     \\/     M anipulation  |
\*---------------------------------------------------------------------------*/
FoamFile
{
    format      ascii;
    class       volVectorField;
    location    "4.5";
    object      U;
}
// * * * * * * * * * * * * * * * * * * * * * * * * * * * * * * * * * * * * * //

dimensions      [0 1 -1 0 0 0 0];

internalField   nonuniform List<vector> 
400
(
(0.00172248 -0.00212466 0)
(0.00409361 -0.00113292 0)
(-0.0015639 0.000628079 0)
(-0.0103667 0.00453244 0)
(-0.0350545 0.0114621 0)
(-0.059744 0.011091 0)
(-0.0800141 0.00967977 0)
(-0.0974217 0.00781482 0)
(-0.110437 0.0060432 0)
(-0.120484 0.00423508 0)
(-0.126797 0.00242887 0)
(-0.129729 0.000796698 0)
(-0.129922 -0.00174773 0)
(-0.125211 -0.00392771 0)
(-0.116733 -0.00693907 0)
(-0.102289 -0.0094418 0)
(-0.0827962 -0.0123144 0)
(-0.0577736 -0.0138879 0)
(-0.0300073 -0.0122198 0)
(-0.0060964 -0.00325082 0)
(-0.000109747 -0.00433527 0)
(-0.00641258 0.00451028 0)
(-0.0227299 0.0168681 0)
(-0.0475559 0.030648 0)
(-0.0682907 0.0329066 0)
(-0.0863715 0.0306342 0)
(-0.100827 0.0265671 0)
(-0.112783 0.0219021 0)
(-0.121711 0.0168776 0)
(-0.129081 0.0116548 0)
(-0.133279 0.00682393 0)
(-0.135149 0.00189255 0)
(-0.133833 -0.00340592 0)
(-0.129605 -0.0094043 0)
(-0.12173 -0.0166118 0)
(-0.109651 -0.0252892 0)
(-0.0927573 -0.03482 0)
(-0.0709947 -0.0431253 0)
(-0.0440009 -0.044568 0)
(-0.0154012 -0.027327 0)
(-0.00454477 0.0049289 0)
(-0.0210211 0.0239963 0)
(-0.0424743 0.040467 0)
(-0.0620566 0.0485868 0)
(-0.0770869 0.0480033 0)
(-0.0897864 0.0435543 0)
(-0.0996666 0.0369252 0)
(-0.107798 0.0295251 0)
(-0.113813 0.0222487 0)
(-0.117362 0.0154072 0)
(-0.118959 0.00833646 0)
(-0.118812 0.00114925 0)
(-0.11709 -0.00654771 0)
(-0.113286 -0.0150232 0)
(-0.107042 -0.0250016 0)
(-0.0977901 -0.0368591 0)
(-0.0847998 -0.0507752 0)
(-0.0675966 -0.0655809 0)
(-0.0446983 -0.075518 0)
(-0.0192326 -0.0635405 0)
(-0.00824946 0.0220036 0)
(-0.0277004 0.0439798 0)
(-0.0470611 0.0580012 0)
(-0.0619948 0.0626259 0)
(-0.0728689 0.0596795 0)
(-0.0817031 0.0531766 0)
(-0.0881821 0.0446864 0)
(-0.0930765 0.035603 0)
(-0.0961048 0.0264524 0)
(-0.097792 0.0175242 0)
(-0.0981856 0.00883881 0)
(-0.0974154 0.000168433 0)
(-0.0954505 -0.00898571 0)
(-0.092111 -0.0191638 0)
(-0.0872893 -0.0311333 0)
(-0.080573 -0.0455712 0)
(-0.0711341 -0.0627937 0)
(-0.0579504 -0.0818726 0)
(-0.0390213 -0.0981037 0)
(-0.0180384 -0.0946709 0)
(-0.00922276 0.0395975 0)
(-0.0274831 0.0614206 0)
(-0.0434337 0.0723543 0)
(-0.0547463 0.073742 0)
(-0.0628503 0.0683641 0)
(-0.0690346 0.059784 0)
(-0.0732672 0.049538 0)
(-0.0761786 0.0388482 0)
(-0.0777614 0.0282819 0)
(-0.0783331 0.0181424 0)
(-0.0778963 0.00834407 0)
(-0.0765917 -0.00135504 0)
(-0.0744535 -0.0114132 0)
(-0.0715108 -0.0225153 0)
(-0.0677773 -0.0355769 0)
(-0.0630511 -0.0516149 0)
(-0.0566526 -0.0714532 0)
(-0.0470556 -0.0948436 0)
(-0.0320008 -0.11696 0)
(-0.0163262 -0.12075 0)
(-0.0079562 0.0556443 0)
(-0.0238403 0.0767479 0)
(-0.0359217 0.0840565 0)
(-0.0446956 0.0824637 0)
(-0.0508023 0.0747738 0)
(-0.0552148 0.0643049 0)
(-0.0580863 0.052543 0)
(-0.0599169 0.0406122 0)
(-0.0607635 0.0290266 0)
(-0.0607863 0.017973 0)
(-0.0599908 0.00732746 0)
(-0.0584834 -0.00313818 0)
(-0.0563546 -0.0138213 0)
(-0.0537405 -0.0254197 0)
(-0.0507741 -0.0389404 0)
(-0.0474344 -0.0556643 0)
(-0.0433002 -0.076855 0)
(-0.0369605 -0.103073 0)
(-0.0268099 -0.131746 0)
(-0.0116062 -0.142285 0)
(-0.00660839 0.0696708 0)
(-0.0185596 0.0888379 0)
(-0.0273219 0.093285 0)
(-0.0340445 0.0891706 0)
(-0.038501 0.0795215 0)
(-0.0416914 0.0674959 0)
(-0.0437602 0.054569 0)
(-0.0450546 0.0417119 0)
(-0.0456161 0.0293292 0)
(-0.0455182 0.0175189 0)
(-0.0447551 0.0061674 0)
(-0.0433737 -0.00493157 0)
(-0.0414559 -0.0161249 0)
(-0.0391802 -0.0280262 0)
(-0.0367875 -0.041673 0)
(-0.034409 -0.0585975 0)
(-0.031835 -0.080504 0)
(-0.0276314 -0.108853 0)
(-0.0218236 -0.141909 0)
(-0.00963294 -0.160133 0)
(-0.00438503 0.080119 0)
(-0.0127608 0.0979348 0)
(-0.0187694 0.100181 0)
(-0.0235908 0.0940795 0)
(-0.0266674 0.0829949 0)
(-0.0289571 0.0698528 0)
(-0.0305116 0.0560966 0)
(-0.0315449 0.0425597 0)
(-0.0320695 0.0295617 0)
(-0.0320937 0.017146 0)
(-0.031583 0.00519879 0)
(-0.0305368 -0.00646038 0)
(-0.0290069 -0.0181057 0)
(-0.0271668 -0.0302236 0)
(-0.0253245 -0.0437845 0)
(-0.0237614 -0.0605007 0)
(-0.0224931 -0.08253 0)
(-0.0201164 -0.112325 0)
(-0.0177281 -0.148893 0)
(-0.0067587 -0.174612 0)
(-0.00257463 0.086744 0)
(-0.00713178 0.103691 0)
(-0.010667 0.104583 0)
(-0.0136257 0.097355 0)
(-0.0154843 0.0854001 0)
(-0.0170081 0.0715752 0)
(-0.0181409 0.0573034 0)
(-0.0189969 0.0433248 0)
(-0.0195524 0.0298988 0)
(-0.0197718 0.0170308 0)
(-0.0195971 0.00460273 0)
(-0.0189967 -0.00753444 0)
(-0.017997 -0.0195732 0)
(-0.0167467 -0.0318581 0)
(-0.0155601 -0.0452106 0)
(-0.0147872 -0.06143 0)
(-0.0147698 -0.083207 0)
(-0.0138412 -0.113993 0)
(-0.0145816 -0.153155 0)
(-0.00521992 -0.186511 0)
(0.000114992 0.089721 0)
(-0.00181287 0.106983 0)
(-0.00305201 0.106988 0)
(-0.00416768 0.0991108 0)
(-0.00487824 0.086804 0)
(-0.00562905 0.0726973 0)
(-0.00630441 0.0582087 0)
(-0.00693937 0.0440217 0)
(-0.00747975 0.0303589 0)
(-0.00786646 0.0172041 0)
(-0.00803497 0.00444036 0)
(-0.00793914 -0.00805214 0)
(-0.00758782 -0.020385 0)
(-0.00710118 -0.0327647 0)
(-0.00676791 -0.0458342 0)
(-0.00689869 -0.0613694 0)
(-0.00835311 -0.0825533 0)
(-0.00844654 -0.11396 0)
(-0.0121508 -0.155023 0)
(-0.00323629 -0.196211 0)
(0.00194098 0.0886465 0)
(0.00316999 0.107022 0)
(0.0042118 0.10695 0)
(0.0048837 0.0993746 0)
(0.00531169 0.0871241 0)
(0.00542295 0.073134 0)
(0.00531575 0.0587249 0)
(0.00501745 0.044566 0)
(0.00459826 0.0308731 0)
(0.00412311 0.0176275 0)
(0.003648 0.00472179 0)
(0.00321234 -0.00793875 0)
(0.00281361 -0.0203975 0)
(0.00237053 -0.0327385 0)
(0.00164349 -0.0454348 0)
(0.000467116 -0.0601549 0)
(-0.00272915 -0.0805712 0)
(-0.00353476 -0.112194 0)
(-0.0103233 -0.155106 0)
(-0.00178623 -0.204143 0)
(0.0036744 0.0851341 0)
(0.00765516 0.105113 0)
(0.0110032 0.105239 0)
(0.0133713 0.0984436 0)
(0.0151733 0.0864863 0)
(0.016294 0.0728472 0)
(0.0169213 0.0587474 0)
(0.0171184 0.0448386 0)
(0.0169595 0.0313374 0)
(0.0165019 0.0182343 0)
(0.0157833 0.00543522 0)
(0.0148209 -0.00713558 0)
(0.013604 -0.0194805 0)
(0.0120884 -0.0315988 0)
(0.0101233 -0.0438115 0)
(0.00763424 -0.0576416 0)
(0.00253437 -0.0771746 0)
(0.00133336 -0.108541 0)
(-0.00901786 -0.153359 0)
(0.000289882 -0.210394 0)
(0.00534352 0.0776096 0)
(0.0119988 0.0997106 0)
(0.0175138 0.101007 0)
(0.0213418 0.0954917 0)
(0.0247114 0.0844673 0)
(0.0270171 0.0715568 0)
(0.0285688 0.0580623 0)
(0.0294454 0.044664 0)
(0.0297092 0.0316127 0)
(0.0293975 0.0189279 0)
(0.0285212 0.00653749 0)
(0.0270637 -0.00561998 0)
(0.0249923 -0.017536 0)
(0.0223034 -0.029179 0)
(0.018906 -0.0407651 0)
(0.0148939 -0.0536944 0)
(0.00792008 -0.0721891 0)
(0.00634562 -0.10315 0)
(-0.00811237 -0.150381 0)
(0.00279257 -0.215158 0)
(0.00676756 0.0679072 0)
(0.0154783 0.0933039 0)
(0.0228137 0.0961301 0)
(0.0285731 0.0912493 0)
(0.0335968 0.0812887 0)
(0.0373877 0.0692591 0)
(0.0401408 0.0565631 0)
(0.041926 0.0439064 0)
(0.0427964 0.0315709 0)
(0.0427721 0.0196023 0)
(0.0418396 0.00795452 0)
(0.0399446 -0.0034264 0)
(0.037028 -0.0145299 0)
(0.0331331 -0.0253749 0)
(0.028179 -0.0361546 0)
(0.0225909 -0.0481156 0)
(0.0137457 -0.0653804 0)
(0.0115576 -0.0960383 0)
(-0.00718256 -0.145806 0)
(0.00667416 -0.2185 0)
(0.00765658 0.0549375 0)
(0.018469 0.082634 0)
(0.0273522 0.0877619 0)
(0.0348983 0.0843853 0)
(0.0416539 0.0759436 0)
(0.0471456 0.0652548 0)
(0.0513537 0.0537763 0)
(0.0542824 0.0422439 0)
(0.0559567 0.0309881 0)
(0.0563805 0.0200996 0)
(0.0555191 0.00957314 0)
(0.0532942 -0.000650576 0)
(0.0496114 -0.0105196 0)
(0.0445982 -0.0201942 0)
(0.0380775 -0.0299333 0)
(0.0309502 -0.040903 0)
(0.0201551 -0.0570818 0)
(0.01733 -0.0879066 0)
(-0.00566739 -0.140958 0)
(0.0116582 -0.220722 0)
(0.0069978 0.0418741 0)
(0.0185544 0.0733193 0)
(0.0291425 0.0796123 0)
(0.0388435 0.0768614 0)
(0.0478524 0.0694568 0)
(0.0554776 0.0600062 0)
(0.061532 0.049849 0)
(0.065929 0.0396631 0)
(0.0686618 0.0297852 0)
(0.0697381 0.0203212 0)
(0.0690985 0.0112906 0)
(0.066761 0.00262385 0)
(0.0625437 -0.00565428 0)
(0.056725 -0.0138355 0)
(0.0488416 -0.0222535 0)
(0.0405145 -0.0321224 0)
(0.027752 -0.0472378 0)
(0.0245999 -0.0785095 0)
(-0.00323925 -0.134744 0)
(0.0183848 -0.221339 0)
(0.00344861 0.028745 0)
(0.0169287 0.0578464 0)
(0.0290595 0.0658794 0)
(0.0410225 0.064774 0)
(0.0523159 0.059276 0)
(0.0621633 0.0517918 0)
(0.0701796 0.0436217 0)
(0.0761892 0.0353799 0)
(0.0801513 0.0274165 0)
(0.0821084 0.0198564 0)
(0.0820004 0.0127469 0)
(0.0799764 0.00600805 0)
(0.075729 -0.00039352 0)
(0.0698923 -0.00683468 0)
(0.0613705 -0.0135312 0)
(0.0527736 -0.0220031 0)
(0.0384528 -0.0358275 0)
(0.0353256 -0.0673133 0)
(0.00132572 -0.126335 0)
(0.0276049 -0.216643 0)
(-0.00582481 0.0243122 0)
(0.00583706 0.0500563 0)
(0.0213987 0.0550615 0)
(0.0368324 0.0536058 0)
(0.051497 0.0489708 0)
(0.0643785 0.0429497 0)
(0.0750609 0.0365741 0)
(0.0833872 0.030317 0)
(0.0893074 0.0243902 0)
(0.0930044 0.0188619 0)
(0.0944363 0.0137777 0)
(0.0939307 0.00908252 0)
(0.0910328 0.00478323 0)
(0.086935 0.00042091 0)
(0.0796218 -0.00418589 0)
(0.0727899 -0.0108632 0)
(0.0580838 -0.0230753 0)
(0.0548311 -0.0537518 0)
(0.0137757 -0.112718 0)
(0.043249 -0.196721 0)
(-0.0136702 0.0318416 0)
(-0.00636123 0.0247499 0)
(0.0152703 0.0274274 0)
(0.0356337 0.0283676 0)
(0.0542728 0.027071 0)
(0.070876 0.0244434 0)
(0.0849995 0.021274 0)
(0.0965754 0.018109 0)
(0.105672 0.0150592 0)
(0.112393 0.0122524 0)
(0.116923 0.00966515 0)
(0.119533 0.00722967 0)
(0.120071 0.00504415 0)
(0.119255 0.00232132 0)
(0.11543 -0.000166771 0)
(0.111618 -0.00573883 0)
(0.0996359 -0.0150489 0)
(0.0963375 -0.0413031 0)
(0.0526251 -0.0879645 0)
(0.0754044 -0.150841 0)
(0.0415978 0.0396347 0)
(0.0472996 0.0285327 0)
(0.0700201 0.0240493 0)
(0.0957895 0.0225847 0)
(0.11826 0.0213397 0)
(0.13867 0.0196395 0)
(0.157415 0.0177109 0)
(0.173846 0.0157646 0)
(0.188363 0.0140217 0)
(0.200336 0.0124123 0)
(0.210741 0.0109605 0)
(0.218648 0.00971209 0)
(0.225454 0.00838371 0)
(0.229598 0.00736388 0)
(0.233024 0.00573573 0)
(0.232383 0.00347714 0)
(0.226608 0.0022018 0)
(0.214036 -0.00793969 0)
(0.165925 -0.0134233 0)
(0.145207 -0.0686705 0)
)
;

boundaryField
{
    movingWall
    {
        type            fixedValue;
        value           uniform (1 0 0);
    }
    fixedWalls
    {
        type            noSlip;
    }
    frontAndBack
    {
        type            empty;
    }
}


// ************************************************************************* //
