/*--------------------------------*- C++ -*----------------------------------*\
  =========                 |
  \\      /  F ield         | OpenFOAM: The Open Source CFD Toolbox
   \\    /   O peration     | Website:  https://openfoam.org
    \\  /    A nd           | Version:  11
     \\/     M anipulation  |
\*---------------------------------------------------------------------------*/
FoamFile
{
    format      ascii;
    class       volScalarField;
    location    "6";
    object      epsilon;
}
// * * * * * * * * * * * * * * * * * * * * * * * * * * * * * * * * * * * * * //

dimensions      [0 2 -3 0 0 0 0];

internalField   nonuniform List<scalar> 
400
(
1.20714e-05
3.12554e-05
0.000160945
0.000448093
0.000690632
0.000861439
0.000996414
0.00112404
0.00123497
0.00134699
0.00145202
0.00156145
0.00167189
0.00175041
0.00178712
0.00179264
0.00167312
0.0013296
0.000814481
0.000585081
5.7002e-05
0.000158285
0.000487905
0.000828978
0.000928209
0.000973233
0.000989961
0.00103672
0.00108274
0.00116477
0.00126466
0.00139555
0.00155105
0.00173602
0.00194258
0.00215596
0.00226095
0.00227647
0.00183472
0.00123558
0.00021469
0.000552122
0.000847683
0.00091725
0.000928634
0.0009362
0.000936537
0.000976813
0.00103756
0.00111651
0.00120479
0.00130414
0.00141858
0.0015615
0.00173799
0.00195374
0.00215205
0.00223688
0.00209082
0.00162003
0.000482992
0.000855092
0.000927339
0.000897989
0.000879678
0.000858807
0.000857962
0.000894482
0.000930082
0.000971296
0.00101613
0.0010781
0.00117144
0.00130669
0.00150723
0.00178337
0.00209004
0.00222892
0.00221454
0.00186667
0.000745076
0.000989471
0.000915737
0.000837775
0.000780544
0.000753651
0.00074363
0.000741477
0.000738738
0.000738377
0.000751933
0.00079084
0.000871229
0.00101271
0.00124687
0.00160232
0.00207413
0.00236389
0.00240511
0.00205444
0.000916788
0.00100292
0.000871235
0.000747429
0.000685026
0.000645126
0.0006117
0.000577085
0.000540873
0.000517808
0.000509774
0.000525631
0.000592369
0.00072797
0.000976063
0.00139213
0.00201192
0.00254238
0.0026746
0.0022036
0.000959375
0.000972363
0.000790171
0.000665393
0.000599179
0.000546948
0.000494253
0.000438814
0.000386015
0.000349743
0.000334487
0.00033426
0.000382418
0.000496422
0.000728359
0.00116454
0.00189884
0.00272187
0.00298698
0.00232071
0.000945709
0.000903532
0.000712711
0.000595988
0.000528487
0.000468313
0.000404832
0.000340849
0.000284346
0.000244254
0.000225131
0.000220873
0.000249857
0.000335233
0.000529551
0.000943983
0.00173041
0.00284849
0.00336516
0.00241351
0.000907844
0.000815825
0.000643451
0.00053904
0.000473756
0.000410983
0.000344244
0.000279666
0.000225636
0.000187421
0.000168143
0.000162778
0.000179564
0.00023704
0.000388724
0.000759162
0.00157184
0.00290124
0.00374345
0.00247796
0.000829333
0.000741264
0.000587867
0.000495693
0.000434154
0.000372465
0.000307228
0.000245978
0.000196372
0.000161855
0.000143099
0.000137569
0.000148161
0.000187725
0.000299114
0.000614325
0.00141185
0.00291572
0.0041455
0.00252114
0.000747315
0.000674043
0.000540543
0.000460111
0.000404079
0.000347005
0.000286773
0.000230604
0.000185973
0.000154811
0.000136324
0.000130459
0.000137982
0.000166991
0.000253436
0.000513799
0.00126355
0.00289713
0.00451342
0.00254069
0.000676616
0.000631621
0.000510577
0.000437217
0.000385655
0.000332979
0.000277814
0.000228181
0.000187512
0.000158013
0.000139847
0.000133052
0.000137796
0.000161484
0.000234759
0.000458438
0.00113896
0.00285396
0.00483683
0.00254686
0.000599996
0.000586767
0.000489181
0.000417531
0.000369393
0.000323398
0.000276689
0.00023138
0.000194051
0.000167138
0.000149783
0.000143196
0.000147205
0.000166904
0.000230884
0.000435054
0.00106248
0.00281096
0.00501048
0.00253719
0.000530923
0.000567825
0.000489694
0.000418116
0.000369681
0.000324835
0.000280423
0.000239518
0.00020636
0.000181762
0.00016503
0.000159325
0.000163746
0.000183514
0.000243889
0.000432024
0.0010304
0.00278493
0.0050753
0.00251818
0.000450315
0.000536171
0.000491873
0.000425803
0.000377302
0.000333273
0.000291157
0.000253586
0.000222924
0.000200449
0.000184406
0.00018104
0.000186933
0.000209931
0.000275153
0.000465894
0.00103025
0.00277833
0.00499519
0.00248881
0.000373791
0.000517525
0.000501115
0.000452796
0.000403168
0.000358105
0.000315966
0.000278615
0.000247743
0.000225631
0.000210184
0.000210696
0.000220149
0.000251863
0.000334297
0.000557374
0.00113739
0.00286348
0.00469634
0.00240361
0.000284033
0.000453579
0.00050035
0.000490148
0.000458834
0.000414106
0.000369535
0.000329617
0.000296932
0.000274012
0.000263938
0.000269332
0.000290282
0.000347935
0.000480162
0.000805279
0.00146796
0.00314408
0.00420134
0.00228355
0.000196623
0.000408974
0.000548878
0.000599959
0.000595289
0.000565382
0.000516396
0.00047369
0.000440961
0.000433055
0.000444759
0.000482682
0.00056385
0.000719558
0.00101487
0.00169302
0.00251546
0.00382898
0.0039381
0.00210277
0.000238818
0.000432202
0.000760329
0.000923274
0.000996564
0.00101778
0.00102666
0.00104924
0.00110294
0.0012117
0.00138979
0.00166336
0.00203025
0.00262854
0.00334675
0.00443949
0.00498952
0.00470889
0.00393001
0.0018506
0.000173687
0.000278788
0.000519365
0.000745658
0.000934924
0.00106139
0.00113821
0.00119235
0.00122417
0.00125939
0.00128147
0.00132399
0.00135596
0.00142417
0.0014707
0.00156808
0.00165281
0.00174929
0.00173296
0.00155538
)
;

boundaryField
{
    movingWall
    {
        type            epsilonWallFunction;
        value           nonuniform List<scalar> 
20
(
0.000173687
0.000278788
0.000519365
0.000745658
0.000934924
0.00106139
0.00113821
0.00119235
0.00122417
0.00125939
0.00128147
0.00132399
0.00135596
0.00142417
0.0014707
0.00156808
0.00165281
0.00174929
0.00173296
0.00155538
)
;
    }
    fixedWalls
    {
        type            epsilonWallFunction;
        value           nonuniform List<scalar> 
60
(
1.20714e-05
5.7002e-05
0.00021469
0.000482992
0.000745076
0.000916788
0.000959375
0.000945709
0.000907844
0.000829333
0.000747315
0.000676616
0.000599996
0.000530923
0.000450315
0.000373791
0.000284033
0.000196623
0.000238818
0.000173687
0.000585081
0.00123558
0.00162003
0.00186667
0.00205444
0.0022036
0.00232071
0.00241351
0.00247796
0.00252114
0.00254069
0.00254686
0.00253719
0.00251818
0.00248881
0.00240361
0.00228355
0.00210277
0.0018506
0.00155538
1.20714e-05
3.12554e-05
0.000160945
0.000448093
0.000690632
0.000861439
0.000996414
0.00112404
0.00123497
0.00134699
0.00145202
0.00156145
0.00167189
0.00175041
0.00178712
0.00179264
0.00167312
0.0013296
0.000814481
0.000585081
)
;
    }
    frontAndBack
    {
        type            empty;
    }
}


// ************************************************************************* //
