/*--------------------------------*- C++ -*----------------------------------*\
  =========                 |
  \\      /  F ield         | OpenFOAM: The Open Source CFD Toolbox
   \\    /   O peration     | Website:  https://openfoam.org
    \\  /    A nd           | Version:  11
     \\/     M anipulation  |
\*---------------------------------------------------------------------------*/
FoamFile
{
    format      ascii;
    class       volScalarField;
    location    "6";
    object      k;
}
// * * * * * * * * * * * * * * * * * * * * * * * * * * * * * * * * * * * * * //

dimensions      [0 2 -2 0 0 0 0];

internalField   nonuniform List<scalar> 
400
(
3.77614e-06
9.79429e-06
5.04775e-05
0.000140315
0.000216062
0.000269399
0.000311558
0.000351428
0.000386073
0.000421072
0.000453881
0.000488071
0.000522569
0.000547092
0.000558554
0.000560271
0.000522901
0.000415543
0.000254571
0.000182883
1.78373e-05
6.59326e-05
0.000163557
0.000324018
0.000400193
0.000486471
0.000535221
0.000603178
0.000658329
0.000721418
0.000781209
0.000843177
0.000899815
0.000958175
0.00101107
0.00103739
0.00104411
0.000944283
0.000629569
0.000386106
6.71574e-05
0.000230651
0.000409626
0.000513577
0.000578552
0.000643276
0.000687625
0.000744303
0.000792687
0.000844386
0.000889991
0.00093439
0.000975839
0.0010231
0.00107068
0.00110629
0.00111822
0.00107105
0.000784271
0.000506174
0.000151124
0.00043593
0.000549411
0.000603939
0.000650205
0.000691458
0.000725617
0.000766823
0.000802618
0.000838617
0.000870008
0.000901084
0.000939783
0.000990302
0.00105525
0.00112378
0.00115634
0.00115801
0.000927024
0.000583202
0.000233165
0.000555486
0.000611873
0.000630319
0.00065857
0.000687542
0.000714378
0.000740153
0.000752913
0.000758805
0.000765368
0.000785797
0.000826198
0.000892072
0.00099177
0.00112136
0.0012133
0.0012355
0.00105746
0.000641839
0.00028684
0.00060367
0.000622131
0.000628042
0.000650986
0.000667325
0.000672394
0.000666423
0.000647107
0.000635361
0.000631405
0.000642666
0.000681479
0.000756229
0.000880799
0.00106157
0.00125035
0.00132534
0.00119832
0.000688416
0.000300137
0.000600199
0.000615906
0.000618191
0.000627191
0.000624754
0.000607604
0.000579994
0.000547094
0.000524903
0.000515807
0.000518863
0.000552572
0.000626096
0.000759818
0.000974224
0.00125975
0.00141071
0.00133419
0.00072498
0.000295858
0.000586133
0.000599617
0.000596457
0.000594998
0.000580311
0.000549671
0.000510666
0.000472046
0.000445426
0.00043375
0.000432962
0.000459153
0.000523063
0.000650066
0.000876889
0.00122246
0.00148499
0.00147883
0.000753954
0.000284009
0.000555527
0.000572099
0.000569999
0.000564575
0.000543266
0.000506099
0.000462986
0.000423728
0.000396027
0.000382668
0.00038031
0.000399208
0.000451272
0.000562108
0.000779789
0.00115198
0.0015407
0.00160589
0.00077407
0.000259447
0.000526836
0.00054534
0.00054541
0.000538798
0.000515103
0.000476724
0.0004339
0.000396277
0.000369334
0.000354812
0.000351524
0.000364949
0.000405983
0.000501601
0.000703537
0.00108123
0.00156657
0.00173418
0.000787548
0.000233792
0.000488007
0.000515766
0.00052035
0.000515803
0.000494377
0.000458126
0.000418094
0.000383004
0.000357447
0.000342546
0.000339377
0.000349617
0.000383294
0.000463954
0.000647185
0.00101982
0.00157492
0.00184351
0.000793648
0.000211676
0.000454175
0.000492962
0.000500124
0.000497021
0.000479859
0.000446877
0.000410711
0.000378817
0.000354973
0.000340117
0.000337096
0.000345518
0.000375273
0.000446681
0.000611025
0.000966459
0.00157539
0.00193552
0.000795574
0.000187708
0.000410433
0.000464861
0.0004781
0.000477634
0.000466648
0.000440429
0.000408664
0.000380109
0.000357856
0.000343697
0.000341587
0.000348907
0.000375311
0.000441868
0.00059525
0.000923202
0.00156422
0.00198057
0.000792553
0.000166099
0.000381533
0.000448287
0.000465858
0.000464831
0.000456192
0.000435682
0.000409551
0.000384242
0.0003646
0.000351787
0.000351694
0.000359636
0.000386192
0.000449397
0.000592776
0.000902552
0.00154741
0.00199519
0.000786622
0.000140882
0.000334648
0.000419751
0.000450204
0.000455366
0.000450386
0.000436444
0.000413589
0.000391852
0.000374634
0.000364234
0.000365644
0.000375758
0.000404795
0.00046934
0.000610308
0.00089749
0.00152798
0.00194411
0.000777425
0.000116934
0.000306551
0.000404957
0.000447149
0.000459602
0.000455963
0.000444487
0.000424524
0.000405192
0.000389074
0.00038131
0.000384334
0.000397397
0.000431203
0.000501819
0.00065493
0.000918763
0.00151918
0.00184345
0.000750813
8.88437e-05
0.000243971
0.000367022
0.000445935
0.000474914
0.000474484
0.000466962
0.000449907
0.000431979
0.000416708
0.000413104
0.000418871
0.0004377
0.000483935
0.000570124
0.000760316
0.00101198
0.00153355
0.00166964
0.000713275
6.14794e-05
0.000223905
0.000379231
0.000476169
0.000529102
0.000535524
0.000531101
0.000519022
0.000504899
0.000499954
0.000506574
0.000527455
0.000571068
0.000658997
0.00078852
0.00106549
0.00133417
0.00162998
0.0014922
0.000656782
7.46636e-05
0.0002505
0.000446051
0.000561268
0.000643499
0.00067922
0.000704888
0.000727864
0.000764794
0.000813203
0.000890746
0.000992825
0.00113316
0.00133193
0.00155867
0.00187434
0.00193743
0.00179005
0.00139686
0.000577963
5.42938e-05
8.71484e-05
0.000162357
0.000233087
0.000292254
0.000331755
0.000355749
0.000372623
0.000382536
0.000393497
0.000400363
0.000413599
0.000423558
0.000444809
0.000459316
0.00048969
0.000516144
0.000546277
0.000541178
0.00048572
)
;

boundaryField
{
    movingWall
    {
        type            kqRWallFunction;
        value           nonuniform List<scalar> 
20
(
5.42938e-05
8.71484e-05
0.000162357
0.000233087
0.000292254
0.000331755
0.000355749
0.000372623
0.000382536
0.000393497
0.000400363
0.000413599
0.000423558
0.000444809
0.000459316
0.00048969
0.000516144
0.000546277
0.000541178
0.00048572
)
;
    }
    fixedWalls
    {
        type            kqRWallFunction;
        value           nonuniform List<scalar> 
60
(
3.77614e-06
1.78373e-05
6.71574e-05
0.000151124
0.000233165
0.00028684
0.000300137
0.000295858
0.000284009
0.000259447
0.000233792
0.000211676
0.000187708
0.000166099
0.000140882
0.000116934
8.88437e-05
6.14794e-05
7.46636e-05
5.42938e-05
0.000182883
0.000386106
0.000506174
0.000583202
0.000641839
0.000688416
0.00072498
0.000753954
0.00077407
0.000787548
0.000793648
0.000795574
0.000792553
0.000786622
0.000777425
0.000750813
0.000713275
0.000656782
0.000577963
0.00048572
3.77614e-06
9.79429e-06
5.04775e-05
0.000140315
0.000216062
0.000269399
0.000311558
0.000351428
0.000386073
0.000421072
0.000453881
0.000488071
0.000522569
0.000547092
0.000558554
0.000560271
0.000522901
0.000415543
0.000254571
0.000182883
)
;
    }
    frontAndBack
    {
        type            empty;
    }
}


// ************************************************************************* //
