/*--------------------------------*- C++ -*----------------------------------*\
  =========                 |
  \\      /  F ield         | OpenFOAM: The Open Source CFD Toolbox
   \\    /   O peration     | Website:  https://openfoam.org
    \\  /    A nd           | Version:  11
     \\/     M anipulation  |
\*---------------------------------------------------------------------------*/
FoamFile
{
    format      ascii;
    class       volScalarField;
    location    "6";
    object      nut;
}
// * * * * * * * * * * * * * * * * * * * * * * * * * * * * * * * * * * * * * //

dimensions      [0 2 -1 0 0 0 0];

internalField   nonuniform List<scalar> 
400
(
1.06312e-07
2.76225e-07
1.42482e-06
3.95443e-06
6.08349e-06
7.58247e-06
8.76761e-06
9.88857e-06
1.08624e-05
1.18466e-05
1.27688e-05
1.37303e-05
1.47001e-05
1.53894e-05
1.57115e-05
1.57597e-05
1.4708e-05
1.16883e-05
7.16109e-06
5.14483e-06
5.02354e-07
2.47175e-06
4.93455e-06
1.13982e-05
1.55288e-05
2.18846e-05
2.6043e-05
3.15845e-05
3.60251e-05
4.02138e-05
4.34313e-05
4.58496e-05
4.69809e-05
4.75967e-05
4.73615e-05
4.49249e-05
4.33951e-05
3.52521e-05
1.94429e-05
1.08589e-05
1.89068e-06
8.67199e-06
1.7815e-05
2.58801e-05
3.24402e-05
3.97803e-05
4.54382e-05
5.10424e-05
5.45043e-05
5.74725e-05
5.91704e-05
6.02526e-05
6.04148e-05
6.03301e-05
5.93623e-05
5.63789e-05
5.2293e-05
4.6155e-05
2.64764e-05
1.42337e-05
4.25568e-06
2.00015e-05
2.92953e-05
3.65559e-05
4.32534e-05
5.01047e-05
5.52318e-05
5.91644e-05
6.23361e-05
6.51656e-05
6.70411e-05
6.77816e-05
6.78543e-05
6.7547e-05
6.64923e-05
6.37327e-05
5.75781e-05
5.41469e-05
3.49254e-05
1.63988e-05
6.56705e-06
2.80664e-05
3.67955e-05
4.26812e-05
5.00091e-05
5.64509e-05
6.1765e-05
6.64949e-05
6.90623e-05
7.01818e-05
7.01138e-05
7.02707e-05
7.05145e-05
7.07224e-05
7.09974e-05
7.06292e-05
6.3877e-05
5.81166e-05
4.18441e-05
1.80468e-05
8.07704e-06
3.27022e-05
3.99826e-05
4.74953e-05
5.56773e-05
6.2126e-05
6.652e-05
6.92633e-05
6.96786e-05
7.01642e-05
7.0385e-05
7.07182e-05
7.05594e-05
7.07027e-05
7.1535e-05
7.28555e-05
6.99345e-05
6.21809e-05
4.83202e-05
1.93558e-05
8.4507e-06
3.3343e-05
4.32066e-05
5.16903e-05
5.90861e-05
6.42265e-05
6.72256e-05
6.89937e-05
6.97849e-05
7.09011e-05
7.15874e-05
7.24876e-05
7.18591e-05
7.10679e-05
7.13373e-05
7.33507e-05
7.52177e-05
6.58041e-05
5.3635e-05
2.03833e-05
8.33012e-06
3.42209e-05
4.54021e-05
5.37234e-05
6.02891e-05
6.47183e-05
6.71697e-05
6.8858e-05
7.05282e-05
7.31057e-05
7.5212e-05
7.63833e-05
7.59393e-05
7.34521e-05
7.18206e-05
7.33107e-05
7.77252e-05
6.9675e-05
5.8489e-05
2.11974e-05
7.99641e-06
3.40452e-05
4.57793e-05
5.42461e-05
6.05523e-05
6.46313e-05
6.69647e-05
6.89823e-05
7.16158e-05
7.53135e-05
7.83807e-05
7.9969e-05
7.98769e-05
7.73213e-05
7.31544e-05
7.20879e-05
7.59851e-05
7.36373e-05
6.20015e-05
2.17625e-05
7.30483e-06
3.36992e-05
4.553e-05
5.40102e-05
6.01797e-05
6.41129e-05
6.65759e-05
6.88853e-05
7.19713e-05
7.58497e-05
7.91775e-05
8.0841e-05
8.09048e-05
7.90195e-05
7.57046e-05
7.25135e-05
7.45229e-05
7.57525e-05
6.52914e-05
2.21411e-05
6.58259e-06
3.17986e-05
4.42913e-05
5.29629e-05
5.92577e-05
6.33904e-05
6.58679e-05
6.82216e-05
7.09903e-05
7.42786e-05
7.74651e-05
7.94573e-05
7.97271e-05
7.91795e-05
7.64403e-05
7.33679e-05
7.40798e-05
7.70537e-05
6.77684e-05
2.23124e-05
5.95995e-06
2.93923e-05
4.28359e-05
5.14872e-05
5.7649e-05
6.22378e-05
6.46941e-05
6.65329e-05
6.88765e-05
7.17692e-05
7.44467e-05
7.68653e-05
7.79736e-05
7.84888e-05
7.64921e-05
7.32959e-05
7.38075e-05
7.82653e-05
6.97072e-05
2.23665e-05
5.28518e-06
2.58381e-05
3.97576e-05
4.9271e-05
5.55834e-05
6.06016e-05
6.30962e-05
6.49607e-05
6.70104e-05
6.89578e-05
7.09792e-05
7.33357e-05
7.44287e-05
7.59552e-05
7.61085e-05
7.32989e-05
7.21966e-05
7.83398e-05
7.046e-05
2.22815e-05
4.67676e-06
2.30724e-05
3.69343e-05
4.67145e-05
5.26025e-05
5.766e-05
6.09213e-05
6.30261e-05
6.43912e-05
6.58223e-05
6.749e-05
6.98696e-05
7.10882e-05
7.3144e-05
7.45263e-05
7.32008e-05
7.11513e-05
7.73819e-05
7.05908e-05
2.21151e-05
3.96676e-06
1.87982e-05
3.22383e-05
4.28402e-05
4.94624e-05
5.47788e-05
5.88805e-05
6.07094e-05
6.19909e-05
6.30161e-05
6.47482e-05
6.64638e-05
6.79784e-05
7.02484e-05
7.20516e-05
7.19539e-05
7.03653e-05
7.56299e-05
6.80977e-05
2.18558e-05
3.29228e-06
1.63425e-05
2.94526e-05
3.97414e-05
4.71542e-05
5.22508e-05
5.62756e-05
5.82162e-05
5.96435e-05
6.03821e-05
6.22585e-05
6.30965e-05
6.45615e-05
6.64418e-05
6.7796e-05
6.92606e-05
6.67944e-05
7.25384e-05
6.51249e-05
2.11077e-05
2.50107e-06
1.18104e-05
2.42299e-05
3.65139e-05
4.42402e-05
4.89299e-05
5.3107e-05
5.52688e-05
5.65603e-05
5.70344e-05
5.81915e-05
5.86295e-05
5.93986e-05
6.05784e-05
6.09247e-05
6.46077e-05
6.27873e-05
6.73202e-05
5.97174e-05
2.00514e-05
1.73008e-06
1.10325e-05
2.35817e-05
3.40129e-05
4.23246e-05
4.56519e-05
4.91602e-05
5.11824e-05
5.20297e-05
5.19468e-05
5.19282e-05
5.18743e-05
5.2054e-05
5.4318e-05
5.51388e-05
6.03505e-05
6.36862e-05
6.24486e-05
5.08875e-05
1.84626e-05
2.10084e-06
1.30669e-05
2.3551e-05
3.0708e-05
3.73967e-05
4.07951e-05
4.35567e-05
4.54432e-05
4.77289e-05
4.91184e-05
5.13809e-05
5.33337e-05
5.69213e-05
6.0742e-05
6.53322e-05
7.12205e-05
6.7707e-05
6.12428e-05
4.46843e-05
1.62454e-05
1.52748e-06
2.45181e-06
4.56787e-06
6.55751e-06
8.22219e-06
9.3326e-06
1.00071e-05
1.04804e-05
1.07584e-05
1.10653e-05
1.12575e-05
1.16283e-05
1.19075e-05
1.25034e-05
1.29105e-05
1.37631e-05
1.45064e-05
1.53534e-05
1.52101e-05
1.36514e-05
)
;

boundaryField
{
    movingWall
    {
        type            nutkWallFunction;
        Cmu             0.09;
        kappa           0.41;
        E               9.8;
        value           uniform 0;
    }
    fixedWalls
    {
        type            nutkWallFunction;
        Cmu             0.09;
        kappa           0.41;
        E               9.8;
        value           uniform 0;
    }
    frontAndBack
    {
        type            empty;
    }
}


// ************************************************************************* //
