/*--------------------------------*- C++ -*----------------------------------*\
  =========                 |
  \\      /  F ield         | OpenFOAM: The Open Source CFD Toolbox
   \\    /   O peration     | Website:  https://openfoam.org
    \\  /    A nd           | Version:  11
     \\/     M anipulation  |
\*---------------------------------------------------------------------------*/
FoamFile
{
    format      ascii;
    class       volScalarField;
    location    "6";
    object      p;
}
// * * * * * * * * * * * * * * * * * * * * * * * * * * * * * * * * * * * * * //

dimensions      [0 2 -2 0 0 0 0];

internalField   nonuniform List<scalar> 
400
(
-5.21099e-09
-6.00406e-05
-0.000138257
-0.0001897
-0.000723165
-0.00183273
-0.00323385
-0.00461882
-0.00575968
-0.00652908
-0.00683616
-0.00659718
-0.00578935
-0.00439424
-0.00240695
6.21114e-05
0.00274452
0.00511225
0.0065725
0.0068755
3.5924e-05
-2.36788e-05
-0.00014769
-0.000548904
-0.00136388
-0.00258345
-0.00396311
-0.00528408
-0.0063756
-0.0071278
-0.00744711
-0.00728518
-0.00661671
-0.00537737
-0.0035702
-0.00125298
0.00135917
0.00383351
0.00559111
0.00628938
0.000211414
-3.61519e-05
-0.000484763
-0.00126994
-0.00241695
-0.00377607
-0.00516006
-0.00642761
-0.00747167
-0.00817645
-0.0084769
-0.00834726
-0.00776059
-0.00670764
-0.00517101
-0.00317265
-0.000826956
0.00159613
0.00363416
0.00465958
0.000111767
-0.000329759
-0.00115354
-0.00233449
-0.00375263
-0.0052244
-0.00660994
-0.00780309
-0.00871781
-0.00930978
-0.00955963
-0.00945283
-0.00896881
-0.0080977
-0.00682821
-0.00516661
-0.00316505
-0.000972295
0.00107269
0.00216384
-0.000466552
-0.00107383
-0.002175
-0.00360663
-0.00515244
-0.00664149
-0.00796238
-0.0090421
-0.00983994
-0.0103431
-0.0105486
-0.0104542
-0.010055
-0.00934752
-0.00832304
-0.00698006
-0.00533888
-0.00347081
-0.00160554
-0.000577402
-0.0015145
-0.00220944
-0.00342753
-0.00492028
-0.00646344
-0.00789057
-0.00910995
-0.0100754
-0.0107727
-0.0112022
-0.01137
-0.0112835
-0.01095
-0.0103734
-0.00955147
-0.00847977
-0.00716402
-0.00564152
-0.00412835
-0.00315653
-0.00279055
-0.00350341
-0.00470019
-0.00613451
-0.00759651
-0.00892033
-0.0100285
-0.0108898
-0.0115018
-0.0118718
-0.0120114
-0.011933
-0.0116492
-0.0111708
-0.0105029
-0.00964353
-0.00859533
-0.00738061
-0.00621334
-0.00535079
-0.00401827
-0.00469255
-0.00580363
-0.00714104
-0.00849425
-0.0097074
-0.0107134
-0.011488
-0.0120332
-0.0123598
-0.0124809
-0.0124105
-0.012163
-0.0117537
-0.0111951
-0.0104909
-0.00964673
-0.00868007
-0.00780285
-0.00704262
-0.00499369
-0.00562183
-0.00662893
-0.00786951
-0.00912038
-0.0102395
-0.0111662
-0.0118782
-0.012378
-0.0126764
-0.0127868
-0.0127222
-0.0124974
-0.0121305
-0.0116406
-0.0110402
-0.0103449
-0.00955195
-0.00888597
-0.00822007
-0.00563897
-0.00619346
-0.00711549
-0.00828484
-0.00945682
-0.0105119
-0.0113897
-0.0120664
-0.0125422
-0.0128265
-0.0129314
-0.0128694
-0.0126546
-0.0123065
-0.0118497
-0.0113054
-0.0107159
-0.0100151
-0.0095201
-0.00888437
-0.00591535
-0.00639962
-0.00725983
-0.00837604
-0.00949975
-0.0105244
-0.0113854
-0.012054
-0.0125264
-0.0128096
-0.012914
-0.012851
-0.0126347
-0.0122853
-0.0118317
-0.0112985
-0.0107821
-0.0100775
-0.00975157
-0.00905011
-0.00581543
-0.00625805
-0.00707255
-0.00815062
-0.00925745
-0.010281
-0.0111536
-0.0118396
-0.0123287
-0.0126239
-0.0127333
-0.0126669
-0.0124389
-0.0120704
-0.0115943
-0.0110502
-0.0105278
-0.00977813
-0.00963934
-0.00871219
-0.00541175
-0.0058323
-0.00660818
-0.00763877
-0.00874572
-0.00978975
-0.0106974
-0.0114238
-0.0119491
-0.0122699
-0.012391
-0.0123205
-0.0120728
-0.0116702
-0.0111505
-0.0105586
-0.00998057
-0.00918025
-0.00917689
-0.00788667
-0.00481498
-0.00519729
-0.00591614
-0.00688433
-0.00798253
-0.00905894
-0.0100218
-0.0108107
-0.0113922
-0.011754
-0.011896
-0.0118238
-0.0115514
-0.0111026
-0.0105203
-0.00984877
-0.00918457
-0.00832572
-0.00833343
-0.00662221
-0.00416941
-0.00447134
-0.00507289
-0.00594383
-0.00700906
-0.00811838
-0.00915032
-0.0100202
-0.0106771
-0.0110965
-0.0112716
-0.0112051
-0.0109075
-0.0104046
-0.0097439
-0.00896567
-0.0081827
-0.00720635
-0.00709999
-0.00496179
-0.0036129
-0.0037383
-0.00413176
-0.00485547
-0.00586693
-0.00700705
-0.00811841
-0.00908598
-0.00983746
-0.0103328
-0.010557
-0.0105077
-0.010199
-0.00964307
-0.00889279
-0.00797585
-0.00701692
-0.00582335
-0.00545326
-0.00270435
-0.00325698
-0.00309042
-0.00317948
-0.00371046
-0.00465059
-0.00581623
-0.00701132
-0.00808789
-0.00894959
-0.00953909
-0.00983251
-0.00982182
-0.00952036
-0.00891651
-0.00806615
-0.00696312
-0.00571862
-0.00412874
-0.00313613
0.000980171
-0.00307957
-0.00248979
-0.00224302
-0.0025778
-0.00344709
-0.00463545
-0.00591351
-0.00710625
-0.00809258
-0.00879503
-0.00917634
-0.00921536
-0.00892055
-0.00829251
-0.00734848
-0.00600686
-0.00433632
-0.00197886
0.000485316
0.00793391
-0.00304739
-0.00195892
-0.00148483
-0.00167818
-0.00248951
-0.00369833
-0.00505172
-0.00634998
-0.00744833
-0.00825974
-0.00873432
-0.00885426
-0.00860513
-0.00796492
-0.00687628
-0.00526312
-0.00301122
0.000855152
0.00659113
0.0194806
-0.00368729
-0.000727211
-0.000142278
-0.000519657
-0.00139413
-0.00265379
-0.00410206
-0.0055113
-0.00671813
-0.00761913
-0.00816183
-0.00831297
-0.00805522
-0.00736194
-0.00619382
-0.00436723
-0.00108487
0.00528811
0.0167541
0.0344582
)
;

boundaryField
{
    movingWall
    {
        type            zeroGradient;
    }
    fixedWalls
    {
        type            zeroGradient;
    }
    frontAndBack
    {
        type            empty;
    }
}


// ************************************************************************* //
