/*--------------------------------*- C++ -*----------------------------------*\
  =========                 |
  \\      /  F ield         | OpenFOAM: The Open Source CFD Toolbox
   \\    /   O peration     | Website:  https://openfoam.org
    \\  /    A nd           | Version:  11
     \\/     M anipulation  |
\*---------------------------------------------------------------------------*/
FoamFile
{
    format      ascii;
    class       surfaceScalarField;
    location    "6";
    object      phi;
}
// * * * * * * * * * * * * * * * * * * * * * * * * * * * * * * * * * * * * * //

dimensions      [0 3 -1 0 0 0 0];

internalField   nonuniform List<scalar> 
760
(
1.63602e-07
-1.63601e-07
2.45818e-09
1.61143e-07
-6.16807e-07
6.19265e-07
-1.75398e-06
1.13717e-06
-3.09428e-06
1.3403e-06
-4.30019e-06
1.20592e-06
-5.32985e-06
1.02966e-06
-6.14847e-06
8.1862e-07
-6.75719e-06
6.08711e-07
-7.16687e-06
4.09687e-07
-7.3932e-06
2.2633e-07
-7.43316e-06
3.99576e-08
-7.27321e-06
-1.59952e-07
-6.91492e-06
-3.58287e-07
-6.29743e-06
-6.17493e-07
-5.39096e-06
-9.06468e-07
-4.14707e-06
-1.24389e-06
-2.60646e-06
-1.54061e-06
-9.87818e-07
-1.61864e-06
-9.87818e-07
-2.43421e-07
7.98199e-08
-1.04627e-06
9.63994e-07
-2.29609e-06
1.86908e-06
-3.54527e-06
2.38635e-06
-4.54289e-06
2.33792e-06
-5.43613e-06
2.09916e-06
-6.16748e-06
1.761e-06
-6.74612e-06
1.39726e-06
-7.18205e-06
1.04465e-06
-7.47589e-06
7.0352e-07
-7.61378e-06
3.64221e-07
-7.57725e-06
3.42537e-09
-7.4066e-06
-3.306e-07
-7.05362e-06
-7.11267e-07
-6.50975e-06
-1.16136e-06
-5.73086e-06
-1.68536e-06
-4.6776e-06
-2.29715e-06
-3.29324e-06
-2.92497e-06
-1.61348e-06
-3.2984e-06
-2.6013e-06
-8.24838e-07
9.04658e-07
-2.00639e-06
2.14554e-06
-3.13299e-06
2.99569e-06
-4.03772e-06
3.29107e-06
-4.79819e-06
3.09839e-06
-5.42932e-06
2.73029e-06
-5.92848e-06
2.26016e-06
-6.29135e-06
1.76013e-06
-6.52689e-06
1.2802e-06
-6.64035e-06
8.16974e-07
-6.65012e-06
3.73989e-07
-6.57667e-06
-7.00223e-08
-6.39391e-06
-5.13358e-07
-6.09346e-06
-1.01171e-06
-5.65995e-06
-1.59487e-06
-5.05736e-06
-2.28795e-06
-4.24934e-06
-3.10517e-06
-3.17141e-06
-4.00291e-06
-1.74967e-06
-4.72014e-06
-4.35096e-06
-1.08238e-06
1.98704e-06
-2.21273e-06
3.27589e-06
-3.14011e-06
3.92308e-06
-3.8365e-06
3.98746e-06
-4.38694e-06
3.64884e-06
-4.80319e-06
3.14654e-06
-5.09947e-06
2.55644e-06
-5.29824e-06
1.95889e-06
-5.41011e-06
1.39208e-06
-5.44969e-06
8.56553e-07
-5.42125e-06
3.45549e-07
-5.33057e-06
-1.60702e-07
-5.16327e-06
-6.80658e-07
-4.91821e-06
-1.25678e-06
-4.585e-06
-1.92808e-06
-4.13708e-06
-2.73587e-06
-3.53554e-06
-3.70671e-06
-2.71743e-06
-4.82101e-06
-1.55818e-06
-5.8794e-06
-5.90914e-06
-1.05976e-06
3.0468e-06
-2.02288e-06
4.23901e-06
-2.76099e-06
4.66118e-06
-3.30037e-06
4.52683e-06
-3.69608e-06
4.04455e-06
-3.96919e-06
3.41966e-06
-4.14851e-06
2.73576e-06
-4.25697e-06
2.06736e-06
-4.30407e-06
1.43917e-06
-4.29857e-06
8.51051e-07
-4.24386e-06
2.90846e-07
-4.14333e-06
-2.61235e-07
-3.99362e-06
-8.30367e-07
-3.79684e-06
-1.45356e-06
-3.54814e-06
-2.17679e-06
-3.22968e-06
-3.05433e-06
-2.80146e-06
-4.13492e-06
-2.19393e-06
-5.42854e-06
-1.3036e-06
-6.76973e-06
-7.21274e-06
-8.89195e-07
3.936e-06
-1.6574e-06
5.00721e-06
-2.23087e-06
5.23465e-06
-2.64211e-06
4.93807e-06
-2.92759e-06
4.33002e-06
-3.11278e-06
3.60486e-06
-3.22643e-06
2.84941e-06
-3.28603e-06
2.12695e-06
-3.3008e-06
1.45394e-06
-3.27637e-06
8.26612e-07
-3.21562e-06
2.30102e-07
-3.12042e-06
-3.56436e-07
-2.99197e-06
-9.58816e-07
-2.83401e-06
-1.61152e-06
-2.64815e-06
-2.36265e-06
-2.42747e-06
-3.27501e-06
-2.14792e-06
-4.41447e-06
-1.73866e-06
-5.8378e-06
-1.05247e-06
-7.45592e-06
-8.26521e-06
-6.80495e-07
4.61649e-06
-1.24351e-06
5.57022e-06
-1.66806e-06
5.6592e-06
-1.96844e-06
5.23846e-06
-2.17283e-06
4.53441e-06
-2.30233e-06
3.73436e-06
-2.37925e-06
2.92633e-06
-2.41634e-06
2.16405e-06
-2.42124e-06
1.45884e-06
-2.39786e-06
8.03231e-07
-2.34742e-06
1.79654e-07
-2.26996e-06
-4.33891e-07
-2.16678e-06
-1.06199e-06
-2.04305e-06
-1.73525e-06
-1.90611e-06
-2.49959e-06
-1.75694e-06
-3.42418e-06
-1.57965e-06
-4.59176e-06
-1.31474e-06
-6.10271e-06
-8.639e-07
-7.90676e-06
-9.12911e-06
-4.41335e-07
5.05783e-06
-8.30878e-07
5.95976e-06
-1.12142e-06
5.94974e-06
-1.32584e-06
5.44288e-06
-1.46641e-06
4.67498e-06
-1.55732e-06
3.82527e-06
-1.61338e-06
2.98239e-06
-1.64266e-06
2.19333e-06
-1.65017e-06
1.46635e-06
-1.6379e-06
7.90969e-07
-1.60546e-06
1.4721e-07
-1.55191e-06
-4.87438e-07
-1.47793e-06
-1.13598e-06
-1.3888e-06
-1.82438e-06
-1.29592e-06
-2.59246e-06
-1.20864e-06
-3.51146e-06
-1.11688e-06
-4.68352e-06
-9.6732e-07
-6.25227e-06
-6.71424e-07
-8.20265e-06
-9.80054e-06
-2.33819e-07
5.29165e-06
-4.46215e-07
6.17216e-06
-6.06517e-07
6.11005e-06
-7.26179e-07
5.56254e-06
-8.12e-07
4.7608e-06
-8.71962e-07
3.88523e-06
-9.13584e-07
3.02401e-06
-9.40252e-07
2.22e-06
-9.54009e-07
1.4801e-06
-9.55125e-07
7.92085e-07
-9.42597e-07
1.34681e-07
-9.15343e-07
-5.14692e-07
-8.7407e-07
-1.17725e-06
-8.23811e-07
-1.87464e-06
-7.76746e-07
-2.63953e-06
-7.47366e-07
-3.54084e-06
-7.32462e-07
-4.69843e-06
-6.84363e-07
-6.30037e-06
-5.38712e-07
-8.3483e-06
-1.03392e-05
-1.8746e-08
5.31039e-06
-8.72328e-08
6.24065e-06
-1.3309e-07
6.1559e-06
-1.69998e-07
5.59945e-06
-2.00884e-07
4.79169e-06
-2.29427e-07
3.91377e-06
-2.56065e-07
3.05065e-06
-2.79315e-07
2.24325e-06
-2.98153e-07
1.49894e-06
-3.11643e-07
8.05575e-07
-3.18938e-07
1.41976e-07
-3.19552e-07
-5.14077e-07
-3.14444e-07
-1.18236e-06
-3.08478e-07
-1.88061e-06
-3.13505e-07
-2.6345e-06
-3.42882e-07
-3.51147e-06
-4.0908e-07
-4.63223e-06
-4.52807e-07
-6.25664e-06
-4.13562e-07
-8.38755e-06
-1.07528e-05
1.74846e-07
5.13555e-06
2.64957e-07
6.15053e-06
3.3912e-07
6.08174e-06
3.71607e-07
5.56696e-06
3.89197e-07
4.7741e-06
3.91824e-07
3.91114e-06
3.82871e-07
3.0596e-06
3.6651e-07
2.25961e-06
3.4562e-07
1.51983e-06
3.2163e-07
8.29565e-07
2.94773e-07
1.68833e-07
2.64586e-07
-4.83891e-07
2.29727e-07
-1.1475e-06
1.86242e-07
-1.83712e-06
1.23407e-07
-2.57166e-06
1.73494e-08
-3.40541e-06
-1.11774e-07
-4.5031e-06
-2.57371e-07
-6.11105e-06
-3.29265e-07
-8.31565e-06
-1.10821e-05
3.55494e-07
4.78005e-06
5.88712e-07
5.91732e-06
7.71304e-07
5.89915e-06
8.87845e-07
5.45042e-06
9.63162e-07
4.69878e-06
1.00536e-06
3.86895e-06
1.02158e-06
3.04338e-06
1.01825e-06
2.26295e-06
9.99623e-07
1.53846e-06
9.67585e-07
8.61603e-07
9.21624e-07
2.14794e-07
8.6038e-07
-4.22647e-07
7.81598e-07
-1.06872e-06
6.81849e-07
-1.73738e-06
5.52831e-07
-2.44265e-06
3.8405e-07
-3.23663e-06
1.61795e-07
-4.28085e-06
-9.05077e-08
-5.85874e-06
-2.407e-07
-8.16546e-06
-1.13228e-05
5.287e-07
4.25135e-06
9.01031e-07
5.54499e-06
1.18458e-06
5.6156e-06
1.38882e-06
5.24619e-06
1.52976e-06
4.55784e-06
1.62116e-06
3.77754e-06
1.67213e-06
2.99241e-06
1.69e-06
2.24507e-06
1.67983e-06
1.54863e-06
1.64367e-06
8.97763e-07
1.5802e-06
2.78263e-07
1.48731e-06
-3.2976e-07
1.36162e-06
-9.43023e-07
1.20001e-06
-1.57577e-06
9.98306e-07
-2.24094e-06
7.47169e-07
-2.98549e-06
4.26205e-07
-3.95989e-06
7.6004e-08
-5.50854e-06
-1.43237e-07
-7.94622e-06
-1.1466e-05
6.67592e-07
3.58376e-06
1.1619e-06
5.05067e-06
1.54583e-06
5.23167e-06
1.85424e-06
4.93777e-06
2.07948e-06
4.3326e-06
2.23711e-06
3.61991e-06
2.33733e-06
2.89219e-06
2.38813e-06
2.19427e-06
2.39516e-06
1.54161e-06
2.36069e-06
9.32233e-07
2.28286e-06
3.5609e-07
2.15847e-06
-2.05371e-07
1.9843e-06
-7.6885e-07
1.75668e-06
-1.34815e-06
1.47414e-06
-1.95841e-06
1.13278e-06
-2.64412e-06
7.17499e-07
-3.5446e-06
2.96371e-07
-5.08742e-06
1.66351e-08
-7.66649e-06
-1.14494e-05
7.71993e-07
2.81177e-06
1.37388e-06
4.44879e-06
1.86434e-06
4.74121e-06
2.28214e-06
4.51998e-06
2.60756e-06
4.00717e-06
2.848e-06
3.37947e-06
3.01251e-06
2.72768e-06
3.10928e-06
2.0975e-06
3.14394e-06
1.50695e-06
3.11911e-06
9.57062e-07
3.03319e-06
4.42016e-07
2.87908e-06
-5.12642e-08
2.65759e-06
-5.4736e-07
2.36321e-06
-1.05377e-06
1.99572e-06
-1.59092e-06
1.55999e-06
-2.2084e-06
1.04637e-06
-3.03098e-06
5.35848e-07
-4.57689e-06
1.47611e-07
-7.27825e-06
-1.13018e-05
7.54078e-07
2.05769e-06
1.43773e-06
3.76514e-06
2.05614e-06
4.12281e-06
2.60577e-06
3.97035e-06
3.05905e-06
3.55389e-06
3.40998e-06
3.02854e-06
3.66356e-06
2.4741e-06
3.82696e-06
1.9341e-06
3.90544e-06
1.42846e-06
3.90203e-06
9.60472e-07
3.81607e-06
5.27977e-07
3.64653e-06
1.18281e-07
3.38245e-06
-2.83287e-07
3.02906e-06
-7.00371e-07
2.58199e-06
-1.14385e-06
2.0554e-06
-1.68181e-06
1.44367e-06
-2.41926e-06
8.34607e-07
-3.96783e-06
3.32665e-07
-6.77631e-06
-1.09691e-05
6.38233e-07
1.41946e-06
1.39317e-06
3.0102e-06
2.15033e-06
3.36565e-06
2.84181e-06
3.27886e-06
3.4327e-06
2.963e-06
3.90919e-06
2.55206e-06
4.26734e-06
2.11594e-06
4.51098e-06
1.69047e-06
4.64596e-06
1.29347e-06
4.67674e-06
9.29698e-07
4.6071e-06
5.97612e-07
4.43961e-06
2.85773e-07
4.15467e-06
1.65593e-09
3.77611e-06
-3.21812e-07
3.28029e-06
-6.48035e-07
2.68752e-06
-1.08904e-06
2.0027e-06
-1.73443e-06
1.2891e-06
-3.25422e-06
6.06624e-07
-6.09383e-06
-1.03625e-05
1.41277e-07
1.27818e-06
9.85815e-07
2.16566e-06
1.91836e-06
2.43311e-06
2.79986e-06
2.39735e-06
3.56717e-06
2.19569e-06
4.19988e-06
1.91936e-06
4.69393e-06
1.62189e-06
5.05041e-06
1.33399e-06
5.27844e-06
1.06545e-06
5.38533e-06
8.22806e-07
5.37775e-06
6.05194e-07
5.26025e-06
4.03266e-07
5.04468e-06
2.17228e-07
4.73214e-06
-9.27213e-09
4.27571e-06
-1.91609e-07
3.70784e-06
-5.21172e-07
2.99986e-06
-1.02645e-06
2.19758e-06
-2.45194e-06
1.14147e-06
-5.03773e-06
-9.22101e-06
-5.83304e-07
1.86148e-06
3.70297e-07
1.21206e-06
1.58546e-06
1.21795e-06
2.72561e-06
1.25721e-06
3.71555e-06
1.20574e-06
4.5491e-06
1.08581e-06
5.23008e-06
9.40908e-07
5.75659e-06
8.07479e-07
6.14549e-06
6.76549e-07
6.40249e-06
5.65805e-07
6.55249e-06
4.55196e-07
6.59238e-06
3.63381e-07
6.54403e-06
2.65576e-07
6.36196e-06
1.72795e-07
6.1036e-06
6.67487e-08
5.72743e-06
-1.45001e-07
5.16481e-06
-4.63826e-07
4.32145e-06
-1.60858e-06
2.56589e-06
-3.28216e-06
-6.65512e-06
1.86148e-06
3.07354e-06
4.29149e-06
5.5487e-06
6.75444e-06
7.84025e-06
8.78116e-06
9.58864e-06
1.02652e-05
1.0831e-05
1.12862e-05
1.16496e-05
1.19151e-05
1.20879e-05
1.21547e-05
1.20097e-05
1.15459e-05
9.93728e-06
6.65512e-06
)
;

boundaryField
{
    movingWall
    {
        type            calculated;
        value           uniform 0;
    }
    fixedWalls
    {
        type            calculated;
        value           uniform 0;
    }
    frontAndBack
    {
        type            empty;
    }
}


// ************************************************************************* //
