/*--------------------------------*- C++ -*----------------------------------*\
  =========                 |
  \\      /  F ield         | OpenFOAM: The Open Source CFD Toolbox
   \\    /   O peration     | Website:  https://openfoam.org
    \\  /    A nd           | Version:  11
     \\/     M anipulation  |
\*---------------------------------------------------------------------------*/
FoamFile
{
    format      ascii;
    class       volVectorField;
    location    "6";
    object      U;
}
// * * * * * * * * * * * * * * * * * * * * * * * * * * * * * * * * * * * * * //

dimensions      [0 1 -1 0 0 0 0];

internalField   nonuniform List<vector> 
400
(
(0.00196103 -0.0025274 0)
(0.0042461 -0.000868017 0)
(-0.00420153 0.00211981 0)
(-0.0181475 0.00791682 0)
(-0.0504961 0.0139624 0)
(-0.0765785 0.0118864 0)
(-0.0993548 0.0104088 0)
(-0.117248 0.00801761 0)
(-0.131019 0.00617979 0)
(-0.140881 0.00399778 0)
(-0.146781 0.00222814 0)
(-0.149239 0.000421303 0)
(-0.148512 -0.0024215 0)
(-0.142483 -0.00457234 0)
(-0.132395 -0.00773279 0)
(-0.116041 -0.0105831 0)
(-0.0941692 -0.0137894 0)
(-0.0662192 -0.0156684 0)
(-0.035228 -0.0140644 0)
(-0.00809511 -0.00386934 0)
(-0.000833045 -0.00456433 0)
(-0.00891133 0.00778846 0)
(-0.0311318 0.0244445 0)
(-0.0588731 0.0377849 0)
(-0.0827424 0.037582 0)
(-0.10197 0.0340403 0)
(-0.118226 0.0288419 0)
(-0.130453 0.0233298 0)
(-0.140535 0.0171524 0)
(-0.147693 0.0114988 0)
(-0.15188 0.00607668 0)
(-0.152981 0.000708159 0)
(-0.15079 -0.00516366 0)
(-0.145422 -0.0116691 0)
(-0.136141 -0.0195825 0)
(-0.122238 -0.0287396 0)
(-0.103318 -0.0391367 0)
(-0.0791389 -0.0484509 0)
(-0.0493422 -0.0509245 0)
(-0.0179815 -0.032946 0)
(-0.0067182 0.00854288 0)
(-0.0269522 0.0326173 0)
(-0.051639 0.0503906 0)
(-0.0731563 0.0573303 0)
(-0.0901104 0.0544326 0)
(-0.103822 0.0481491 0)
(-0.114823 0.039821 0)
(-0.123283 0.0309472 0)
(-0.129292 0.0228857 0)
(-0.132321 0.0149883 0)
(-0.13352 0.00718385 0)
(-0.13272 -0.000729916 0)
(-0.13044 -0.00906257 0)
(-0.125474 -0.0181996 0)
(-0.118071 -0.0288977 0)
(-0.107349 -0.041577 0)
(-0.0927683 -0.0565272 0)
(-0.0737433 -0.0727647 0)
(-0.048685 -0.0845024 0)
(-0.0209418 -0.0733318 0)
(-0.0105944 0.0293258 0)
(-0.0335195 0.0551769 0)
(-0.0553613 0.0698426 0)
(-0.0715729 0.0727761 0)
(-0.0836777 0.0674863 0)
(-0.0931291 0.0588195 0)
(-0.0999663 0.0482239 0)
(-0.104751 0.0373296 0)
(-0.10756 0.0267833 0)
(-0.109005 0.0166731 0)
(-0.109104 0.00708067 0)
(-0.107915 -0.00244764 0)
(-0.105385 -0.0123779 0)
(-0.101239 -0.0234179 0)
(-0.0954421 -0.0362728 0)
(-0.0875434 -0.0516508 0)
(-0.0767795 -0.0699312 0)
(-0.0622009 -0.0904099 0)
(-0.0417803 -0.108656 0)
(-0.0191054 -0.106462 0)
(-0.0111335 0.0499947 0)
(-0.0324318 0.0749729 0)
(-0.0500291 0.0856841 0)
(-0.0623194 0.0850605 0)
(-0.07121 0.0770674 0)
(-0.0776056 0.0658928 0)
(-0.0817821 0.0531845 0)
(-0.0844877 0.0404997 0)
(-0.085894 0.0284323 0)
(-0.0862901 0.0171057 0)
(-0.0856729 0.0063411 0)
(-0.0841245 -0.00428413 0)
(-0.0816377 -0.0152828 0)
(-0.0781749 -0.0274138 0)
(-0.0737118 -0.0415679 0)
(-0.0680599 -0.0587305 0)
(-0.0605912 -0.0797196 0)
(-0.0498672 -0.104471 0)
(-0.0337966 -0.128945 0)
(-0.0169345 -0.134215 0)
(-0.00949151 0.068978 0)
(-0.0274557 0.0920936 0)
(-0.0407156 0.0986728 0)
(-0.0502883 0.0946448 0)
(-0.056743 0.0839062 0)
(-0.0611079 0.0704591 0)
(-0.0637756 0.0560553 0)
(-0.0653906 0.042098 0)
(-0.0660493 0.0290284 0)
(-0.0659349 0.0168238 0)
(-0.0650643 0.00520688 0)
(-0.0635083 -0.00621884 0)
(-0.0612801 -0.0179631 0)
(-0.0584199 -0.0307624 0)
(-0.0549743 -0.0455825 0)
(-0.0509082 -0.0636062 0)
(-0.0459171 -0.0860213 0)
(-0.0385992 -0.113528 0)
(-0.0281798 -0.144057 0)
(-0.0116717 -0.1568 0)
(-0.00776751 0.085077 0)
(-0.0209016 0.105521 0)
(-0.0305104 0.10887 0)
(-0.0377245 0.101853 0)
(-0.042244 0.0887904 0)
(-0.0452722 0.0735443 0)
(-0.0470683 0.0578881 0)
(-0.0481184 0.0430048 0)
(-0.0484774 0.0291808 0)
(-0.0482834 0.0163044 0)
(-0.0475388 0.00405715 0)
(-0.0462647 -0.00797859 0)
(-0.0444561 -0.0203091 0)
(-0.0421815 -0.0335899 0)
(-0.0395571 -0.0487894 0)
(-0.036667 -0.0672463 0)
(-0.0334487 -0.0904433 0)
(-0.0284669 -0.12004 0)
(-0.0226402 -0.154668 0)
(-0.00947217 -0.175309 0)
(-0.00498882 0.0967325 0)
(-0.0139022 0.115554 0)
(-0.0206592 0.116383 0)
(-0.0255518 0.107024 0)
(-0.0285464 0.0922719 0)
(-0.0306133 0.0757317 0)
(-0.0318687 0.0591816 0)
(-0.0326478 0.0436255 0)
(-0.0329756 0.02926 0)
(-0.0329293 0.0159062 0)
(-0.0324865 0.00318958 0)
(-0.0316289 -0.00932639 0)
(-0.0303423 -0.0221192 0)
(-0.0286913 -0.035752 0)
(-0.0268353 -0.051095 0)
(-0.0249617 -0.0695823 0)
(-0.0232579 -0.0930277 0)
(-0.0202677 -0.123962 0)
(-0.0182024 -0.161692 0)
(-0.00624656 -0.190036 0)
(-0.00295962 0.104149 0)
(-0.00736439 0.121654 0)
(-0.0113296 0.120965 0)
(-0.0140946 0.110362 0)
(-0.0158082 0.0945725 0)
(-0.0170963 0.0772435 0)
(-0.01795 0.0601415 0)
(-0.0185723 0.0441587 0)
(-0.0189531 0.0294455 0)
(-0.019109 0.0157718 0)
(-0.0190026 0.00272136 0)
(-0.0186018 -0.0101565 0)
(-0.0178944 -0.0232994 0)
(-0.0169441 -0.0371788 0)
(-0.0159254 -0.0525239 0)
(-0.0150384 -0.070772 0)
(-0.0148717 -0.0941252 0)
(-0.0133492 -0.125974 0)
(-0.0147283 -0.165939 0)
(-0.00457994 -0.201965 0)
(0.00024725 0.106924 0)
(-0.00124951 0.12512 0)
(-0.00264052 0.123403 0)
(-0.00337299 0.112037 0)
(-0.00390679 0.0958288 0)
(-0.00443807 0.0781687 0)
(-0.00489141 0.0608349 0)
(-0.00534755 0.0446569 0)
(-0.00575574 0.0297676 0)
(-0.00608596 0.0159133 0)
(-0.00629816 0.00266304 0)
(-0.00636911 -0.0104343 0)
(-0.00629621 -0.0237843 0)
(-0.00613768 -0.0377751 0)
(-0.00607361 -0.0529831 0)
(-0.00622911 -0.070767 0)
(-0.00783598 -0.0936491 0)
(-0.00738022 -0.125973 0)
(-0.0120092 -0.167614 0)
(-0.0023447 -0.211377 0)
(0.00224449 0.105412 0)
(0.00425304 0.124756 0)
(0.00572635 0.122968 0)
(0.00683682 0.112022 0)
(0.00745021 0.0959179 0)
(0.00772611 0.0784212 0)
(0.00774952 0.061199 0)
(0.00753739 0.0450662 0)
(0.00717628 0.0301782 0)
(0.00672423 0.016298 0)
(0.00621764 0.00300892 0)
(0.00566298 -0.0101286 0)
(0.00504178 -0.0234994 0)
(0.00430639 -0.0374224 0)
(0.00328184 -0.0523358 0)
(0.00200079 -0.06947 0)
(-0.00155282 -0.0917431 0)
(-0.00193551 -0.124007 0)
(-0.010021 -0.167415 0)
(-0.000769628 -0.218802 0)
(0.00409012 0.101001 0)
(0.00957333 0.122084 0)
(0.013234 0.120834 0)
(0.0163658 0.110942 0)
(0.0183969 0.0951912 0)
(0.0196394 0.0780966 0)
(0.0203046 0.061214 0)
(0.0204785 0.0453265 0)
(0.0202751 0.0306182 0)
(0.0197734 0.016891 0)
(0.0190034 0.00375886 0)
(0.0179596 -0.00920108 0)
(0.0165959 -0.0223606 0)
(0.0148776 -0.0360002 0)
(0.0126432 -0.0504353 0)
(0.00995795 -0.0667498 0)
(0.00444728 -0.0881817 0)
(0.00346417 -0.119986 0)
(-0.00856204 -0.165253 0)
(0.00159578 -0.224227 0)
(0.00605587 0.0921049 0)
(0.0144429 0.115596 0)
(0.0207317 0.115604 0)
(0.0254367 0.107478 0)
(0.0291171 0.0929284 0)
(0.0315001 0.0767377 0)
(0.0329924 0.0605681 0)
(0.0337337 0.0452286 0)
(0.0338388 0.0309597 0)
(0.0333931 0.0176235 0)
(0.0324157 0.00489399 0)
(0.0308964 -0.00762253 0)
(0.0287531 -0.020283 0)
(0.0259648 -0.0333697 0)
(0.0223306 -0.0471268 0)
(0.0181228 -0.0625309 0)
(0.0106384 -0.0827325 0)
(0.00883191 -0.11406 0)
(-0.00747422 -0.161612 0)
(0.00433576 -0.227939 0)
(0.00762716 0.0803531 0)
(0.0185107 0.107869 0)
(0.0270943 0.109854 0)
(0.0337268 0.102904 0)
(0.0392618 0.0897662 0)
(0.0431707 0.0746243 0)
(0.0458218 0.059326 0)
(0.0473998 0.0447391 0)
(0.0480232 0.0311374 0)
(0.0477822 0.0184393 0)
(0.0466896 0.00638696 0)
(0.04473 -0.00539022 0)
(0.0417857 -0.0172121 0)
(0.0378845 -0.0294056 0)
(0.0326884 -0.04223 0)
(0.0268893 -0.0565667 0)
(0.0173108 -0.0753519 0)
(0.0144404 -0.106343 0)
(-0.0061381 -0.156316 0)
(0.0084465 -0.230016 0)
(0.0089056 0.0652234 0)
(0.0220036 0.0954419 0)
(0.0325416 0.10007 0)
(0.0412579 0.0950091 0)
(0.0487582 0.0839375 0)
(0.0545309 0.0705205 0)
(0.0586863 0.0566634 0)
(0.0613904 0.0433068 0)
(0.0627748 0.0307919 0)
(0.0629262 0.0191133 0)
(0.0618597 0.00810343 0)
(0.0595476 -0.00259344 0)
(0.0558148 -0.0131702 0)
(0.050836 -0.0240748 0)
(0.043982 -0.0356244 0)
(0.0365886 -0.0487354 0)
(0.024677 -0.0661305 0)
(0.0207085 -0.0971553 0)
(-0.00421985 -0.15055 0)
(0.0135078 -0.230883 0)
(0.00844523 0.0490602 0)
(0.022947 0.0839858 0)
(0.03532 0.0906765 0)
(0.0464029 0.0867512 0)
(0.0564187 0.0772337 0)
(0.0646122 0.0654484 0)
(0.0708156 0.0531387 0)
(0.075112 0.0412166 0)
(0.077623 0.0300544 0)
(0.0784623 0.0196956 0)
(0.0775982 0.0100458 0)
(0.0751666 0.000786445 0)
(0.0707805 -0.00818452 0)
(0.0649241 -0.0174559 0)
(0.0564498 -0.0273601 0)
(0.0476948 -0.0390268 0)
(0.0332762 -0.0548901 0)
(0.0284543 -0.0862887 0)
(-0.00143939 -0.142586 0)
(0.0203173 -0.230033 0)
(0.00614805 0.032779 0)
(0.0215111 0.0658829 0)
(0.0359024 0.0746428 0)
(0.0496401 0.0728357 0)
(0.0623644 0.0657597 0)
(0.0732599 0.0564837 0)
(0.0818288 0.0465273 0)
(0.0880232 0.0367865 0)
(0.0919088 0.0276828 0)
(0.0937118 0.0192871 0)
(0.0932817 0.0115629 0)
(0.0911161 0.00423555 0)
(0.0863679 -0.00285612 0)
(0.0802695 -0.0101199 0)
(0.0707107 -0.017827 0)
(0.0613465 -0.027694 0)
(0.044739 -0.0415275 0)
(0.0395401 -0.0734597 0)
(0.00360552 -0.1329 0)
(0.0295678 -0.223844 0)
(-0.00462459 0.0235004 0)
(0.0118428 0.0551167 0)
(0.0292761 0.0618564 0)
(0.046855 0.0603722 0)
(0.0632587 0.0546907 0)
(0.0774756 0.0473945 0)
(0.0889733 0.0397472 0)
(0.0976837 0.0322672 0)
(0.103617 0.0252576 0)
(0.107163 0.0188996 0)
(0.108042 0.0131707 0)
(0.107131 0.00791367 0)
(0.103261 0.00302028 0)
(0.0987269 -0.00192855 0)
(0.0898171 -0.00729847 0)
(0.0817803 -0.0149012 0)
(0.0641639 -0.026898 0)
(0.0590753 -0.0582125 0)
(0.0164872 -0.117995 0)
(0.0451866 -0.202749 0)
(-0.0146336 0.0306413 0)
(-0.0046335 0.0267861 0)
(0.0197962 0.0308641 0)
(0.0431148 0.0322521 0)
(0.0641516 0.0305496 0)
(0.0824303 0.0270724 0)
(0.0978024 0.0230594 0)
(0.110066 0.0192185 0)
(0.119356 0.0156544 0)
(0.125962 0.0123932 0)
(0.129953 0.00949682 0)
(0.131993 0.00671616 0)
(0.131487 0.00436422 0)
(0.129732 0.00124547 0)
(0.124127 -0.00148869 0)
(0.119168 -0.00735965 0)
(0.104691 -0.0167008 0)
(0.100339 -0.0439596 0)
(0.0558165 -0.0917608 0)
(0.0770002 -0.155201 0)
(0.0404376 0.0382564 0)
(0.0463007 0.0275502 0)
(0.0698241 0.0238102 0)
(0.0978025 0.0231678 0)
(0.122604 0.0223196 0)
(0.144999 0.0206373 0)
(0.165554 0.018384 0)
(0.183234 0.0164213 0)
(0.198569 0.0143021 0)
(0.211057 0.0127876 0)
(0.221519 0.0109528 0)
(0.229532 0.00987551 0)
(0.23585 0.00812496 0)
(0.239916 0.00728603 0)
(0.242394 0.00514947 0)
(0.241059 0.00298006 0)
(0.233881 0.00212161 0)
(0.219895 -0.00898356 0)
(0.171123 -0.0128637 0)
(0.145728 -0.0648538 0)
)
;

boundaryField
{
    movingWall
    {
        type            fixedValue;
        value           uniform (1 0 0);
    }
    fixedWalls
    {
        type            noSlip;
    }
    frontAndBack
    {
        type            empty;
    }
}


// ************************************************************************* //
