/*--------------------------------*- C++ -*----------------------------------*\
  =========                 |
  \\      /  F ield         | OpenFOAM: The Open Source CFD Toolbox
   \\    /   O peration     | Website:  https://openfoam.org
    \\  /    A nd           | Version:  11
     \\/     M anipulation  |
\*---------------------------------------------------------------------------*/
FoamFile
{
    format      ascii;
    class       volScalarField;
    location    "10";
    object      epsilon;
}
// * * * * * * * * * * * * * * * * * * * * * * * * * * * * * * * * * * * * * //

dimensions      [0 2 -3 0 0 0 0];

internalField   nonuniform List<scalar> 
400
(
2.66554e-05
9.57147e-05
0.000355761
0.000683195
0.000894695
0.00105968
0.00119459
0.00132377
0.00143793
0.00155454
0.00166433
0.00178005
0.00189647
0.00197028
0.00200351
0.00200472
0.00185037
0.00145866
0.000902267
0.00064949
0.000116463
0.000329868
0.00082006
0.00107906
0.0011384
0.00115876
0.00116571
0.00120555
0.00125758
0.00134818
0.00146293
0.00161185
0.00178856
0.00199674
0.00222435
0.00244495
0.0025468
0.00255123
0.00200481
0.00130934
0.000362779
0.000930224
0.00113658
0.00115759
0.00112254
0.00110082
0.00108955
0.00112229
0.00118334
0.00126081
0.00135224
0.00145568
0.00158011
0.00173382
0.00192375
0.00215278
0.00234973
0.00242724
0.00223208
0.00167315
0.000790824
0.00121075
0.00121311
0.00111866
0.00103973
0.000994066
0.000982511
0.000992916
0.00101788
0.00104529
0.00108614
0.00115102
0.00125236
0.00140151
0.00161863
0.00191078
0.00223346
0.00238235
0.00233383
0.00190935
0.00110835
0.00135851
0.00118209
0.00102126
0.000911237
0.000854795
0.000817944
0.000789013
0.000766085
0.000756166
0.000756167
0.000798606
0.000885542
0.00103996
0.00129041
0.00166438
0.00215655
0.00245602
0.0024984
0.0020864
0.00126953
0.00134811
0.00110199
0.000902126
0.000789403
0.000715262
0.000648369
0.000584054
0.000526757
0.000492161
0.000479262
0.000493162
0.000567069
0.000710645
0.00096874
0.00139579
0.00203321
0.00259362
0.00274049
0.00222993
0.00129383
0.00129542
0.000994813
0.000798538
0.00068328
0.000592835
0.000504382
0.000420361
0.000349846
0.000306417
0.000288542
0.00028767
0.000340674
0.000458429
0.000691667
0.00112595
0.00186185
0.00272382
0.0030198
0.00234174
0.00127445
0.00118861
0.000897919
0.000713743
0.000598434
0.000498177
0.000399325
0.000309965
0.000240202
0.000198608
0.00018082
0.000178192
0.000211518
0.000295499
0.000485207
0.000884925
0.00165027
0.00279123
0.00336558
0.00243396
0.00122602
0.00107254
0.000814701
0.000648219
0.000535922
0.000432345
0.000331819
0.000244908
0.000180884
0.000144778
0.000130002
0.000128336
0.00015096
0.000209768
0.000352629
0.000704033
0.00148653
0.00280914
0.00370869
0.00249901
0.00113322
0.000973653
0.000747761
0.000599176
0.000492503
0.000391431
0.000293711
0.000211803
0.00015439
0.000122447
0.000109636
0.000109725
0.000126479
0.000170505
0.000279359
0.000570036
0.00132124
0.00280593
0.00407624
0.00254997
0.0010365
0.000889908
0.000695311
0.000564577
0.000465593
0.000368956
0.00027873
0.000205162
0.000152881
0.000121471
0.000106506
0.000106521
0.000119799
0.000156612
0.000246555
0.00049527
0.00119208
0.00277739
0.00440595
0.00257523
0.000951205
0.000835781
0.000659256
0.000541408
0.000449108
0.00036347
0.000281082
0.000210999
0.00016057
0.000129688
0.000114775
0.000115084
0.000124885
0.000155181
0.000236627
0.000461575
0.0011065
0.00276454
0.00469625
0.00258708
0.000860032
0.000794533
0.000639799
0.000532223
0.000449238
0.000367846
0.000291022
0.000226759
0.000179653
0.00014962
0.00013379
0.000134232
0.000143327
0.000171378
0.000244047
0.000452326
0.00106889
0.00276132
0.0048513
0.00259005
0.000773808
0.000774226
0.000648383
0.000539033
0.000457314
0.000381013
0.000312339
0.000254546
0.000210515
0.000181305
0.000163717
0.000163999
0.000172845
0.000201108
0.000274075
0.000474958
0.00106104
0.00278478
0.00491281
0.00258784
0.000677982
0.000749211
0.000666729
0.000560913
0.000480132
0.000407794
0.000343633
0.000290357
0.00024931
0.000221926
0.000203848
0.000204415
0.000214095
0.000244988
0.000323613
0.00053479
0.00111428
0.00285584
0.00490888
0.00253347
0.000576239
0.000741152
0.000707071
0.000618707
0.000534276
0.00046217
0.000398075
0.000344908
0.000303198
0.000275479
0.000256443
0.000257762
0.000270067
0.00030811
0.000402226
0.000646421
0.00125103
0.00299544
0.00464937
0.00244628
0.000468069
0.000698298
0.000725641
0.000693972
0.000627491
0.00055668
0.00048945
0.000431579
0.000386029
0.00035438
0.000337106
0.000341484
0.0003624
0.000421113
0.000557079
0.000892084
0.00157761
0.00327407
0.00421372
0.00229577
0.000314529
0.000616242
0.000807638
0.000861325
0.000840223
0.000780313
0.000704135
0.000634841
0.000583274
0.000545956
0.000546546
0.00056715
0.000623939
0.000758258
0.00103368
0.0016686
0.00249825
0.00379891
0.00390103
0.00210101
0.000320079
0.000614987
0.00104254
0.00123369
0.00129441
0.00128743
0.00125987
0.00123761
0.00124919
0.00129393
0.0013924
0.00158955
0.00186943
0.00232011
0.00291103
0.00381168
0.00452955
0.00440017
0.00384392
0.00182604
0.00023166
0.000356818
0.000648764
0.00093875
0.00115163
0.00128696
0.00136135
0.0014059
0.00142743
0.00143996
0.00144473
0.00145329
0.00146258
0.00148308
0.00150046
0.00154976
0.00161581
0.0016919
0.00167428
0.00149657
)
;

boundaryField
{
    movingWall
    {
        type            epsilonWallFunction;
        value           nonuniform List<scalar> 
20
(
0.00023166
0.000356818
0.000648764
0.00093875
0.00115163
0.00128696
0.00136135
0.0014059
0.00142743
0.00143996
0.00144473
0.00145329
0.00146258
0.00148308
0.00150046
0.00154976
0.00161581
0.0016919
0.00167428
0.00149657
)
;
    }
    fixedWalls
    {
        type            epsilonWallFunction;
        value           nonuniform List<scalar> 
60
(
2.66554e-05
0.000116463
0.000362779
0.000790824
0.00110835
0.00126953
0.00129383
0.00127445
0.00122602
0.00113322
0.0010365
0.000951205
0.000860032
0.000773808
0.000677982
0.000576239
0.000468069
0.000314529
0.000320079
0.00023166
0.00064949
0.00130934
0.00167315
0.00190935
0.0020864
0.00222993
0.00234174
0.00243396
0.00249901
0.00254997
0.00257523
0.00258708
0.00259005
0.00258784
0.00253347
0.00244628
0.00229577
0.00210101
0.00182604
0.00149657
2.66554e-05
9.57147e-05
0.000355761
0.000683195
0.000894695
0.00105968
0.00119459
0.00132377
0.00143793
0.00155454
0.00166433
0.00178005
0.00189647
0.00197028
0.00200351
0.00200472
0.00185037
0.00145866
0.000902267
0.00064949
)
;
    }
    frontAndBack
    {
        type            empty;
    }
}


// ************************************************************************* //
