/*--------------------------------*- C++ -*----------------------------------*\
  =========                 |
  \\      /  F ield         | OpenFOAM: The Open Source CFD Toolbox
   \\    /   O peration     | Website:  https://openfoam.org
    \\  /    A nd           | Version:  11
     \\/     M anipulation  |
\*---------------------------------------------------------------------------*/
FoamFile
{
    format      ascii;
    class       volScalarField;
    location    "10";
    object      k;
}
// * * * * * * * * * * * * * * * * * * * * * * * * * * * * * * * * * * * * * //

dimensions      [0 2 -2 0 0 0 0];

internalField   nonuniform List<scalar> 
400
(
8.3338e-06
2.99276e-05
0.000111222
0.000213564
0.000279664
0.000331229
0.000373392
0.000413768
0.000449447
0.000485894
0.000520206
0.000556373
0.000592754
0.000615818
0.000626202
0.000626576
0.000578327
0.00045589
0.000282003
0.000203
3.64104e-05
0.000125971
0.000264104
0.000423158
0.000492946
0.000567782
0.000614454
0.000679852
0.000734375
0.000798386
0.000859633
0.000923596
0.000980503
0.00104319
0.00109777
0.00112549
0.00113152
0.00101495
0.000674236
0.00040922
0.000113409
0.000381983
0.000543501
0.000625557
0.000679578
0.000725886
0.000764775
0.000813867
0.00085919
0.000908594
0.000954475
0.000999353
0.00104322
0.00109201
0.00113906
0.00117273
0.00118553
0.00113806
0.000825666
0.000522914
0.000247201
0.000594652
0.000677554
0.000712675
0.000736825
0.000758353
0.000785433
0.000817665
0.000848763
0.000877357
0.000902214
0.000933624
0.000976999
0.00103378
0.00110523
0.00117375
0.00120368
0.00120389
0.000967035
0.000596727
0.000346442
0.000708441
0.000730349
0.000728435
0.00073509
0.000749224
0.000762678
0.000768276
0.000762872
0.000757113
0.000756954
0.000780251
0.000826062
0.000900701
0.0010099
0.00114742
0.00124231
0.00126638
0.00108959
0.000652058
0.000396815
0.000736874
0.000734097
0.000723161
0.000720628
0.000716227
0.000695232
0.000658905
0.000622957
0.000601429
0.000593628
0.000604094
0.000650722
0.00073528
0.000871331
0.00106325
0.00126001
0.00133857
0.00122476
0.000696913
0.000404409
0.000728507
0.000726368
0.00070637
0.000686787
0.000655537
0.000607783
0.000550826
0.000500799
0.000469655
0.000457291
0.000459005
0.000500333
0.000583048
0.00072722
0.000953378
0.00125634
0.00141155
0.00135136
0.000731855
0.00039835
0.000707339
0.000707176
0.000677529
0.000646715
0.000599082
0.000535345
0.000468313
0.000413017
0.000378646
0.000364352
0.000363301
0.00039597
0.000468612
0.000603116
0.000836157
0.00119159
0.00147468
0.00148887
0.000760674
0.000383211
0.000667616
0.000675721
0.000647821
0.000611535
0.000555364
0.000484547
0.000414718
0.000359599
0.000326035
0.000312199
0.000311357
0.000336577
0.000395526
0.00051444
0.000736705
0.00111419
0.00152326
0.0016091
0.000781003
0.000354206
0.00063402
0.000646122
0.000622115
0.000584903
0.000526103
0.000454333
0.000385816
0.000333576
0.000301578
0.000288065
0.000288871
0.000309527
0.000358795
0.000459888
0.000665096
0.00104385
0.00154746
0.00173215
0.000796927
0.000323978
0.000590136
0.000613764
0.000598228
0.000564027
0.000508711
0.000441032
0.000378311
0.00032955
0.00029787
0.000282377
0.000283372
0.000300797
0.000343915
0.000433812
0.00062146
0.000990761
0.00155916
0.00183464
0.000804819
0.000297316
0.000553666
0.000589188
0.000581098
0.000552206
0.000501394
0.000441882
0.000382715
0.000335947
0.000305054
0.000289683
0.000290545
0.000303771
0.000341369
0.000425293
0.000601621
0.000953809
0.00156678
0.00191918
0.000808522
0.00026882
0.000506515
0.000560943
0.000561254
0.000543635
0.000502535
0.000448118
0.00039526
0.000352579
0.000323413
0.000308304
0.000309595
0.000321851
0.000356212
0.000432348
0.000597168
0.000936478
0.00157516
0.00195964
0.000809452
0.000241869
0.00047618
0.000545908
0.000550212
0.000539396
0.000508137
0.000462182
0.000417189
0.000379446
0.000352558
0.000337686
0.000339262
0.000351328
0.000384923
0.000458914
0.000616725
0.000932405
0.00157965
0.00197179
0.000808757
0.000211918
0.000428234
0.000521169
0.000543755
0.000540296
0.000521082
0.000482971
0.000444812
0.000412462
0.000388968
0.000375661
0.000377787
0.000390272
0.000424192
0.00049791
0.000656887
0.000949184
0.00158223
0.00193892
0.000791761
0.000180117
0.000399259
0.00050927
0.000547829
0.000549885
0.000540785
0.000516518
0.000484272
0.000455466
0.000433807
0.000420839
0.000423299
0.000436486
0.000472088
0.000548368
0.000717005
0.00098993
0.00158729
0.00184721
0.00076451
0.000146308
0.000338411
0.000477487
0.000555386
0.000576008
0.000573076
0.000559407
0.000532039
0.000505646
0.000484691
0.000473854
0.000478006
0.00049489
0.000537683
0.000624496
0.000820694
0.00108226
0.00160173
0.00168422
0.000717466
9.83152e-05
0.000287053
0.000487468
0.000596437
0.000658783
0.000661786
0.00065349
0.000631527
0.000604331
0.000582158
0.000580524
0.000590914
0.000620773
0.000691005
0.000812177
0.00107683
0.00135404
0.00163693
0.00150083
0.000656599
0.000100044
0.000302155
0.000534043
0.00066658
0.000741654
0.000772982
0.000786951
0.000801048
0.000818294
0.000846602
0.000894313
0.000972299
0.00107901
0.00124019
0.00143453
0.00172039
0.00183389
0.00172328
0.0013781
0.000570659
7.24076e-05
0.000111525
0.000202771
0.000293404
0.000359935
0.000402228
0.000425474
0.000439394
0.00044612
0.00045003
0.000451518
0.000454186
0.000457085
0.000463485
0.000468911
0.000484313
0.00050495
0.000528729
0.000523221
0.000467692
)
;

boundaryField
{
    movingWall
    {
        type            kqRWallFunction;
        value           nonuniform List<scalar> 
20
(
7.24076e-05
0.000111525
0.000202771
0.000293404
0.000359935
0.000402228
0.000425474
0.000439394
0.00044612
0.00045003
0.000451518
0.000454186
0.000457085
0.000463485
0.000468911
0.000484313
0.00050495
0.000528729
0.000523221
0.000467692
)
;
    }
    fixedWalls
    {
        type            kqRWallFunction;
        value           nonuniform List<scalar> 
60
(
8.3338e-06
3.64104e-05
0.000113409
0.000247201
0.000346442
0.000396815
0.000404409
0.00039835
0.000383211
0.000354206
0.000323978
0.000297316
0.00026882
0.000241869
0.000211918
0.000180117
0.000146308
9.83152e-05
0.000100044
7.24076e-05
0.000203
0.00040922
0.000522914
0.000596727
0.000652058
0.000696913
0.000731855
0.000760674
0.000781003
0.000796927
0.000804819
0.000808522
0.000809452
0.000808757
0.000791761
0.00076451
0.000717466
0.000656599
0.000570659
0.000467692
8.3338e-06
2.99276e-05
0.000111222
0.000213564
0.000279664
0.000331229
0.000373392
0.000413768
0.000449447
0.000485894
0.000520206
0.000556373
0.000592754
0.000615818
0.000626202
0.000626576
0.000578327
0.00045589
0.000282003
0.000203
)
;
    }
    frontAndBack
    {
        type            empty;
    }
}


// ************************************************************************* //
