/*--------------------------------*- C++ -*----------------------------------*\
  =========                 |
  \\      /  F ield         | OpenFOAM: The Open Source CFD Toolbox
   \\    /   O peration     | Website:  https://openfoam.org
    \\  /    A nd           | Version:  11
     \\/     M anipulation  |
\*---------------------------------------------------------------------------*/
FoamFile
{
    format      ascii;
    class       volScalarField;
    location    "10";
    object      nut;
}
// * * * * * * * * * * * * * * * * * * * * * * * * * * * * * * * * * * * * * //

dimensions      [0 2 -1 0 0 0 0];

internalField   nonuniform List<scalar> 
400
(
2.345e-07
8.42183e-07
3.12941e-06
6.00832e-06
7.8676e-06
9.31802e-06
1.0504e-05
1.16397e-05
1.26434e-05
1.36686e-05
1.46337e-05
1.5651e-05
1.66743e-05
1.73229e-05
1.76149e-05
1.76253e-05
1.62678e-05
1.28236e-05
7.93256e-06
5.71033e-06
1.02448e-06
4.32959e-06
7.65501e-06
1.49349e-05
1.92109e-05
2.50387e-05
2.91494e-05
3.45054e-05
3.85961e-05
4.25519e-05
4.54616e-05
4.76302e-05
4.83767e-05
4.90509e-05
4.87599e-05
4.66292e-05
4.52454e-05
3.63401e-05
2.04076e-05
1.15108e-05
3.19078e-06
1.4117e-05
2.33908e-05
3.04243e-05
3.70271e-05
4.30786e-05
4.83128e-05
5.31181e-05
5.61449e-05
5.89297e-05
6.06341e-05
6.17467e-05
6.19879e-05
6.19005e-05
6.07002e-05
5.74963e-05
5.38332e-05
4.80242e-05
2.74879e-05
1.47085e-05
6.95446e-06
2.62853e-05
3.40587e-05
4.08628e-05
4.69947e-05
5.20679e-05
5.65098e-05
6.06011e-05
6.36967e-05
6.62761e-05
6.74491e-05
6.8156e-05
6.85965e-05
6.86281e-05
6.79207e-05
6.4891e-05
5.83834e-05
5.4753e-05
3.60627e-05
1.67845e-05
9.74603e-06
3.32497e-05
4.06118e-05
4.67615e-05
5.33693e-05
5.91023e-05
6.40032e-05
6.73277e-05
6.83705e-05
6.82255e-05
6.81968e-05
6.86086e-05
6.9352e-05
7.02083e-05
7.11329e-05
7.11922e-05
6.44079e-05
5.87681e-05
4.2767e-05
1.83408e-05
1.11629e-05
3.62497e-05
4.40121e-05
5.21729e-05
5.9206e-05
6.45474e-05
6.70934e-05
6.69013e-05
6.63053e-05
6.6146e-05
6.61757e-05
6.65981e-05
6.72044e-05
6.84692e-05
7.05345e-05
7.28948e-05
7.02767e-05
6.21756e-05
4.92626e-05
1.96023e-05
1.13764e-05
3.68723e-05
4.77325e-05
5.62355e-05
6.2128e-05
6.52383e-05
6.59143e-05
6.49603e-05
6.45197e-05
6.47869e-05
6.52256e-05
6.59149e-05
6.61337e-05
6.67389e-05
6.8814e-05
7.26528e-05
7.62977e-05
6.58348e-05
5.44265e-05
2.05851e-05
1.1206e-05
3.78841e-05
5.01257e-05
5.78837e-05
6.29003e-05
6.48382e-05
6.45928e-05
6.36799e-05
6.3915e-05
6.49698e-05
6.60754e-05
6.66635e-05
6.67144e-05
6.68826e-05
6.74709e-05
7.11069e-05
7.74361e-05
7.01199e-05
5.92784e-05
2.13957e-05
1.07801e-05
3.7401e-05
5.04405e-05
5.8268e-05
6.28034e-05
6.42047e-05
6.36813e-05
6.32041e-05
6.43398e-05
6.60795e-05
6.74768e-05
6.79847e-05
6.75381e-05
6.71201e-05
6.75453e-05
6.93804e-05
7.51605e-05
7.43393e-05
6.28329e-05
2.19674e-05
9.9642e-06
3.71573e-05
5.02468e-05
5.81339e-05
6.25176e-05
6.36397e-05
6.32513e-05
6.32515e-05
6.48652e-05
6.68487e-05
6.8119e-05
6.84454e-05
6.81744e-05
6.79512e-05
6.81373e-05
6.98409e-05
7.4223e-05
7.68074e-05
6.62453e-05
2.24153e-05
9.11386e-06
3.52209e-05
4.87603e-05
5.70496e-05
6.14945e-05
6.31261e-05
6.28057e-05
6.27834e-05
6.39339e-05
6.57393e-05
6.73793e-05
6.78457e-05
6.79733e-05
6.79705e-05
6.86959e-05
7.01822e-05
7.41095e-05
7.87751e-05
6.87552e-05
2.26372e-05
8.36384e-06
3.30101e-05
4.7391e-05
5.61328e-05
6.11075e-05
6.2249e-05
6.25206e-05
6.24759e-05
6.32583e-05
6.45796e-05
6.58025e-05
6.60165e-05
6.65008e-05
6.75853e-05
6.87949e-05
7.05742e-05
7.39968e-05
7.9916e-05
7.0587e-05
2.27414e-05
7.56223e-06
2.90613e-05
4.42625e-05
5.32682e-05
5.9208e-05
6.17886e-05
6.21015e-05
6.20073e-05
6.2276e-05
6.29168e-05
6.39404e-05
6.42649e-05
6.50467e-05
6.66353e-05
6.89344e-05
7.09551e-05
7.38421e-05
8.0868e-05
7.1242e-05
2.27675e-05
6.80409e-06
2.63583e-05
4.13666e-05
5.05461e-05
5.72589e-05
6.09909e-05
6.15521e-05
6.15378e-05
6.15542e-05
6.17011e-05
6.26867e-05
6.31641e-05
6.42705e-05
6.63072e-05
6.9157e-05
7.20727e-05
7.37429e-05
8.06444e-05
7.1225e-05
2.27479e-05
5.96157e-06
2.20293e-05
3.66648e-05
4.74409e-05
5.47198e-05
5.99257e-05
6.10928e-05
6.13287e-05
6.14146e-05
6.13566e-05
6.23057e-05
6.28382e-05
6.40282e-05
6.61033e-05
6.89476e-05
7.26175e-05
7.27696e-05
7.8895e-05
6.89256e-05
2.22697e-05
5.06697e-06
1.93573e-05
3.30123e-05
4.36564e-05
5.09355e-05
5.69495e-05
6.03182e-05
6.11954e-05
6.15785e-05
6.14818e-05
6.2156e-05
6.2563e-05
6.34909e-05
6.51002e-05
6.72849e-05
7.15767e-05
7.04991e-05
7.56993e-05
6.60513e-05
2.15031e-05
4.11595e-06
1.47601e-05
2.82777e-05
4.00028e-05
4.75874e-05
5.3096e-05
5.75426e-05
5.90295e-05
5.96095e-05
5.96628e-05
5.99466e-05
6.02197e-05
6.08235e-05
6.1787e-05
6.30065e-05
6.79516e-05
6.68204e-05
7.05231e-05
6.05866e-05
2.01798e-05
2.76582e-06
1.20342e-05
2.648e-05
3.7171e-05
4.64871e-05
5.05137e-05
5.45839e-05
5.65408e-05
5.63532e-05
5.58685e-05
5.54953e-05
5.54107e-05
5.5586e-05
5.66745e-05
5.74324e-05
6.25438e-05
6.60494e-05
6.34807e-05
5.19671e-05
1.84677e-05
2.81426e-06
1.33609e-05
2.46207e-05
3.24145e-05
3.8245e-05
4.17694e-05
4.42396e-05
4.66634e-05
4.82428e-05
4.9853e-05
5.16963e-05
5.35265e-05
5.60514e-05
5.96634e-05
6.36235e-05
6.98844e-05
6.68244e-05
6.07418e-05
4.4466e-05
1.60504e-05
2.03686e-06
3.13716e-06
5.70386e-06
8.25322e-06
1.01246e-05
1.13141e-05
1.19679e-05
1.23593e-05
1.25484e-05
1.26583e-05
1.27001e-05
1.27749e-05
1.28563e-05
1.30361e-05
1.31886e-05
1.36216e-05
1.42019e-05
1.48707e-05
1.47159e-05
1.31542e-05
)
;

boundaryField
{
    movingWall
    {
        type            nutkWallFunction;
        Cmu             0.09;
        kappa           0.41;
        E               9.8;
        value           uniform 0;
    }
    fixedWalls
    {
        type            nutkWallFunction;
        Cmu             0.09;
        kappa           0.41;
        E               9.8;
        value           uniform 0;
    }
    frontAndBack
    {
        type            empty;
    }
}


// ************************************************************************* //
