/*--------------------------------*- C++ -*----------------------------------*\
  =========                 |
  \\      /  F ield         | OpenFOAM: The Open Source CFD Toolbox
   \\    /   O peration     | Website:  https://openfoam.org
    \\  /    A nd           | Version:  11
     \\/     M anipulation  |
\*---------------------------------------------------------------------------*/
FoamFile
{
    format      ascii;
    class       volScalarField;
    location    "10";
    object      p;
}
// * * * * * * * * * * * * * * * * * * * * * * * * * * * * * * * * * * * * * //

dimensions      [0 2 -2 0 0 0 0];

internalField   nonuniform List<scalar> 
400
(
1.09727e-08
-9.63621e-05
-0.000158009
-0.000456714
-0.00141661
-0.00298122
-0.00477523
-0.0064714
-0.00782844
-0.00872024
-0.00903619
-0.00868614
-0.0076636
-0.00595392
-0.00356411
-0.000638368
0.00250877
0.00527451
0.00698748
0.00735522
9.78553e-05
-1.76891e-05
-0.000279025
-0.000970418
-0.00219755
-0.00384225
-0.00560701
-0.00723446
-0.00854838
-0.00942489
-0.0097665
-0.00952594
-0.00865345
-0.00710689
-0.00491415
-0.00215727
0.000905807
0.00378784
0.00583492
0.00664925
0.000255386
-0.000115229
-0.000809819
-0.00195952
-0.00351888
-0.00528136
-0.00702759
-0.00859289
-0.00985265
-0.0106736
-0.0109921
-0.0107781
-0.0100124
-0.00868341
-0.00679253
-0.00438855
-0.00162248
0.00119496
0.00354521
0.00472662
-5.07985e-05
-0.000666512
-0.00180158
-0.00338075
-0.00520272
-0.00705509
-0.00876937
-0.0102267
-0.0113325
-0.0120357
-0.012307
-0.0121266
-0.0114753
-0.0103497
-0.00875452
-0.00672295
-0.00433969
-0.00178551
0.000563306
0.00181722
-0.000973137
-0.00179493
-0.00323222
-0.0050425
-0.00696472
-0.00880009
-0.010416
-0.0117341
-0.0127073
-0.0133149
-0.0135444
-0.0133869
-0.0128366
-0.011896
-0.0105729
-0.00889182
-0.00690395
-0.00470982
-0.00257244
-0.00138309
-0.00245991
-0.00336419
-0.00489426
-0.00673469
-0.00861908
-0.0103581
-0.0118451
-0.0130297
-0.0138906
-0.0144197
-0.0146142
-0.014475
-0.0140064
-0.0132174
-0.0121213
-0.0107396
-0.00910889
-0.00729275
-0.00554796
-0.0044207
-0.00415829
-0.00506141
-0.00653187
-0.00828543
-0.0100558
-0.011663
-0.0130174
-0.0140835
-0.0148513
-0.0153198
-0.015491
-0.0153704
-0.0149669
-0.0142949
-0.0133739
-0.012227
-0.0108893
-0.00941057
-0.00804151
-0.00703476
-0.0057276
-0.00657981
-0.00793329
-0.0095635
-0.0111999
-0.0126763
-0.0139139
-0.0148843
-0.0155818
-0.0160081
-0.0161666
-0.0160639
-0.0157101
-0.0151231
-0.0143285
-0.0133548
-0.0122415
-0.0110326
-0.00997501
-0.00908011
-0.00694047
-0.00773755
-0.00896795
-0.010484
-0.0120029
-0.0133743
-0.0145253
-0.015429
-0.0160802
-0.0164805
-0.0166333
-0.0165444
-0.0162242
-0.015692
-0.0149789
-0.0141213
-0.0131718
-0.0121495
-0.0113164
-0.0105231
-0.00771272
-0.0084235
-0.009563
-0.0110014
-0.0124378
-0.0137438
-0.0148458
-0.0157145
-0.0163428
-0.016731
-0.016882
-0.0168006
-0.0164972
-0.0159916
-0.0153195
-0.0145232
-0.0136866
-0.012757
-0.0121113
-0.0113425
-0.00799998
-0.00862719
-0.00971172
-0.0111005
-0.0124967
-0.0137798
-0.0148713
-0.0157364
-0.0163641
-0.016753
-0.0169049
-0.0168239
-0.0165202
-0.0160142
-0.0153458
-0.0145562
-0.0137943
-0.0128459
-0.0123956
-0.0115335
-0.00779234
-0.00837398
-0.00942253
-0.0107897
-0.0121851
-0.0134822
-0.0145982
-0.0154897
-0.0161392
-0.016542
-0.0166981
-0.0166105
-0.0162899
-0.0157576
-0.0150575
-0.0142496
-0.0134576
-0.012464
-0.0122111
-0.0110815
-0.00716941
-0.00773296
-0.00875619
-0.0101008
-0.01152
-0.0128594
-0.0140293
-0.0149746
-0.0156681
-0.0160988
-0.016264
-0.0161646
-0.0158121
-0.0152295
-0.0144675
-0.0135916
-0.012717
-0.0116865
-0.0115073
-0.0100188
-0.00626597
-0.00679743
-0.00777943
-0.00908336
-0.0105221
-0.0119208
-0.0131696
-0.0141954
-0.0149562
-0.0154315
-0.0156137
-0.015501
-0.0151053
-0.0144516
-0.0135982
-0.0126111
-0.0116222
-0.0105202
-0.0102825
-0.00843043
-0.00525847
-0.00571454
-0.00659046
-0.00781083
-0.00924233
-0.0107029
-0.0120486
-0.0131779
-0.0140284
-0.0145665
-0.0147779
-0.0146564
-0.0142122
-0.0134724
-0.0125033
-0.0113675
-0.0102232
-0.00897013
-0.0085762
-0.00634795
-0.00435155
-0.00462113
-0.00527123
-0.00633827
-0.00773172
-0.00925087
-0.0107067
-0.0119604
-0.0129244
-0.0135473
-0.0138067
-0.0136929
-0.0132104
-0.0123828
-0.0112822
-0.00995968
-0.0085939
-0.00706934
-0.00637761
-0.00356509
-0.00373539
-0.0036582
-0.00395085
-0.00479336
-0.00611786
-0.00768477
-0.00925467
-0.0106464
-0.0117439
-0.0124738
-0.012803
-0.0127144
-0.0122241
-0.0113235
-0.0100837
-0.00852777
-0.00682754
-0.00483132
-0.00347145
0.000735973
-0.00343231
-0.0028245
-0.00268585
-0.0032803
-0.00452198
-0.00612075
-0.00779615
-0.00933349
-0.0105837
-0.0114472
-0.0118765
-0.0118445
-0.0113653
-0.0104273
-0.00906069
-0.00722388
-0.00503138
-0.00218832
0.000720615
0.00832748
-0.00337486
-0.00214918
-0.00169935
-0.00210211
-0.00326324
-0.00488069
-0.00664559
-0.00831235
-0.00970225
-0.0106998
-0.0112423
-0.0112981
-0.010852
-0.00988171
-0.00837808
-0.00623427
-0.00337075
0.00106628
0.00732457
0.0204136
-0.00385631
-0.000739767
-0.000172311
-0.000750055
-0.00195535
-0.00362798
-0.00550885
-0.00731386
-0.00883997
-0.00995709
-0.0105959
-0.0107175
-0.010298
-0.00931228
-0.00771666
-0.00535081
-0.00135236
0.00569005
0.0177494
0.0356967
)
;

boundaryField
{
    movingWall
    {
        type            zeroGradient;
    }
    fixedWalls
    {
        type            zeroGradient;
    }
    frontAndBack
    {
        type            empty;
    }
}


// ************************************************************************* //
