/*--------------------------------*- C++ -*----------------------------------*\
  =========                 |
  \\      /  F ield         | OpenFOAM: The Open Source CFD Toolbox
   \\    /   O peration     | Website:  https://openfoam.org
    \\  /    A nd           | Version:  11
     \\/     M anipulation  |
\*---------------------------------------------------------------------------*/
FoamFile
{
    format      ascii;
    class       surfaceScalarField;
    location    "10";
    object      phi;
}
// * * * * * * * * * * * * * * * * * * * * * * * * * * * * * * * * * * * * * //

dimensions      [0 3 -1 0 0 0 0];

internalField   nonuniform List<scalar> 
760
(
1.14715e-07
-1.14716e-07
-1.89856e-07
3.0457e-07
-1.07361e-06
8.83755e-07
-2.42403e-06
1.35042e-06
-3.8333e-06
1.40927e-06
-5.08655e-06
1.25325e-06
-6.14207e-06
1.05553e-06
-6.97748e-06
8.35407e-07
-7.58631e-06
6.08832e-07
-7.98699e-06
4.00678e-07
-8.19222e-06
2.05231e-07
-8.19033e-06
-1.88548e-09
-7.97968e-06
-2.10652e-07
-7.55908e-06
-4.20604e-07
-6.86004e-06
-6.99037e-07
-5.86113e-06
-9.98913e-07
-4.50652e-06
-1.35461e-06
-2.84219e-06
-1.66433e-06
-1.09084e-06
-1.75134e-06
-1.09084e-06
-4.43674e-07
3.28959e-07
-1.48366e-06
1.34456e-06
-2.86363e-06
2.26372e-06
-4.11443e-06
2.60122e-06
-5.1985e-06
2.49334e-06
-6.14636e-06
2.20111e-06
-6.91997e-06
1.82913e-06
-7.52396e-06
1.4394e-06
-7.97478e-06
1.05965e-06
-8.26428e-06
6.90185e-07
-8.37752e-06
3.18473e-07
-8.31794e-06
-6.14656e-08
-8.09678e-06
-4.31815e-07
-7.67619e-06
-8.412e-07
-7.05625e-06
-1.31897e-06
-6.18829e-06
-1.86688e-06
-5.03778e-06
-2.50511e-06
-3.5429e-06
-3.15921e-06
-1.7397e-06
-3.55455e-06
-2.83054e-06
-1.03845e-06
1.36741e-06
-2.38086e-06
2.68697e-06
-3.56099e-06
3.44385e-06
-4.54398e-06
3.58421e-06
-5.37529e-06
3.32465e-06
-6.06142e-06
2.88723e-06
-6.6e-06
2.36771e-06
-6.98092e-06
1.82032e-06
-7.22459e-06
1.30333e-06
-7.3347e-06
8.00294e-07
-7.33319e-06
3.16958e-07
-7.22903e-06
-1.65625e-07
-7.00582e-06
-6.55028e-07
-6.64785e-06
-1.19916e-06
-6.14309e-06
-1.82374e-06
-5.45765e-06
-2.55231e-06
-4.5627e-06
-3.40007e-06
-3.39293e-06
-4.32898e-06
-1.86752e-06
-5.07996e-06
-4.69806e-06
-1.2566e-06
2.62402e-06
-2.48345e-06
3.91382e-06
-3.47418e-06
4.43458e-06
-4.24982e-06
4.35985e-06
-4.86148e-06
3.93632e-06
-5.32605e-06
3.3518e-06
-5.65932e-06
2.70098e-06
-5.88828e-06
2.04927e-06
-6.02046e-06
1.4355e-06
-6.06985e-06
8.49688e-07
-6.03751e-06
2.84615e-07
-5.92485e-06
-2.78286e-07
-5.72014e-06
-8.59733e-07
-5.42218e-06
-1.49713e-06
-5.02136e-06
-2.22455e-06
-4.49434e-06
-3.07933e-06
-3.80803e-06
-4.08638e-06
-2.90669e-06
-5.23032e-06
-1.65941e-06
-6.32724e-06
-6.35747e-06
-1.17993e-06
3.80395e-06
-2.21812e-06
4.95201e-06
-3.024e-06
5.24046e-06
-3.63385e-06
4.9697e-06
-4.08551e-06
4.38798e-06
-4.40686e-06
3.67315e-06
-4.62709e-06
2.92122e-06
-4.77117e-06
2.19336e-06
-4.84544e-06
1.50977e-06
-4.85637e-06
8.60621e-07
-4.80449e-06
2.32733e-07
-4.68949e-06
-3.9328e-07
-4.50784e-06
-1.04139e-06
-4.2611e-06
-1.74387e-06
-3.9466e-06
-2.53904e-06
-3.55162e-06
-3.47432e-06
-3.04276e-06
-4.59524e-06
-2.35455e-06
-5.91854e-06
-1.38946e-06
-7.29233e-06
-7.74693e-06
-9.69865e-07
4.77381e-06
-1.80066e-06
5.78281e-06
-2.43963e-06
5.87942e-06
-2.91007e-06
5.44014e-06
-3.24582e-06
4.72372e-06
-3.47742e-06
3.90475e-06
-3.63335e-06
3.07715e-06
-3.73112e-06
2.29112e-06
-3.77656e-06
1.55521e-06
-3.77297e-06
8.57033e-07
-3.72036e-06
1.80126e-07
-3.61727e-06
-4.96378e-07
-3.46257e-06
-1.19608e-06
-3.25886e-06
-1.94758e-06
-3.00974e-06
-2.78816e-06
-2.71439e-06
-3.76967e-06
-2.35771e-06
-4.95192e-06
-1.87578e-06
-6.40047e-06
-1.12444e-06
-8.04366e-06
-8.87137e-06
-7.35568e-07
5.50938e-06
-1.35236e-06
6.39959e-06
-1.83031e-06
6.35738e-06
-2.17941e-06
5.78924e-06
-2.42753e-06
4.97184e-06
-2.59939e-06
4.07661e-06
-2.71625e-06
3.19402e-06
-2.78993e-06
2.3648e-06
-2.82527e-06
1.59055e-06
-2.82404e-06
8.55799e-07
-2.78456e-06
1.40646e-07
-2.70425e-06
-5.7669e-07
-2.58156e-06
-1.31877e-06
-2.41929e-06
-2.10985e-06
-2.22515e-06
-2.9823e-06
-2.00602e-06
-3.9888e-06
-1.75659e-06
-5.20135e-06
-1.4257e-06
-6.73136e-06
-9.20713e-07
-8.54865e-06
-9.79208e-06
-4.79955e-07
5.98933e-06
-9.10192e-07
6.82983e-06
-1.23969e-06
6.68688e-06
-1.48334e-06
6.03289e-06
-1.6601e-06
5.1486e-06
-1.78682e-06
4.20332e-06
-1.87675e-06
3.28396e-06
-1.93685e-06
2.42489e-06
-1.97026e-06
1.62397e-06
-1.97745e-06
8.62981e-07
-1.95597e-06
1.19166e-07
-1.90294e-06
-6.29715e-07
-1.81667e-06
-1.40504e-06
-1.69963e-06
-2.2269e-06
-1.56104e-06
-3.12089e-06
-1.41315e-06
-4.13669e-06
-1.25623e-06
-5.35827e-06
-1.0503e-06
-6.93728e-06
-7.11357e-07
-8.88759e-06
-1.05034e-05
-2.57854e-07
6.24719e-06
-4.96799e-07
7.06878e-06
-6.83176e-07
6.87326e-06
-8.31023e-07
6.18073e-06
-9.43812e-07
5.26139e-06
-1.0307e-06
4.29021e-06
-1.09729e-06
3.35054e-06
-1.14604e-06
2.47364e-06
-1.17818e-06
1.6561e-06
-1.19345e-06
8.78248e-07
-1.19002e-06
1.15743e-07
-1.16554e-06
-6.54197e-07
-1.11876e-06
-1.45182e-06
-1.05179e-06
-2.29387e-06
-9.73717e-07
-3.19896e-06
-8.98563e-07
-4.21184e-06
-8.30232e-07
-5.42661e-06
-7.38107e-07
-7.02941e-06
-5.62567e-07
-9.06313e-06
-1.1066e-05
-2.86269e-08
6.27581e-06
-1.0558e-07
7.14573e-06
-1.67175e-07
6.93485e-06
-2.19291e-07
6.23285e-06
-2.67261e-07
5.30935e-06
-3.12597e-07
4.33555e-06
-3.54018e-07
3.39197e-06
-3.89561e-07
2.50919e-06
-4.18258e-07
1.6848e-06
-4.3966e-07
8.99649e-07
-4.53155e-07
1.29238e-07
-4.57597e-07
-6.49754e-07
-4.52815e-07
-1.4566e-06
-4.40591e-07
-2.3061e-06
-4.29097e-07
-3.21045e-06
-4.27578e-07
-4.21336e-06
-4.59098e-07
-5.39508e-06
-4.72709e-07
-7.0158e-06
-4.18773e-07
-9.11707e-06
-1.14848e-05
1.85807e-07
6.09001e-06
2.82999e-07
7.04854e-06
3.52558e-07
6.86529e-06
3.81654e-07
6.20375e-06
3.93507e-07
5.2975e-06
3.89933e-07
4.33913e-06
3.76285e-07
3.40561e-06
3.57022e-07
2.52845e-06
3.34324e-07
1.7075e-06
3.08529e-07
9.25445e-07
2.79e-07
1.58767e-07
2.45292e-07
-6.16046e-07
2.06325e-07
-1.41763e-06
1.60149e-07
-2.25992e-06
1.00552e-07
-3.15086e-06
1.82715e-09
-4.11464e-06
-1.04602e-07
-5.28866e-06
-2.4297e-07
-6.87743e-06
-3.17814e-07
-9.04222e-06
-1.18026e-05
3.88327e-07
5.70168e-06
6.49573e-07
6.78729e-06
8.44041e-07
6.67082e-06
9.66836e-07
6.08096e-06
1.04673e-06
5.21761e-06
1.09245e-06
4.2934e-06
1.11282e-06
3.38524e-06
1.11457e-06
2.5267e-06
1.10103e-06
1.72104e-06
1.07252e-06
9.53958e-07
1.02708e-06
2.04205e-07
9.6272e-07
-5.51688e-07
8.76468e-07
-1.33138e-06
7.65832e-07
-2.14928e-06
6.24647e-07
-3.00967e-06
4.5112e-07
-3.94111e-06
2.21122e-07
-5.05866e-06
-5.07951e-08
-6.60551e-06
-2.03544e-07
-8.88947e-06
-1.20061e-05
5.87768e-07
5.11391e-06
1.00699e-06
6.36807e-06
1.32293e-06
6.35488e-06
1.54549e-06
5.8584e-06
1.70111e-06
5.062e-06
1.80565e-06
4.18886e-06
1.86898e-06
3.32191e-06
1.89883e-06
2.49685e-06
1.89934e-06
1.72053e-06
1.87095e-06
9.82344e-07
1.81056e-06
2.64592e-07
1.71508e-06
-4.562e-07
1.57973e-06
-1.19603e-06
1.40067e-06
-1.97022e-06
1.17432e-06
-2.78332e-06
8.97644e-07
-3.66444e-06
5.48892e-07
-4.70991e-06
1.815e-07
-6.23812e-06
-6.30564e-08
-8.64492e-06
-1.20692e-05
7.5962e-07
4.35429e-06
1.32757e-06
5.80013e-06
1.76291e-06
5.91953e-06
2.10229e-06
5.51902e-06
2.35167e-06
4.81261e-06
2.53067e-06
4.00986e-06
2.65051e-06
3.20207e-06
2.71934e-06
2.42802e-06
2.74174e-06
1.69814e-06
2.71833e-06
1.00576e-06
2.64532e-06
3.37596e-07
2.51798e-06
-3.2886e-07
2.33126e-06
-1.00931e-06
2.07956e-06
-1.71852e-06
1.75912e-06
-2.46287e-06
1.3714e-06
-3.27672e-06
9.0595e-07
-4.24446e-06
4.35918e-07
-5.76809e-06
8.49623e-08
-8.29396e-06
-1.19842e-05
9.05358e-07
3.44894e-06
1.60175e-06
5.10373e-06
2.1623e-06
5.35898e-06
2.62883e-06
5.0525e-06
2.99044e-06
4.45099e-06
3.26094e-06
3.73937e-06
3.45269e-06
3.01032e-06
3.5738e-06
2.3069e-06
3.62847e-06
1.64347e-06
3.61765e-06
1.01658e-06
3.53657e-06
4.18682e-07
3.3782e-06
-1.70491e-07
3.13953e-06
-7.7065e-07
2.81269e-06
-1.39168e-06
2.39247e-06
-2.04265e-06
1.88955e-06
-2.77381e-06
1.29767e-06
-3.65258e-06
7.0699e-07
-5.1774e-06
2.2984e-07
-7.81681e-06
-1.17544e-05
9.25702e-07
2.52323e-06
1.73827e-06
4.29116e-06
2.44928e-06
4.64797e-06
3.06583e-06
4.43595e-06
3.56968e-06
3.94714e-06
3.96011e-06
3.34893e-06
4.24658e-06
2.72386e-06
4.4384e-06
2.11509e-06
4.5395e-06
1.54236e-06
4.55196e-06
1.00412e-06
4.4728e-06
4.97842e-07
4.28969e-06
1.2612e-08
4.00359e-06
-4.8454e-07
3.606e-06
-9.94093e-07
3.08894e-06
-1.52559e-06
2.47346e-06
-2.15833e-06
1.75093e-06
-2.93005e-06
1.03454e-06
-4.46101e-06
4.28825e-07
-7.2111e-06
-1.13256e-05
8.39578e-07
1.68366e-06
1.73274e-06
3.398e-06
2.60906e-06
3.77165e-06
3.39335e-06
3.65166e-06
4.05687e-06
3.28362e-06
4.59088e-06
2.81492e-06
4.99382e-06
2.32092e-06
5.27377e-06
1.83514e-06
5.43515e-06
1.38098e-06
5.48145e-06
9.57816e-07
5.41154e-06
5.67755e-07
5.22921e-06
1.94942e-07
4.91112e-06
-1.66448e-07
4.4691e-06
-5.52071e-07
3.88359e-06
-9.40082e-07
3.18107e-06
-1.4558e-06
2.35047e-06
-2.09945e-06
1.50648e-06
-3.61703e-06
7.05377e-07
-6.41e-06
-1.06202e-05
3.63116e-07
1.32054e-06
1.38419e-06
2.37693e-06
2.45209e-06
2.70374e-06
3.44503e-06
2.65872e-06
4.30116e-06
2.42749e-06
5.00573e-06
2.11035e-06
5.55536e-06
1.77129e-06
5.9527e-06
1.4378e-06
6.20592e-06
1.12776e-06
6.32225e-06
8.41489e-07
6.30542e-06
5.84582e-07
6.16518e-06
3.35181e-07
5.89495e-06
1.03785e-07
5.48775e-06
-1.44867e-07
4.92041e-06
-3.72743e-07
4.21943e-06
-7.54826e-07
3.35386e-06
-1.23388e-06
2.41811e-06
-2.68128e-06
1.23869e-06
-5.23058e-06
-9.38149e-06
-4.98536e-07
1.81908e-06
6.28199e-07
1.25019e-06
2.01267e-06
1.31928e-06
3.28549e-06
1.3859e-06
4.38736e-06
1.32563e-06
5.31403e-06
1.18368e-06
6.06732e-06
1.01799e-06
6.64427e-06
8.60857e-07
7.0607e-06
7.11331e-07
7.32563e-06
5.76561e-07
7.45794e-06
4.52275e-07
7.45571e-06
3.37409e-07
7.32855e-06
2.30938e-07
7.06814e-06
1.15552e-07
6.68641e-06
8.98628e-09
6.17611e-06
-2.44529e-07
5.48163e-06
-5.39403e-07
4.52752e-06
-1.72717e-06
2.6606e-06
-3.36365e-06
-6.7209e-06
1.81908e-06
3.06927e-06
4.38855e-06
5.77444e-06
7.10007e-06
8.28375e-06
9.30174e-06
1.01626e-05
1.08739e-05
1.14505e-05
1.19028e-05
1.22402e-05
1.24711e-05
1.25867e-05
1.25957e-05
1.23511e-05
1.18117e-05
1.00846e-05
6.7209e-06
)
;

boundaryField
{
    movingWall
    {
        type            calculated;
        value           uniform 0;
    }
    fixedWalls
    {
        type            calculated;
        value           uniform 0;
    }
    frontAndBack
    {
        type            empty;
    }
}


// ************************************************************************* //
