/*--------------------------------*- C++ -*----------------------------------*\
  =========                 |
  \\      /  F ield         | OpenFOAM: The Open Source CFD Toolbox
   \\    /   O peration     | Website:  https://openfoam.org
    \\  /    A nd           | Version:  11
     \\/     M anipulation  |
\*---------------------------------------------------------------------------*/
FoamFile
{
    format      ascii;
    class       volVectorField;
    location    "10";
    object      U;
}
// * * * * * * * * * * * * * * * * * * * * * * * * * * * * * * * * * * * * * //

dimensions      [0 1 -1 0 0 0 0];

internalField   nonuniform List<vector> 
400
(
(0.00291225 -0.00334626 0)
(0.00115992 -0.000340716 0)
(-0.00779461 0.00446252 0)
(-0.0324238 0.0121467 0)
(-0.0655884 0.0144207 0)
(-0.0919902 0.012486 0)
(-0.115719 0.0106089 0)
(-0.133574 0.00823964 0)
(-0.147787 0.00620413 0)
(-0.157358 0.00395023 0)
(-0.162876 0.00214009 0)
(-0.164923 0.000214041 0)
(-0.163101 -0.00303857 0)
(-0.155948 -0.00512535 0)
(-0.144258 -0.00858714 0)
(-0.126174 -0.0114981 0)
(-0.102197 -0.0150001 0)
(-0.0719585 -0.0169552 0)
(-0.0385231 -0.0153359 0)
(-0.00939622 -0.00427674 0)
(-0.00257052 -0.000977377 0)
(-0.0147743 0.0136787 0)
(-0.0421165 0.0328817 0)
(-0.0708344 0.0411949 0)
(-0.095533 0.03982 0)
(-0.115889 0.0354504 0)
(-0.133015 0.029768 0)
(-0.145695 0.0238756 0)
(-0.156466 0.0171364 0)
(-0.163484 0.0111805 0)
(-0.167587 0.00530013 0)
(-0.16806 -0.0004912 0)
(-0.165094 -0.00687804 0)
(-0.158487 -0.0139089 0)
(-0.147755 -0.0223373 0)
(-0.132124 -0.0318904 0)
(-0.111332 -0.042758 0)
(-0.0850377 -0.0524646 0)
(-0.0530103 -0.0551831 0)
(-0.0196973 -0.0363632 0)
(-0.00891773 0.0159 0)
(-0.0333249 0.0424035 0)
(-0.0602868 0.0584373 0)
(-0.0828472 0.062125 0)
(-0.101145 0.0580482 0)
(-0.11609 0.0504741 0)
(-0.128002 0.0413402 0)
(-0.137065 0.0317972 0)
(-0.143192 0.0232389 0)
(-0.146298 0.0146131 0)
(-0.147346 0.00612248 0)
(-0.146157 -0.00253441 0)
(-0.143107 -0.0115311 0)
(-0.137116 -0.0213917 0)
(-0.128384 -0.0327623 0)
(-0.116087 -0.0460699 0)
(-0.0997677 -0.0616567 0)
(-0.0789343 -0.0786129 0)
(-0.0519293 -0.0910252 0)
(-0.0223375 -0.079582 0)
(-0.0128518 0.0404554 0)
(-0.0385602 0.0666525 0)
(-0.0617405 0.0789342 0)
(-0.0791921 0.0792843 0)
(-0.0927679 0.0725176 0)
(-0.103218 0.0623525 0)
(-0.110875 0.050681 0)
(-0.116298 0.0387656 0)
(-0.119657 0.027341 0)
(-0.121394 0.0163498 0)
(-0.121559 0.00583979 0)
(-0.120093 -0.00470034 0)
(-0.11693 -0.0157062 0)
(-0.111839 -0.0278045 0)
(-0.104792 -0.041632 0)
(-0.0954077 -0.0578311 0)
(-0.0829845 -0.0767684 0)
(-0.0666551 -0.0978881 0)
(-0.044478 -0.116912 0)
(-0.0202609 -0.114701 0)
(-0.0128521 0.06352 0)
(-0.0360828 0.0882047 0)
(-0.0547064 0.0963311 0)
(-0.0684179 0.0931566 0)
(-0.0786097 0.0833334 0)
(-0.0859186 0.0704423 0)
(-0.0909954 0.0564175 0)
(-0.0944641 0.0425696 0)
(-0.0965431 0.0294742 0)
(-0.0973734 0.0170552 0)
(-0.096952 0.00509959 0)
(-0.0952715 -0.00684944 0)
(-0.0922901 -0.0192487 0)
(-0.0879627 -0.0327798 0)
(-0.082293 -0.0482122 0)
(-0.0751908 -0.0664363 0)
(-0.066132 -0.0882221 0)
(-0.0537589 -0.113574 0)
(-0.0360534 -0.138924 0)
(-0.0178321 -0.144317 0)
(-0.0108465 0.0847138 0)
(-0.029833 0.106751 0)
(-0.0444389 0.110878 0)
(-0.055147 0.104078 0)
(-0.0627169 0.0912449 0)
(-0.0679528 0.0759454 0)
(-0.0715381 0.0601232 0)
(-0.0739653 0.0449329 0)
(-0.0753438 0.030679 0)
(-0.0757403 0.0171475 0)
(-0.0751709 0.00404892 0)
(-0.0736069 -0.00902547 0)
(-0.0710114 -0.0225405 0)
(-0.0673875 -0.037119 0)
(-0.0628 -0.0535431 0)
(-0.057316 -0.0728225 0)
(-0.0508034 -0.0960792 0)
(-0.0418596 -0.124182 0)
(-0.0303053 -0.155242 0)
(-0.0121157 -0.168406 0)
(-0.00885425 0.102222 0)
(-0.0224224 0.121538 0)
(-0.0335381 0.122305 0)
(-0.0414843 0.112369 0)
(-0.0469819 0.0970796 0)
(-0.0507999 0.0799354 0)
(-0.0534544 0.0628111 0)
(-0.055276 0.0466222 0)
(-0.0563297 0.0314688 0)
(-0.0566612 0.0170783 0)
(-0.0562551 0.00309737 0)
(-0.0550531 -0.0109002 0)
(-0.0530004 -0.0253652 0)
(-0.050109 -0.0408263 0)
(-0.0464819 -0.0579995 0)
(-0.0422623 -0.0779553 0)
(-0.0376277 -0.102012 0)
(-0.0311599 -0.132077 0)
(-0.0243892 -0.167148 0)
(-0.00970692 -0.188239 0)
(-0.00588482 0.115065 0)
(-0.0148971 0.132527 0)
(-0.0228959 0.13073 0)
(-0.0283177 0.118453 0)
(-0.0321273 0.10139 0)
(-0.034857 0.0829364 0)
(-0.0368409 0.0648731 0)
(-0.0382743 0.0479443 0)
(-0.0391852 0.0321388 0)
(-0.0395912 0.0171231 0)
(-0.0394534 0.00247551 0)
(-0.0387016 -0.0122501 0)
(-0.0372762 -0.0274782 0)
(-0.035193 -0.0436463 0)
(-0.0325735 -0.0613409 0)
(-0.0295791 -0.0816095 0)
(-0.026641 -0.10599 0)
(-0.0222733 -0.137237 0)
(-0.0196489 -0.175056 0)
(-0.00614461 -0.203917 0)
(-0.0036298 0.123032 0)
(-0.00792525 0.139411 0)
(-0.0128125 0.136024 0)
(-0.0159057 0.122457 0)
(-0.0182373 0.104327 0)
(-0.0200194 0.0850879 0)
(-0.0214171 0.0664382 0)
(-0.0225168 0.0490261 0)
(-0.0233088 0.0327907 0)
(-0.023785 0.0173494 0)
(-0.0239054 0.00223161 0)
(-0.0236131 -0.0130232 0)
(-0.0228618 -0.0288154 0)
(-0.0216591 -0.0455083 0)
(-0.0201472 -0.0635396 0)
(-0.018439 -0.0838851 0)
(-0.0173664 -0.108294 0)
(-0.0145905 -0.140277 0)
(-0.0157509 -0.180069 0)
(-0.00429762 -0.216532 0)
(-0.000195363 0.126253 0)
(-0.00133123 0.143191 0)
(-0.00334187 0.138838 0)
(-0.00419354 0.124635 0)
(-0.00512194 0.10606 0)
(-0.00595629 0.0864768 0)
(-0.00674292 0.067548 0)
(-0.00747357 0.0498831 0)
(-0.0081016 0.0334104 0)
(-0.00860166 0.0177296 0)
(-0.00894555 0.00234624 0)
(-0.00910328 -0.0132098 0)
(-0.00905938 -0.0293244 0)
(-0.00881837 -0.0463046 0)
(-0.00853462 -0.0644511 0)
(-0.00816575 -0.0846204 0)
(-0.00925125 -0.108708 0)
(-0.00777303 -0.14096 0)
(-0.0125761 -0.182163 0)
(-0.00179086 -0.22618 0)
(0.00207524 0.124689 0)
(0.0047018 0.142978 0)
(0.00589066 0.138655 0)
(0.0070874 0.124758 0)
(0.00755551 0.106362 0)
(0.00773226 0.0869459 0)
(0.007629 0.0681006 0)
(0.00733765 0.050442 0)
(0.00693481 0.0339395 0)
(0.00645696 0.0182191 0)
(0.00591781 0.00279353 0)
(0.00531726 -0.0128103 0)
(0.00462814 -0.0289673 0)
(0.003848 -0.0459575 0)
(0.00277168 -0.063969 0)
(0.00168462 -0.0836898 0)
(-0.00171188 -0.107367 0)
(-0.00141062 -0.139326 0)
(-0.010114 -0.182182 0)
(-2.72274e-05 -0.233441 0)
(0.00412918 0.119887 0)
(0.0106446 0.139803 0)
(0.0144107 0.136527 0)
(0.0178809 0.12368 0)
(0.019972 0.105684 0)
(0.0213159 0.0866881 0)
(0.0220525 0.0681465 0)
(0.0223194 0.050697 0)
(0.022225 0.0343581 0)
(0.0218203 0.0188036 0)
(0.0211066 0.00357389 0)
(0.0200621 -0.0118008 0)
(0.0186091 -0.0276926 0)
(0.0167613 -0.0443777 0)
(0.0142669 -0.0619646 0)
(0.0113992 -0.0809855 0)
(0.00571865 -0.103885 0)
(0.00488471 -0.135246 0)
(-0.00813304 -0.179904 0)
(0.00267002 -0.238169 0)
(0.00638874 0.110381 0)
(0.0162267 0.132827 0)
(0.0229609 0.130909 0)
(0.0283945 0.119991 0)
(0.0323476 0.1032 0)
(0.0350198 0.0851274 0)
(0.0367741 0.0673056 0)
(0.0377621 0.0504064 0)
(0.0381007 0.0345283 0)
(0.0378503 0.0194177 0)
(0.0369985 0.00467167 0)
(0.0355195 -0.0101555 0)
(0.0332666 -0.02542 0)
(0.0303016 -0.0414268 0)
(0.0261892 -0.0582478 0)
(0.0215081 -0.0764403 0)
(0.0135268 -0.0981019 0)
(0.0110782 -0.128925 0)
(-0.0063894 -0.175692 0)
(0.00569084 -0.240789 0)
(0.00831762 0.0970599 0)
(0.0212083 0.123846 0)
(0.0307239 0.124299 0)
(0.0383557 0.115012 0)
(0.0444265 0.099725 0)
(0.0487866 0.0827365 0)
(0.051857 0.0658164 0)
(0.0538188 0.0496812 0)
(0.0547833 0.0344964 0)
(0.0548211 0.0200832 0)
(0.0538997 0.00610909 0)
(0.0520125 -0.00784365 0)
(0.0489125 -0.0221021 0)
(0.0447857 -0.0370148 0)
(0.0388811 -0.0526847 0)
(0.0323445 -0.0697018 0)
(0.0218067 -0.0899346 0)
(0.0175678 -0.120566 0)
(-0.00424441 -0.169794 0)
(0.00999663 -0.241453 0)
(0.0100746 0.0801772 0)
(0.0255781 0.110083 0)
(0.0376117 0.113421 0)
(0.0476611 0.106292 0)
(0.0560292 0.0932388 0)
(0.0624471 0.0780406 0)
(0.0671785 0.0626038 0)
(0.070418 0.0477566 0)
(0.0722506 0.0337478 0)
(0.0727667 0.0204767 0)
(0.0718884 0.00770316 0)
(0.069662 -0.00495042 0)
(0.0656899 -0.0177396 0)
(0.0604091 -0.031084 0)
(0.0525707 -0.0451273 0)
(0.0441792 -0.0606708 0)
(0.0307306 -0.0793199 0)
(0.024723 -0.10993 0)
(-0.00177613 -0.162061 0)
(0.0150987 -0.240913 0)
(0.0102892 0.0605151 0)
(0.0278482 0.0961061 0)
(0.0421449 0.102446 0)
(0.0548597 0.0970688 0)
(0.066077 0.0859256 0)
(0.0751783 0.0725162 0)
(0.0821043 0.0586783 0)
(0.0870391 0.0453074 0)
(0.090065 0.0327197 0)
(0.0913244 0.0208624 0)
(0.0906711 0.0096073 0)
(0.0882822 -0.00144063 0)
(0.0835033 -0.0123402 0)
(0.0772133 -0.0236693 0)
(0.0674289 -0.0355832 0)
(0.057352 -0.0493329 0)
(0.0407897 -0.0661255 0)
(0.0332622 -0.0970768 0)
(0.00147931 -0.152309 0)
(0.0218328 -0.238083 0)
(0.00890129 0.040969 0)
(0.0271489 0.0755074 0)
(0.0438958 0.0842428 0)
(0.0596331 0.0814655 0)
(0.0740256 0.0730698 0)
(0.0862686 0.0624189 0)
(0.095869 0.0511038 0)
(0.102909 0.0400461 0)
(0.107417 0.0296872 0)
(0.109698 0.019989 0)
(0.109411 0.0109289 0)
(0.107191 0.0021086 0)
(0.101904 -0.00641913 0)
(0.0951339 -0.0152616 0)
(0.0838248 -0.0244438 0)
(0.0727807 -0.0359849 0)
(0.053383 -0.0503159 0)
(0.0449149 -0.0818686 0)
(0.00672453 -0.140262 0)
(0.0309282 -0.229838 0)
(-0.00158311 0.0252909 0)
(0.0187699 0.0609826 0)
(0.0386292 0.0689865 0)
(0.0584685 0.0672134 0)
(0.0769234 0.0607326 0)
(0.0928197 0.0524719 0)
(0.105591 0.0438332 0)
(0.115329 0.0352039 0)
(0.121895 0.0271196 0)
(0.125905 0.0196395 0)
(0.126732 0.0128476 0)
(0.125616 0.00641857 0)
(0.120883 0.00045041 0)
(0.115193 -0.00586907 0)
(0.103948 -0.0121684 0)
(0.0937985 -0.0210859 0)
(0.0729311 -0.0325525 0)
(0.0645975 -0.0642279 0)
(0.0196488 -0.123133 0)
(0.0464606 -0.206489 0)
(-0.0147021 0.0296938 0)
(-0.0010979 0.0287634 0)
(0.0267964 0.0342331 0)
(0.0528348 0.0357723 0)
(0.076298 0.0337755 0)
(0.096762 0.0297128 0)
(0.113706 0.0250984 0)
(0.127361 0.0206195 0)
(0.137306 0.0164545 0)
(0.144496 0.0125566 0)
(0.14821 0.00914858 0)
(0.149954 0.00574355 0)
(0.148057 0.0029061 0)
(0.145016 -0.000820974 0)
(0.136818 -0.00392061 0)
(0.130033 -0.0101847 0)
(0.112085 -0.0190438 0)
(0.105558 -0.0467562 0)
(0.0589461 -0.0938919 0)
(0.0781339 -0.157098 0)
(0.0395372 0.0383106 0)
(0.0457946 0.0275222 0)
(0.0702842 0.024906 0)
(0.101007 0.0251932 0)
(0.127927 0.0243116 0)
(0.152893 0.0222891 0)
(0.174824 0.0197208 0)
(0.194319 0.0173473 0)
(0.210078 0.015002 0)
(0.223628 0.0130543 0)
(0.233629 0.0110946 0)
(0.241995 0.00957357 0)
(0.247084 0.00783937 0)
(0.250878 0.00653671 0)
(0.251412 0.00460573 0)
(0.24885 0.00189562 0)
(0.239573 0.00164991 0)
(0.224056 -0.0104295 0)
(0.173801 -0.0134394 0)
(0.146301 -0.0650295 0)
)
;

boundaryField
{
    movingWall
    {
        type            fixedValue;
        value           uniform (1 0 0);
    }
    fixedWalls
    {
        type            noSlip;
    }
    frontAndBack
    {
        type            empty;
    }
}


// ************************************************************************* //
