/*--------------------------------*- C++ -*----------------------------------*\
  =========                 |
  \\      /  F ield         | OpenFOAM: The Open Source CFD Toolbox
   \\    /   O peration     | Website:  https://openfoam.org
    \\  /    A nd           | Version:  11
     \\/     M anipulation  |
\*---------------------------------------------------------------------------*/
FoamFile
{
    format      ascii;
    class       volScalarField;
    location    "8.5";
    object      epsilon;
}
// * * * * * * * * * * * * * * * * * * * * * * * * * * * * * * * * * * * * * //

dimensions      [0 2 -3 0 0 0 0];

internalField   nonuniform List<scalar> 
400
(
2.15246e-05
7.64989e-05
0.000308706
0.00062792
0.000839621
0.00100207
0.00113433
0.0012609
0.00137206
0.00148588
0.00159245
0.00170512
0.00181839
0.0018929
0.00192685
0.00192934
0.00178619
0.00141186
0.000871451
0.000627723
9.69741e-05
0.000281733
0.000734293
0.00101072
0.00107609
0.00110132
0.00111012
0.00115163
0.00120166
0.00128964
0.00139916
0.00154182
0.00171085
0.00191092
0.0021311
0.00234865
0.00245088
0.00245829
0.00194035
0.00127308
0.000315604
0.000835775
0.00105822
0.00108693
0.00106425
0.00104983
0.00104144
0.00107803
0.00113812
0.00121561
0.00130453
0.00140445
0.00152348
0.00167127
0.00185489
0.00207849
0.00227436
0.00235262
0.00216934
0.00163124
0.000706841
0.00111576
0.00113293
0.0010534
0.000991202
0.000952629
0.000944502
0.000962807
0.000989592
0.00101906
0.00105853
0.00112022
0.00121689
0.00135954
0.00156968
0.00185503
0.00217159
0.00231746
0.00227555
0.00186269
0.00101658
0.00126089
0.00110592
0.000966274
0.000870783
0.000822073
0.000792634
0.00077092
0.000751605
0.000743293
0.000744362
0.000784115
0.00086713
0.00101586
0.00125986
0.00162759
0.00211452
0.00240842
0.00244806
0.00203573
0.00117979
0.00125328
0.0010338
0.000854856
0.000755706
0.000690501
0.000632272
0.000574803
0.000521873
0.000488968
0.000476551
0.000489013
0.000559067
0.000697762
0.000949771
0.00137086
0.0020038
0.00255719
0.00269798
0.00217498
0.00120679
0.00120609
0.000933679
0.000757168
0.000654974
0.00057412
0.00049447
0.00041691
0.000350497
0.000308186
0.000290372
0.000289048
0.000338812
0.00045253
0.000680545
0.00110936
0.00184154
0.00269759
0.0029853
0.00228271
0.00118847
0.00110882
0.000842567
0.000676913
0.000574132
0.000483565
0.000393153
0.000309608
0.000243219
0.000201958
0.000183736
0.000180454
0.000211079
0.000292212
0.000477015
0.000871243
0.00163273
0.00277022
0.00333711
0.00237047
0.00114247
0.00100013
0.00076386
0.000614303
0.00051409
0.000420102
0.000327333
0.000245687
0.000184497
0.000148263
0.000132677
0.000130145
0.000150385
0.000206174
0.000344788
0.000690053
0.00146812
0.00278955
0.00368477
0.00243134
0.00105282
0.000908215
0.000700636
0.000567547
0.000472301
0.000380102
0.000289937
0.000212813
0.000157694
0.000125611
0.000111873
0.000110781
0.000125487
0.000166258
0.000269843
0.000553947
0.0012992
0.00278321
0.00405473
0.00247659
0.000959744
0.000828762
0.000650376
0.000533251
0.00044503
0.000357596
0.000273153
0.000203864
0.000153958
0.000123232
0.000108046
0.000106932
0.000118472
0.000151642
0.00023573
0.000474219
0.00116285
0.0027426
0.00438449
0.0024982
0.000878207
0.000778652
0.000615833
0.000510701
0.000428695
0.000349485
0.000274072
0.000208263
0.00016025
0.000130221
0.000115056
0.00011403
0.000122228
0.000149515
0.000224906
0.000437145
0.00106579
0.00271487
0.00467293
0.00250709
0.000790451
0.000736765
0.000595901
0.000498334
0.000424512
0.000351967
0.000281321
0.00022104
0.000176394
0.000147498
0.000131671
0.00013091
0.000138328
0.000162895
0.000228889
0.000425488
0.00102044
0.0027024
0.00482059
0.00250824
0.000708542
0.000717089
0.000602524
0.000503252
0.000430256
0.000361676
0.000298007
0.000244266
0.000202914
0.000175144
0.000158023
0.000157223
0.000164535
0.000189273
0.000254952
0.00044146
0.00100688
0.00270177
0.00487675
0.0024997
0.000615986
0.000690557
0.000616873
0.000520936
0.000448441
0.000383079
0.000324209
0.00027483
0.000236473
0.000210701
0.00019309
0.000193115
0.000201156
0.000228352
0.000299202
0.000494574
0.00104756
0.0027563
0.00484093
0.0024525
0.000520247
0.000680095
0.000649657
0.000569986
0.000493601
0.000427875
0.000369566
0.000320769
0.000282302
0.000256667
0.00023871
0.000239691
0.000250519
0.000284859
0.000371024
0.000599054
0.00117675
0.0028839
0.00457259
0.00236694
0.000414586
0.000631889
0.000662523
0.000635193
0.000576216
0.00051145
0.000449877
0.000396657
0.000354785
0.000325808
0.000310188
0.000314359
0.000333881
0.000388941
0.000517303
0.000837548
0.00149964
0.00316701
0.00412386
0.00222572
0.000276544
0.000558634
0.000734223
0.000785265
0.000767058
0.000712894
0.000642876
0.000579885
0.000533198
0.000501771
0.000504116
0.000526606
0.000584666
0.000717004
0.000988191
0.00161684
0.00243674
0.00372597
0.00382372
0.00203553
0.000293329
0.000563407
0.000960085
0.00114027
0.00120109
0.00119582
0.00117298
0.00116367
0.00118017
0.00123236
0.00134373
0.00155063
0.00184016
0.00231183
0.00291908
0.00385501
0.00454816
0.00438106
0.00377606
0.00176894
0.000211902
0.000330495
0.000605686
0.000875509
0.00108001
0.00120786
0.00127985
0.00132443
0.00134574
0.00136031
0.00136677
0.00137978
0.00139216
0.00141981
0.00144128
0.00149673
0.00156453
0.00164238
0.00162541
0.00145319
)
;

boundaryField
{
    movingWall
    {
        type            epsilonWallFunction;
        value           nonuniform List<scalar> 
20
(
0.000211902
0.000330495
0.000605686
0.000875509
0.00108001
0.00120786
0.00127985
0.00132443
0.00134574
0.00136031
0.00136677
0.00137978
0.00139216
0.00141981
0.00144128
0.00149673
0.00156453
0.00164238
0.00162541
0.00145319
)
;
    }
    fixedWalls
    {
        type            epsilonWallFunction;
        value           nonuniform List<scalar> 
60
(
2.15246e-05
9.69741e-05
0.000315604
0.000706841
0.00101658
0.00117979
0.00120679
0.00118847
0.00114247
0.00105282
0.000959744
0.000878207
0.000790451
0.000708542
0.000615986
0.000520247
0.000414586
0.000276544
0.000293329
0.000211902
0.000627723
0.00127308
0.00163124
0.00186269
0.00203573
0.00217498
0.00228271
0.00237047
0.00243134
0.00247659
0.0024982
0.00250709
0.00250824
0.0024997
0.0024525
0.00236694
0.00222572
0.00203553
0.00176894
0.00145319
2.15246e-05
7.64989e-05
0.000308706
0.00062792
0.000839621
0.00100207
0.00113433
0.0012609
0.00137206
0.00148588
0.00159245
0.00170512
0.00181839
0.0018929
0.00192685
0.00192934
0.00178619
0.00141186
0.000871451
0.000627723
)
;
    }
    frontAndBack
    {
        type            empty;
    }
}


// ************************************************************************* //
