/*--------------------------------*- C++ -*----------------------------------*\
  =========                 |
  \\      /  F ield         | OpenFOAM: The Open Source CFD Toolbox
   \\    /   O peration     | Website:  https://openfoam.org
    \\  /    A nd           | Version:  11
     \\/     M anipulation  |
\*---------------------------------------------------------------------------*/
FoamFile
{
    format      ascii;
    class       volScalarField;
    location    "8.5";
    object      k;
}
// * * * * * * * * * * * * * * * * * * * * * * * * * * * * * * * * * * * * * //

dimensions      [0 2 -2 0 0 0 0];

internalField   nonuniform List<scalar> 
400
(
6.73239e-06
2.39322e-05
9.65432e-05
0.000196312
0.000262463
0.000313229
0.000354558
0.000394112
0.000428849
0.000464416
0.000497721
0.00053293
0.000568326
0.000591606
0.000602211
0.000602988
0.000558234
0.000441239
0.000272355
0.000196186
3.033e-05
0.000108371
0.000236229
0.000396925
0.000466654
0.000543349
0.000589285
0.000655011
0.00070835
0.000771516
0.000831124
0.000893653
0.0009493
0.00100998
0.00106348
0.00109068
0.00109689
0.000986201
0.000654726
0.000397849
9.86932e-05
0.000340598
0.000510816
0.000594057
0.000651098
0.00070023
0.000740173
0.000790515
0.000835868
0.000884468
0.000929187
0.00097242
0.00101431
0.00106142
0.00110769
0.00114164
0.00115426
0.00110737
0.000804213
0.00050975
0.000221007
0.000554091
0.000644137
0.000682251
0.000711259
0.000735714
0.000764689
0.000797994
0.000829638
0.000859273
0.000883989
0.000913512
0.00095419
0.00100801
0.00107709
0.00114598
0.00117699
0.00117795
0.000944967
0.000582063
0.00031782
0.000669704
0.000697212
0.000698816
0.000710467
0.000728012
0.000745106
0.000752914
0.000752983
0.000747587
0.000747324
0.000768137
0.000810889
0.000881797
0.000987591
0.00112313
0.00121888
0.00124312
0.00106839
0.000636126
0.000368826
0.000700122
0.000701199
0.000694567
0.000697614
0.000698351
0.000683243
0.00065129
0.000619643
0.000598715
0.000590985
0.000599455
0.000642406
0.000722571
0.000853909
0.00104188
0.00123852
0.00131858
0.00120423
0.000679634
0.000377261
0.000692624
0.000693947
0.000679607
0.000666511
0.00064128
0.000600136
0.000548386
0.000502393
0.000472227
0.000460045
0.000460297
0.000497878
0.000575982
0.000714947
0.00093634
0.00123637
0.00139264
0.00133169
0.000713293
0.000371536
0.000673248
0.000675709
0.000652295
0.000628414
0.000587566
0.000530766
0.000469253
0.00041793
0.000384541
0.000370051
0.000368265
0.000397129
0.000464666
0.000593268
0.000820304
0.00117198
0.00145592
0.00146903
0.000740715
0.000357158
0.000635401
0.000645472
0.000623798
0.000594649
0.000545519
0.000481613
0.000417301
0.00036597
0.00033312
0.000318613
0.000316619
0.000338288
0.000392955
0.000505386
0.000720332
0.00109191
0.00150038
0.00158842
0.000759738
0.000329138
0.000603279
0.000616994
0.000598898
0.000568616
0.000516871
0.000451868
0.000388667
0.000339686
0.000308378
0.000294167
0.000293222
0.000310609
0.000355071
0.000449334
0.000647335
0.00101926
0.00152072
0.00171039
0.000773883
0.000300045
0.000560873
0.000585575
0.000575181
0.000547692
0.000498998
0.000437123
0.000378591
0.000332859
0.000302533
0.000286997
0.000286626
0.000301194
0.000339047
0.000421806
0.000599608
0.000962111
0.0015281
0.00181132
0.000780643
0.000274559
0.000525414
0.000561747
0.000557234
0.000535102
0.000489787
0.000435515
0.000381124
0.000337278
0.000307674
0.000291901
0.000291267
0.000301958
0.000335376
0.000412197
0.000576743
0.000918074
0.0015303
0.00189355
0.000783428
0.000247128
0.000479131
0.000533548
0.000536754
0.000523405
0.000488477
0.000439231
0.000389975
0.000349869
0.000321998
0.000306518
0.000306723
0.000316478
0.000346421
0.000415347
0.000570028
0.000896177
0.0015311
0.00193256
0.000783791
0.000221524
0.000449427
0.000518013
0.000525376
0.00051676
0.000490963
0.000448785
0.000407019
0.000371572
0.000346039
0.000330997
0.00033172
0.000341624
0.000371129
0.000437894
0.000583792
0.000889278
0.00153
0.00194377
0.000781139
0.000192593
0.000401672
0.000492161
0.000515485
0.000513655
0.000497919
0.000464645
0.000429235
0.000398823
0.000376558
0.000363207
0.000364661
0.000375335
0.000405594
0.000472371
0.000617732
0.000900665
0.00152801
0.00190334
0.000766385
0.000162663
0.00037293
0.00047916
0.000517826
0.000520953
0.000512652
0.000490773
0.00046107
0.000434259
0.00041395
0.000401486
0.000403568
0.000415412
0.000447994
0.000518315
0.000674906
0.000938631
0.00152903
0.00181015
0.000739656
0.000129635
0.000311532
0.000444647
0.000522396
0.000542998
0.00054034
0.000527592
0.000501852
0.000477126
0.000457212
0.000447444
0.000451429
0.000467386
0.00050795
0.000590329
0.000777577
0.00103199
0.0015494
0.00164658
0.000695518
8.64667e-05
0.000267144
0.000454313
0.000557436
0.000615561
0.000617109
0.000608926
0.000587518
0.000564728
0.000545892
0.000546441
0.000557815
0.000588571
0.000658767
0.000778512
0.00104069
0.00131532
0.00160081
0.00146651
0.00063609
9.16962e-05
0.000284787
0.000503963
0.000630618
0.000704945
0.000734152
0.000750867
0.000765681
0.000784312
0.000814493
0.000866741
0.0009477
0.00105907
0.00122603
0.00142465
0.00171748
0.001824
0.00170502
0.00135197
0.00055278
6.62399e-05
0.000103309
0.000189329
0.000273681
0.000337596
0.00037756
0.000400056
0.000413987
0.000420646
0.000425193
0.000427206
0.000431262
0.000435123
0.000443748
0.000450446
0.000467757
0.000488937
0.000513246
0.00050794
0.000454106
)
;

boundaryField
{
    movingWall
    {
        type            kqRWallFunction;
        value           nonuniform List<scalar> 
20
(
6.62399e-05
0.000103309
0.000189329
0.000273681
0.000337596
0.00037756
0.000400056
0.000413987
0.000420646
0.000425193
0.000427206
0.000431262
0.000435123
0.000443748
0.000450446
0.000467757
0.000488937
0.000513246
0.00050794
0.000454106
)
;
    }
    fixedWalls
    {
        type            kqRWallFunction;
        value           nonuniform List<scalar> 
60
(
6.73239e-06
3.033e-05
9.86932e-05
0.000221007
0.00031782
0.000368826
0.000377261
0.000371536
0.000357158
0.000329138
0.000300045
0.000274559
0.000247128
0.000221524
0.000192593
0.000162663
0.000129635
8.64667e-05
9.16962e-05
6.62399e-05
0.000196186
0.000397849
0.00050975
0.000582063
0.000636126
0.000679634
0.000713293
0.000740715
0.000759738
0.000773883
0.000780643
0.000783428
0.000783791
0.000781139
0.000766385
0.000739656
0.000695518
0.00063609
0.00055278
0.000454106
6.73239e-06
2.39322e-05
9.65432e-05
0.000196312
0.000262463
0.000313229
0.000354558
0.000394112
0.000428849
0.000464416
0.000497721
0.00053293
0.000568326
0.000591606
0.000602211
0.000602988
0.000558234
0.000441239
0.000272355
0.000196186
)
;
    }
    frontAndBack
    {
        type            empty;
    }
}


// ************************************************************************* //
