/*--------------------------------*- C++ -*----------------------------------*\
  =========                 |
  \\      /  F ield         | OpenFOAM: The Open Source CFD Toolbox
   \\    /   O peration     | Website:  https://openfoam.org
    \\  /    A nd           | Version:  11
     \\/     M anipulation  |
\*---------------------------------------------------------------------------*/
FoamFile
{
    format      ascii;
    class       volScalarField;
    location    "8.5";
    object      nut;
}
// * * * * * * * * * * * * * * * * * * * * * * * * * * * * * * * * * * * * * //

dimensions      [0 2 -1 0 0 0 0];

internalField   nonuniform List<scalar> 
400
(
1.89516e-07
6.73836e-07
2.71732e-06
5.5237e-06
7.38405e-06
8.81185e-06
9.97421e-06
1.10867e-05
1.20636e-05
1.3064e-05
1.40006e-05
1.49909e-05
1.59864e-05
1.6641e-05
1.69392e-05
1.69609e-05
1.57018e-05
1.24107e-05
7.66074e-06
5.51834e-06
8.53753e-07
3.75176e-06
6.83975e-06
1.40291e-05
1.82131e-05
2.4126e-05
2.8153e-05
3.35295e-05
3.75799e-05
4.15398e-05
4.44332e-05
4.66173e-05
4.74065e-05
4.80425e-05
4.7764e-05
4.55844e-05
4.41822e-05
3.56074e-05
1.98831e-05
1.11898e-05
2.77763e-06
1.24922e-05
2.2192e-05
2.92211e-05
3.58502e-05
4.20343e-05
4.73449e-05
5.21715e-05
5.52497e-05
5.79179e-05
5.95653e-05
6.05959e-05
6.07785e-05
6.06696e-05
5.95333e-05
5.64356e-05
5.27219e-05
4.69115e-05
2.68322e-05
1.43363e-05
6.21915e-06
2.47648e-05
3.29607e-05
3.97682e-05
4.59341e-05
5.11371e-05
5.57198e-05
5.95254e-05
6.25984e-05
6.52088e-05
6.64407e-05
6.70453e-05
6.73383e-05
6.72638e-05
6.65167e-05
6.37155e-05
5.74132e-05
5.38871e-05
3.53174e-05
1.63697e-05
8.94261e-06
3.20132e-05
3.95592e-05
4.5485e-05
5.217e-05
5.80242e-05
6.30385e-05
6.61796e-05
6.78928e-05
6.76714e-05
6.75268e-05
6.77236e-05
6.82466e-05
6.88885e-05
6.96744e-05
6.97527e-05
6.32344e-05
5.77483e-05
4.19646e-05
1.78899e-05
1.03772e-05
3.51999e-05
4.28043e-05
5.079e-05
5.79588e-05
6.35661e-05
6.64491e-05
6.6416e-05
6.62156e-05
6.59786e-05
6.59609e-05
6.61357e-05
6.64351e-05
6.73436e-05
6.9095e-05
7.12662e-05
6.88962e-05
6.1192e-05
4.83751e-05
1.91133e-05
1.06144e-05
3.57978e-05
4.64192e-05
5.48991e-05
6.10427e-05
6.44665e-05
6.55545e-05
6.49192e-05
6.48105e-05
6.51225e-05
6.55975e-05
6.59703e-05
6.58462e-05
6.59802e-05
6.7598e-05
7.11274e-05
7.4706e-05
6.47061e-05
5.34639e-05
2.00598e-05
1.04534e-05
3.67901e-05
4.87705e-05
5.65714e-05
6.19044e-05
6.4254e-05
6.44893e-05
6.40095e-05
6.46326e-05
6.58973e-05
6.70765e-05
6.76387e-05
6.72451e-05
6.65007e-05
6.64069e-05
6.95109e-05
7.57119e-05
6.88654e-05
5.82012e-05
2.0831e-05
1.00489e-05
3.63314e-05
4.90889e-05
5.70096e-05
6.19048e-05
6.37539e-05
6.37748e-05
6.37909e-05
6.53347e-05
6.73614e-05
6.88613e-05
6.93245e-05
6.84872e-05
6.74054e-05
6.66711e-05
6.76745e-05
7.30894e-05
7.26288e-05
6.16257e-05
2.1366e-05
9.26069e-06
3.60653e-05
4.89004e-05
5.68783e-05
6.16115e-05
6.32567e-05
6.33814e-05
6.38852e-05
6.58542e-05
6.81367e-05
6.96155e-05
6.98506e-05
6.91947e-05
6.82479e-05
6.73396e-05
6.8082e-05
7.19682e-05
7.47815e-05
6.49341e-05
2.17641e-05
8.44228e-06
3.41618e-05
4.74508e-05
5.58368e-05
6.06632e-05
6.26681e-05
6.2957e-05
6.32768e-05
6.47679e-05
6.68445e-05
6.86102e-05
6.91455e-05
6.89154e-05
6.82248e-05
6.79288e-05
6.82336e-05
7.16423e-05
7.66272e-05
6.7346e-05
2.19543e-05
7.7253e-06
3.19081e-05
4.6117e-05
5.47205e-05
6.01129e-05
6.17772e-05
6.22851e-05
6.27718e-05
6.38882e-05
6.5425e-05
6.66507e-05
6.69585e-05
6.71374e-05
6.77051e-05
6.7991e-05
6.84829e-05
7.11746e-05
7.7633e-05
6.90569e-05
2.20328e-05
6.95362e-06
2.80428e-05
4.29947e-05
5.20323e-05
5.80803e-05
6.10139e-05
6.17201e-05
6.19219e-05
6.24555e-05
6.32648e-05
6.42191e-05
6.46786e-05
6.51658e-05
6.63043e-05
6.78326e-05
6.87303e-05
7.08338e-05
7.80727e-05
6.97281e-05
2.20431e-05
6.23331e-06
2.53506e-05
4.00819e-05
4.93625e-05
5.5859e-05
5.99819e-05
6.08265e-05
6.10394e-05
6.12374e-05
6.15314e-05
6.2398e-05
6.29896e-05
6.38381e-05
6.54943e-05
6.76895e-05
6.94812e-05
7.06872e-05
7.79791e-05
6.97273e-05
2.19691e-05
5.41941e-06
2.10274e-05
3.53396e-05
4.59083e-05
5.29518e-05
5.82467e-05
5.99322e-05
6.0335e-05
6.05372e-05
6.05674e-05
6.14883e-05
6.19735e-05
6.30302e-05
6.48368e-05
6.71188e-05
6.94403e-05
6.96933e-05
7.62376e-05
6.73511e-05
2.15539e-05
4.57732e-06
1.84046e-05
3.18068e-05
4.23395e-05
4.94839e-05
5.52804e-05
5.8656e-05
5.96463e-05
6.01208e-05
6.00855e-05
6.07734e-05
6.11539e-05
6.19955e-05
6.341e-05
6.51672e-05
6.84327e-05
6.73824e-05
7.29615e-05
6.44927e-05
2.08025e-05
3.64815e-06
1.38232e-05
2.68579e-05
3.86667e-05
4.60525e-05
5.13776e-05
5.56857e-05
5.71452e-05
5.77489e-05
5.77454e-05
5.8089e-05
5.8344e-05
5.88846e-05
5.97035e-05
6.06298e-05
6.49709e-05
6.3916e-05
6.82211e-05
5.91706e-05
1.95609e-05
2.4332e-06
1.14976e-05
2.53003e-05
3.56136e-05
4.44587e-05
4.80775e-05
5.19093e-05
5.35727e-05
5.38311e-05
5.34503e-05
5.33087e-05
5.31787e-05
5.33252e-05
5.44734e-05
5.51991e-05
6.02866e-05
6.38991e-05
6.18987e-05
5.06206e-05
1.78897e-05
2.57982e-06
1.29557e-05
2.38084e-05
3.13882e-05
3.72373e-05
4.05649e-05
4.32591e-05
4.53426e-05
4.6911e-05
4.84484e-05
5.03162e-05
5.21286e-05
5.48577e-05
5.85182e-05
6.25766e-05
6.8865e-05
6.58353e-05
5.97204e-05
4.35647e-05
1.55466e-05
1.86358e-06
2.90642e-06
5.32633e-06
7.69964e-06
9.49748e-06
1.06218e-05
1.12545e-05
1.16462e-05
1.18336e-05
1.19613e-05
1.20177e-05
1.21315e-05
1.22399e-05
1.2482e-05
1.26701e-05
1.31564e-05
1.3752e-05
1.44351e-05
1.42858e-05
1.27713e-05
)
;

boundaryField
{
    movingWall
    {
        type            nutkWallFunction;
        Cmu             0.09;
        kappa           0.41;
        E               9.8;
        value           uniform 0;
    }
    fixedWalls
    {
        type            nutkWallFunction;
        Cmu             0.09;
        kappa           0.41;
        E               9.8;
        value           uniform 0;
    }
    frontAndBack
    {
        type            empty;
    }
}


// ************************************************************************* //
