/*--------------------------------*- C++ -*----------------------------------*\
  =========                 |
  \\      /  F ield         | OpenFOAM: The Open Source CFD Toolbox
   \\    /   O peration     | Website:  https://openfoam.org
    \\  /    A nd           | Version:  11
     \\/     M anipulation  |
\*---------------------------------------------------------------------------*/
FoamFile
{
    format      ascii;
    class       volScalarField;
    location    "8.5";
    object      p;
}
// * * * * * * * * * * * * * * * * * * * * * * * * * * * * * * * * * * * * * //

dimensions      [0 2 -2 0 0 0 0];

internalField   nonuniform List<scalar> 
400
(
-2.22138e-08
-8.572e-05
-0.000150931
-0.000397954
-0.0012692
-0.00273453
-0.00443573
-0.0060547
-0.00735627
-0.00821736
-0.00853254
-0.00821432
-0.00724984
-0.00562025
-0.00332665
-0.000502142
0.00255149
0.00524667
0.00692005
0.00728143
8.50823e-05
-1.70549e-05
-0.000246184
-0.000878051
-0.00201738
-0.00356709
-0.00524008
-0.00679085
-0.00804802
-0.00889313
-0.00923042
-0.00901378
-0.00819734
-0.00673134
-0.00463348
-0.00197775
0.00099152
0.00379782
0.00579767
0.00659845
0.000246936
-9.67845e-05
-0.000738466
-0.00180991
-0.00327812
-0.00494641
-0.00660415
-0.00809421
-0.00929849
-0.0100889
-0.010404
-0.0102149
-0.00950041
-0.00824688
-0.00644795
-0.00414228
-0.00146947
0.00127013
0.00356771
0.00472816
-1.36082e-05
-0.000591756
-0.0016619
-0.00315414
-0.00488258
-0.00664216
-0.00827216
-0.00965943
-0.010713
-0.0113856
-0.0116524
-0.0114949
-0.0108929
-0.00983962
-0.00833314
-0.00639671
-0.00410408
-0.00162644
0.000666561
0.00189643
-0.000859687
-0.00163568
-0.00300367
-0.00472786
-0.00655863
-0.00830494
-0.00984076
-0.011092
-0.0120147
-0.0125923
-0.0128159
-0.0126786
-0.0121742
-0.0113021
-0.0100636
-0.00847402
-0.00657412
-0.00445501
-0.00237314
-0.00120931
-0.00225194
-0.00311004
-0.00457309
-0.00633115
-0.00812818
-0.00978244
-0.0111927
-0.0123124
-0.0131242
-0.0136236
-0.013811
-0.0136892
-0.0132627
-0.0125379
-0.0115219
-0.0102273
-0.00868101
-0.00693764
-0.00524615
-0.00414497
-0.0038579
-0.00471775
-0.00612534
-0.00780048
-0.00948767
-0.0110139
-0.0122943
-0.0132972
-0.0140166
-0.014455
-0.0146177
-0.0145119
-0.0141467
-0.0135346
-0.0126893
-0.0116255
-0.0103684
-0.00895883
-0.00764094
-0.00666039
-0.00534978
-0.0061613
-0.00745607
-0.0090115
-0.0105683
-0.0119664
-0.0131321
-0.0140405
-0.0146899
-0.0150855
-0.015234
-0.0151437
-0.0148251
-0.014294
-0.013571
-0.0126767
-0.0116404
-0.0104973
-0.00948832
-0.00862019
-0.00650699
-0.00726556
-0.00844068
-0.00988455
-0.0113262
-0.0126211
-0.0137013
-0.0145437
-0.0151469
-0.0155161
-0.0156578
-0.0155795
-0.0152918
-0.0148123
-0.0141674
-0.0133858
-0.0125104
-0.0115517
-0.0107659
-0.00999909
-0.00724838
-0.00792364
-0.0090098
-0.0103775
-0.0117379
-0.0129681
-0.0139995
-0.0148071
-0.0153874
-0.0157443
-0.0158836
-0.0158118
-0.0155391
-0.0150839
-0.0144777
-0.0137549
-0.012991
-0.0121243
-0.0115243
-0.010783
-0.00753131
-0.00812676
-0.00915819
-0.010477
-0.0117969
-0.0130037
-0.0140243
-0.0148279
-0.0154076
-0.0157652
-0.0159053
-0.0158336
-0.0155601
-0.0151038
-0.0145003
-0.0137828
-0.0130949
-0.0122102
-0.0118012
-0.0109725
-0.00734667
-0.00789875
-0.00889402
-0.0101907
-0.0115087
-0.0127283
-0.0137721
-0.0146013
-0.0152024
-0.0155739
-0.0157186
-0.0156411
-0.0153516
-0.0148698
-0.0142351
-0.0134998
-0.0127857
-0.0118548
-0.0116411
-0.0105543
-0.00677178
-0.00730707
-0.00827664
-0.00954852
-0.0108886
-0.0121484
-0.0132442
-0.0141258
-0.0147702
-0.0151697
-0.0153243
-0.0152365
-0.0149174
-0.0143878
-0.0136936
-0.0128933
-0.012099
-0.0111278
-0.0110024
-0.00955493
-0.00593472
-0.00643871
-0.00736675
-0.00859642
-0.00995414
-0.0112709
-0.0124433
-0.0134035
-0.014114
-0.014558
-0.0147306
-0.0146316
-0.0142723
-0.0136757
-0.0128945
-0.011988
-0.0110822
-0.0100425
-0.00987581
-0.00804792
-0.00500591
-0.00543491
-0.006257
-0.00740236
-0.00875106
-0.0101274
-0.0113941
-0.0124555
-0.0132542
-0.0137605
-0.013963
-0.0138576
-0.0134537
-0.012776
-0.0118851
-0.0108367
-0.00978157
-0.0085998
-0.00828526
-0.00606827
-0.00417614
-0.00442271
-0.00502208
-0.00601597
-0.00732596
-0.00875884
-0.0101327
-0.0113157
-0.0122257
-0.0128157
-0.0130662
-0.0129688
-0.0125311
-0.0117711
-0.0107555
-0.00952934
-0.00826177
-0.00682493
-0.00621846
-0.00341186
-0.00362458
-0.00353276
-0.00378051
-0.00455509
-0.00579698
-0.00727603
-0.00876102
-0.0100791
-0.01112
-0.0118158
-0.0121365
-0.012067
-0.011621
-0.0107917
-0.00964384
-0.00819415
-0.00660358
-0.00471741
-0.0034526
0.000735792
-0.00336029
-0.00275635
-0.00258391
-0.00311836
-0.00428002
-0.00579058
-0.00737861
-0.00883846
-0.0100283
-0.0108547
-0.0112733
-0.0112591
-0.0108248
-0.00995926
-0.00869047
-0.00697018
-0.00490389
-0.00219012
0.000605949
0.00816781
-0.00331076
-0.00210836
-0.00164081
-0.00199368
-0.00307923
-0.00460997
-0.00628618
-0.00787246
-0.00919749
-0.0101535
-0.0106805
-0.0107512
-0.0103498
-0.00945606
-0.00805076
-0.00603548
-0.00332097
0.000979176
0.00712841
0.0201662
-0.00384162
-0.000748836
-0.000165502
-0.000694371
-0.00182789
-0.00341308
-0.0052018
-0.00692086
-0.00837668
-0.00944517
-0.0100625
-0.0101911
-0.00980965
-0.0088923
-0.00739774
-0.00515683
-0.00131871
0.00559733
0.0176089
0.0355731
)
;

boundaryField
{
    movingWall
    {
        type            zeroGradient;
    }
    fixedWalls
    {
        type            zeroGradient;
    }
    frontAndBack
    {
        type            empty;
    }
}


// ************************************************************************* //
