/*--------------------------------*- C++ -*----------------------------------*\
  =========                 |
  \\      /  F ield         | OpenFOAM: The Open Source CFD Toolbox
   \\    /   O peration     | Website:  https://openfoam.org
    \\  /    A nd           | Version:  11
     \\/     M anipulation  |
\*---------------------------------------------------------------------------*/
FoamFile
{
    format      ascii;
    class       surfaceScalarField;
    location    "8.5";
    object      phi;
}
// * * * * * * * * * * * * * * * * * * * * * * * * * * * * * * * * * * * * * //

dimensions      [0 3 -1 0 0 0 0];

internalField   nonuniform List<scalar> 
760
(
1.19777e-07
-1.19774e-07
-1.52566e-07
2.72343e-07
-9.85605e-07
8.33039e-07
-2.29429e-06
1.30869e-06
-3.6832e-06
1.38891e-06
-4.92e-06
1.2368e-06
-5.96547e-06
1.04547e-06
-6.79358e-06
8.2811e-07
-7.40015e-06
6.06567e-07
-7.80246e-06
4.02313e-07
-8.01375e-06
2.1129e-07
-8.02409e-06
1.03327e-08
-7.82852e-06
-1.95572e-07
-7.42594e-06
-4.02578e-07
-6.74943e-06
-6.7651e-07
-5.77396e-06
-9.75468e-07
-4.44457e-06
-1.32938e-06
-2.80444e-06
-1.64013e-06
-1.07522e-06
-1.72922e-06
-1.07522e-06
-3.97973e-07
2.78199e-07
-1.39452e-06
1.26889e-06
-2.75201e-06
2.19052e-06
-3.99546e-06
2.55215e-06
-5.05845e-06
2.45189e-06
-5.99168e-06
2.17003e-06
-6.7525e-06
1.80629e-06
-7.34873e-06
1.42434e-06
-7.79519e-06
1.05303e-06
-8.08559e-06
6.92711e-07
-8.2053e-06
3.30998e-07
-8.15275e-06
-4.22166e-08
-7.94608e-06
-4.02244e-07
-7.5448e-06
-8.03854e-07
-6.9454e-06
-1.27591e-06
-6.10051e-06
-1.82036e-06
-4.97269e-06
-2.45721e-06
-3.50039e-06
-3.11243e-06
-1.71858e-06
-3.51104e-06
-2.7938e-06
-9.95673e-07
1.27387e-06
-2.31174e-06
2.58496e-06
-3.47354e-06
3.35232e-06
-4.43575e-06
3.51436e-06
-5.24852e-06
3.26466e-06
-5.91935e-06
2.84086e-06
-6.4455e-06
2.33244e-06
-6.81844e-06
1.79729e-06
-7.05788e-06
1.29246e-06
-7.16684e-06
8.01672e-07
-7.16778e-06
3.31944e-07
-7.07187e-06
-1.38133e-07
-6.86057e-06
-6.13543e-07
-6.51928e-06
-1.14514e-06
-6.03521e-06
-1.75999e-06
-5.37268e-06
-2.48289e-06
-4.50039e-06
-3.32949e-06
-3.35206e-06
-4.26075e-06
-1.84793e-06
-5.01517e-06
-4.64172e-06
-1.22416e-06
2.49804e-06
-2.42937e-06
3.79017e-06
-3.40145e-06
4.3244e-06
-4.15585e-06
4.26875e-06
-4.75018e-06
3.85899e-06
-5.19969e-06
3.29036e-06
-5.52027e-06
2.65303e-06
-5.73858e-06
2.01559e-06
-5.86289e-06
1.41678e-06
-5.90834e-06
8.47118e-07
-5.87658e-06
3.0019e-07
-5.77012e-06
-2.44595e-07
-5.57635e-06
-8.07319e-07
-5.29397e-06
-1.42752e-06
-4.91298e-06
-2.14097e-06
-4.40891e-06
-2.98696e-06
-3.7467e-06
-3.99171e-06
-2.86766e-06
-5.13978e-06
-1.64026e-06
-6.24258e-06
-6.28199e-06
-1.1566e-06
3.65464e-06
-2.17502e-06
4.80859e-06
-2.96225e-06
5.11163e-06
-3.55322e-06
4.85972e-06
-3.98822e-06
4.29399e-06
-4.29404e-06
3.59619e-06
-4.50043e-06
2.85942e-06
-4.63277e-06
2.14793e-06
-4.69787e-06
1.48188e-06
-4.70344e-06
8.52693e-07
-4.65055e-06
2.473e-07
-4.53988e-06
-3.5527e-07
-4.36776e-06
-9.79441e-07
-4.13572e-06
-1.65955e-06
-3.84032e-06
-2.43638e-06
-3.46747e-06
-3.3598e-06
-2.98216e-06
-4.47703e-06
-2.31705e-06
-5.80489e-06
-1.37152e-06
-7.1881e-06
-7.65351e-06
-9.52263e-07
4.6069e-06
-1.76552e-06
5.62185e-06
-2.38795e-06
5.73406e-06
-2.84211e-06
5.31388e-06
-3.16259e-06
4.61448e-06
-3.37937e-06
3.81297e-06
-3.52171e-06
3.00175e-06
-3.60748e-06
2.23371e-06
-3.64342e-06
1.51781e-06
-3.63376e-06
8.43035e-07
-3.57909e-06
1.92633e-07
-3.47879e-06
-4.55579e-07
-3.33205e-06
-1.12617e-06
-3.14155e-06
-1.85006e-06
-2.91024e-06
-2.66768e-06
-2.63587e-06
-3.63418e-06
-2.30145e-06
-4.81144e-06
-1.84099e-06
-6.26535e-06
-1.10823e-06
-7.92086e-06
-8.76174e-06
-7.21839e-07
5.32874e-06
-1.3247e-06
6.22471e-06
-1.78919e-06
6.19855e-06
-2.12477e-06
5.64945e-06
-2.35976e-06
4.84948e-06
-2.51862e-06
3.97183e-06
-2.62329e-06
3.10642e-06
-2.68604e-06
2.29645e-06
-2.7127e-06
1.54447e-06
-2.70569e-06
8.36031e-07
-2.66388e-06
1.50822e-07
-2.58516e-06
-5.34306e-07
-2.46835e-06
-1.24298e-06
-2.31659e-06
-2.00181e-06
-2.13751e-06
-2.84676e-06
-1.93686e-06
-3.83483e-06
-1.70731e-06
-5.04099e-06
-1.39548e-06
-6.57718e-06
-9.07108e-07
-8.40924e-06
-9.66885e-06
-4.6997e-07
5.79871e-06
-8.90183e-07
6.64492e-06
-1.20983e-06
6.5182e-06
-1.44326e-06
5.88288e-06
-1.6098e-06
5.01602e-06
-1.72626e-06
4.08829e-06
-1.80655e-06
3.18671e-06
-1.85807e-06
2.34798e-06
-1.88472e-06
1.57112e-06
-1.88733e-06
8.38642e-07
-1.86379e-06
1.27281e-07
-1.81144e-06
-5.86655e-07
-1.72879e-06
-1.32563e-06
-1.61867e-06
-2.11194e-06
-1.4908e-06
-2.97463e-06
-1.35728e-06
-3.96835e-06
-1.21681e-06
-5.18146e-06
-1.02633e-06
-6.76766e-06
-7.01163e-07
-8.73441e-06
-1.037e-05
-2.51795e-07
6.0505e-06
-4.84848e-07
6.87797e-06
-6.65312e-07
6.69866e-06
-8.0671e-07
6.02428e-06
-9.12855e-07
5.12217e-06
-9.93e-07
4.16844e-06
-1.05329e-06
3.247e-06
-1.09657e-06
2.39125e-06
-1.12444e-06
1.59899e-06
-1.13675e-06
8.50947e-07
-1.13165e-06
1.22182e-07
-1.10694e-06
-6.11364e-07
-1.06149e-06
-1.37108e-06
-9.97823e-07
-2.17561e-06
-9.25671e-07
-3.04678e-06
-8.59578e-07
-4.03445e-06
-8.03122e-07
-5.23791e-06
-7.22264e-07
-6.84851e-06
-5.56509e-07
-8.90016e-06
-1.09265e-05
-2.63664e-08
6.07687e-06
-1.02266e-07
6.95387e-06
-1.61846e-07
6.75824e-06
-2.11711e-07
6.07414e-06
-2.56944e-07
5.1674e-06
-2.99431e-07
4.21092e-06
-3.38302e-07
3.28587e-06
-3.71684e-07
2.42464e-06
-3.98705e-07
1.62601e-06
-4.18787e-07
8.71029e-07
-4.31108e-07
1.34502e-07
-4.34574e-07
-6.07897e-07
-4.28982e-07
-1.37667e-06
-4.16508e-07
-2.18808e-06
-4.06178e-07
-3.05711e-06
-4.08136e-07
-4.03249e-06
-4.46064e-07
-5.19999e-06
-4.6643e-07
-6.82815e-06
-4.17234e-07
-8.94936e-06
-1.13438e-05
1.82978e-07
5.89389e-06
2.77026e-07
6.85983e-06
3.44798e-07
6.69047e-06
3.71785e-07
6.04715e-06
3.82248e-07
5.15694e-06
3.7763e-07
4.21554e-06
3.62941e-07
3.30056e-06
3.42681e-07
2.4449e-06
3.1927e-07
1.64942e-06
2.93323e-07
8.96976e-07
2.64483e-07
1.63342e-07
2.32365e-07
-5.7578e-07
1.95959e-07
-1.34027e-06
1.53124e-07
-2.14524e-06
9.69659e-08
-3.00095e-06
-2.15104e-10
-3.93531e-06
-1.0701e-07
-5.09319e-06
-2.46191e-07
-6.68897e-06
-3.20773e-07
-8.87478e-06
-1.16645e-05
3.81455e-07
5.51244e-06
6.34292e-07
6.60699e-06
8.22239e-07
6.50252e-06
9.39013e-07
5.93038e-06
1.01357e-06
5.08238e-06
1.05455e-06
4.17457e-06
1.07061e-06
3.2845e-06
1.06861e-06
2.44689e-06
1.05228e-06
1.66576e-06
1.02237e-06
9.26885e-07
9.77318e-07
2.08395e-07
9.15212e-07
-5.13673e-07
8.33246e-07
-1.2583e-06
7.28783e-07
-2.04078e-06
5.95005e-07
-2.86718e-06
4.28545e-07
-3.76885e-06
2.05081e-07
-4.86973e-06
-6.07577e-08
-6.42313e-06
-2.1266e-07
-8.72287e-06
-1.18772e-05
5.75641e-07
4.9368e-06
9.82637e-07
6.19999e-06
1.2883e-06
6.19686e-06
1.50063e-06
5.71805e-06
1.64698e-06
4.93603e-06
1.74326e-06
4.07829e-06
1.79926e-06
3.2285e-06
1.82292e-06
2.42323e-06
1.81884e-06
1.66984e-06
1.78799e-06
9.57733e-07
1.72772e-06
2.68664e-07
1.63507e-06
-4.21023e-07
1.50543e-06
-1.12866e-06
1.33484e-06
-1.87019e-06
1.1194e-06
-2.65174e-06
8.54906e-07
-3.50435e-06
5.17025e-07
-4.53185e-06
1.55577e-07
-6.06168e-06
-8.37313e-08
-8.48357e-06
-1.19609e-05
7.42711e-07
4.19408e-06
1.29354e-06
5.64916e-06
1.71368e-06
5.77673e-06
2.03958e-06
5.39215e-06
2.27672e-06
4.69888e-06
2.44461e-06
3.9104e-06
2.55468e-06
3.11843e-06
2.61539e-06
2.36251e-06
2.63183e-06
1.6534e-06
2.60518e-06
9.84383e-07
2.53211e-06
3.41736e-07
2.40816e-06
-2.97071e-07
2.22841e-06
-9.48912e-07
1.98727e-06
-1.62905e-06
1.68103e-06
-2.3455e-06
1.3095e-06
-3.13282e-06
8.59354e-07
-4.0817e-06
4.0283e-07
-5.60516e-06
7.05429e-08
-8.15128e-06
-1.18904e-05
8.84266e-07
3.30982e-06
1.55904e-06
4.97438e-06
2.10024e-06
5.23553e-06
2.55057e-06
4.94182e-06
2.89732e-06
4.35214e-06
3.15434e-06
3.65338e-06
3.33407e-06
2.93869e-06
3.4452e-06
2.25138e-06
3.49258e-06
1.60603e-06
3.47769e-06
9.99271e-07
3.39651e-06
4.22922e-07
3.24194e-06
-1.42503e-07
3.01126e-06
-7.18233e-07
2.69668e-06
-1.31447e-06
2.29337e-06
-1.9422e-06
1.80978e-06
-2.64923e-06
1.23819e-06
-3.51011e-06
6.67631e-07
-5.0346e-06
2.11295e-07
-7.69494e-06
-1.16791e-05
8.97744e-07
2.41207e-06
1.6829e-06
4.18923e-06
2.37168e-06
4.54675e-06
2.96967e-06
4.34382e-06
3.45681e-06
3.865e-06
3.83245e-06
3.27774e-06
4.10616e-06
2.66498e-06
4.28732e-06
2.07022e-06
4.38066e-06
1.51269e-06
4.38853e-06
9.91397e-07
4.3084e-06
5.0306e-07
4.13116e-06
3.4727e-08
3.85329e-06
-4.4036e-07
3.46918e-06
-9.30357e-07
2.971e-06
-1.44402e-06
2.3774e-06
-2.05563e-06
1.6805e-06
-2.81321e-06
9.89e-07
-4.34309e-06
4.08388e-07
-7.11433e-06
-1.12707e-05
8.08891e-07
1.60318e-06
1.67229e-06
3.32583e-06
2.52347e-06
3.69557e-06
3.28599e-06
3.5813e-06
3.9303e-06
3.22069e-06
4.44734e-06
2.76069e-06
4.83608e-06
2.27625e-06
5.1044e-06
1.8019e-06
5.25759e-06
1.3595e-06
5.29946e-06
9.49524e-07
5.22994e-06
5.72584e-07
5.05092e-06
2.13739e-07
4.74258e-06
-1.32012e-07
4.31534e-06
-5.03123e-07
3.75011e-06
-8.7879e-07
3.07054e-06
-1.37605e-06
2.27198e-06
-2.01465e-06
1.45792e-06
-3.52903e-06
6.86449e-07
-6.34286e-06
-1.05842e-05
3.12999e-07
1.29018e-06
1.30719e-06
2.33164e-06
2.3499e-06
2.65286e-06
3.32023e-06
2.61097e-06
4.15737e-06
2.38355e-06
4.84503e-06
2.07303e-06
5.38044e-06
1.74084e-06
5.76672e-06
1.41562e-06
6.01254e-06
1.11369e-06
6.12506e-06
8.37008e-07
6.10908e-06
5.88556e-07
5.97325e-06
3.49579e-07
5.71332e-06
1.27916e-07
5.32396e-06
-1.13767e-07
4.77872e-06
-3.33549e-07
4.10313e-06
-7.0046e-07
3.27152e-06
-1.18304e-06
2.36862e-06
-2.62613e-06
1.22149e-06
-5.19574e-06
-9.36275e-06
-5.29674e-07
1.81986e-06
5.63054e-07
1.23891e-06
1.91829e-06
1.29763e-06
3.16777e-06
1.3615e-06
4.24824e-06
1.30308e-06
5.15572e-06
1.16555e-06
5.8934e-06
1.00316e-06
6.45765e-06
8.51361e-07
6.86663e-06
7.04708e-07
7.12734e-06
5.763e-07
7.26177e-06
4.54123e-07
7.26556e-06
3.45788e-07
7.15334e-06
2.40138e-07
6.90815e-06
1.31424e-07
6.55214e-06
2.24644e-08
6.06922e-06
-2.17544e-07
5.40533e-06
-5.19149e-07
4.48184e-06
-1.70264e-06
2.64477e-06
-3.35867e-06
-6.71798e-06
1.81986e-06
3.05877e-06
4.3564e-06
5.71789e-06
7.02097e-06
8.18651e-06
9.18968e-06
1.0041e-05
1.07457e-05
1.1322e-05
1.17762e-05
1.2122e-05
1.23621e-05
1.24935e-05
1.2516e-05
1.22984e-05
1.17793e-05
1.00766e-05
6.71798e-06
)
;

boundaryField
{
    movingWall
    {
        type            calculated;
        value           uniform 0;
    }
    fixedWalls
    {
        type            calculated;
        value           uniform 0;
    }
    frontAndBack
    {
        type            empty;
    }
}


// ************************************************************************* //
