/*--------------------------------*- C++ -*----------------------------------*\
  =========                 |
  \\      /  F ield         | OpenFOAM: The Open Source CFD Toolbox
   \\    /   O peration     | Website:  https://openfoam.org
    \\  /    A nd           | Version:  11
     \\/     M anipulation  |
\*---------------------------------------------------------------------------*/
FoamFile
{
    format      ascii;
    class       volVectorField;
    location    "8.5";
    object      U;
}
// * * * * * * * * * * * * * * * * * * * * * * * * * * * * * * * * * * * * * //

dimensions      [0 1 -1 0 0 0 0];

internalField   nonuniform List<vector> 
400
(
(0.00261861 -0.00307121 0)
(0.00170157 -0.000450794 0)
(-0.00706496 0.00401108 0)
(-0.0296717 0.0113652 0)
(-0.0627125 0.0142524 0)
(-0.0886977 0.012257 0)
(-0.112246 0.0105138 0)
(-0.12991 0.00813849 0)
(-0.144059 0.00618845 0)
(-0.15361 0.00395469 0)
(-0.159275 0.0021863 0)
(-0.161442 0.000286891 0)
(-0.159972 -0.00283969 0)
(-0.15313 -0.00495255 0)
(-0.141891 -0.00831285 0)
(-0.124241 -0.0112547 0)
(-0.100765 -0.0146996 0)
(-0.0709814 -0.0166823 0)
(-0.0380213 -0.0151189 0)
(-0.00918278 -0.00422771 0)
(-0.00217439 -0.00164055 0)
(-0.0134024 0.0123525 0)
(-0.0400157 0.0313045 0)
(-0.068475 0.0404284 0)
(-0.0928931 0.0392019 0)
(-0.112856 0.0350118 0)
(-0.12977 0.0294544 0)
(-0.142217 0.0236806 0)
(-0.152899 0.0170725 0)
(-0.159863 0.0112489 0)
(-0.164052 0.00550308 0)
(-0.164669 -0.000149872 0)
(-0.161963 -0.0063899 0)
(-0.155687 -0.0132811 0)
(-0.145371 -0.0216261 0)
(-0.130171 -0.0311178 0)
(-0.109831 -0.0419702 0)
(-0.0839861 -0.0517122 0)
(-0.0523947 -0.0544968 0)
(-0.0193713 -0.0358264 0)
(-0.0083266 0.0143576 0)
(-0.0321922 0.0406152 0)
(-0.058631 0.0568428 0)
(-0.0808397 0.0609707 0)
(-0.0987616 0.0570652 0)
(-0.11335 0.0497433 0)
(-0.125009 0.0407983 0)
(-0.133836 0.0314509 0)
(-0.139893 0.0230805 0)
(-0.142915 0.01467 0)
(-0.144006 0.00640773 0)
(-0.142901 -0.00202285 0)
(-0.140093 -0.0108142 0)
(-0.134389 -0.0204844 0)
(-0.126048 -0.0317074 0)
(-0.114183 -0.044931 0)
(-0.0983245 -0.0604855 0)
(-0.0779234 -0.0774531 0)
(-0.0513342 -0.0899164 0)
(-0.02204 -0.0786043 0)
(-0.0123711 0.0382889 0)
(-0.0376624 0.0644798 0)
(-0.0604333 0.0770065 0)
(-0.077487 0.0776983 0)
(-0.0906765 0.0711666 0)
(-0.100809 0.061296 0)
(-0.108192 0.049869 0)
(-0.113396 0.0382186 0)
(-0.116544 0.0270738 0)
(-0.118173 0.0163616 0)
(-0.118309 0.00616174 0)
(-0.116917 -0.00405468 0)
(-0.113943 -0.0147333 0)
(-0.109128 -0.0265381 0)
(-0.102448 -0.0401306 0)
(-0.0934913 -0.0561901 0)
(-0.0815383 -0.0751045 0)
(-0.0656752 -0.0962906 0)
(-0.0439423 -0.1154 0)
(-0.0199928 -0.113358 0)
(-0.012478 0.0608384 0)
(-0.0354023 0.0855934 0)
(-0.0536331 0.0939752 0)
(-0.0669633 0.0911588 0)
(-0.0767995 0.0816341 0)
(-0.0837973 0.0690732 0)
(-0.0885778 0.0553396 0)
(-0.0917919 0.0418068 0)
(-0.0936478 0.0290342 0)
(-0.0943369 0.0169715 0)
(-0.0938553 0.00541605 0)
(-0.092215 -0.00611016 0)
(-0.0893857 -0.0180807 0)
(-0.0853144 -0.0312151 0)
(-0.0799958 -0.0463231 0)
(-0.073309 -0.0643368 0)
(-0.0647062 -0.0860601 0)
(-0.0527913 -0.111512 0)
(-0.0355604 -0.136996 0)
(-0.0175939 -0.142573 0)
(-0.0105656 0.0816003 0)
(-0.0292991 0.103729 0)
(-0.0435462 0.108144 0)
(-0.0539259 0.101724 0)
(-0.0611826 0.0892249 0)
(-0.0661246 0.0742732 0)
(-0.0694188 0.0587703 0)
(-0.0715872 0.0439255 0)
(-0.0727458 0.0300476 0)
(-0.0729866 0.0169532 0)
(-0.0723386 0.00434378 0)
(-0.0707883 -0.00820719 0)
(-0.0683119 -0.0211867 0)
(-0.0649134 -0.0352632 0)
(-0.0606491 -0.0512748 0)
(-0.0555582 -0.0702875 0)
(-0.049475 -0.0934534 0)
(-0.0409738 -0.121644 0)
(-0.029826 -0.152948 0)
(-0.0119518 -0.166332 0)
(-0.00862548 0.0987771 0)
(-0.0220171 0.118171 0)
(-0.0328232 0.119259 0)
(-0.0405077 0.109711 0)
(-0.0457399 0.0947707 0)
(-0.0493001 0.0779791 0)
(-0.0516954 0.0611921 0)
(-0.0532825 0.0453767 0)
(-0.054137 0.0306495 0)
(-0.0543248 0.016761 0)
(-0.0538418 0.0033469 0)
(-0.0526379 -0.0100374 0)
(-0.0506701 -0.0238688 0)
(-0.0479544 -0.0387246 0)
(-0.0445936 -0.0553914 0)
(-0.0407168 -0.075015 0)
(-0.0364633 -0.0989608 0)
(-0.0303807 -0.129136 0)
(-0.0239849 -0.164467 0)
(-0.00958051 -0.185836 0)
(-0.00569782 0.111343 0)
(-0.0146167 0.128933 0)
(-0.0223702 0.127454 0)
(-0.0276039 0.115552 0)
(-0.0312078 0.0988394 0)
(-0.033734 0.0807383 0)
(-0.0355123 0.0630261 0)
(-0.0367606 0.0464949 0)
(-0.0375169 0.0311561 0)
(-0.0378124 0.0166931 0)
(-0.0376132 0.0026724 0)
(-0.0368534 -0.0113721 0)
(-0.0354807 -0.0258937 0)
(-0.0335129 -0.0413754 0)
(-0.0310763 -0.0584751 0)
(-0.0283357 -0.0783384 0)
(-0.0257049 -0.102573 0)
(-0.0216564 -0.133949 0)
(-0.0193333 -0.172085 0)
(-0.00607345 -0.201281 0)
(-0.00349019 0.119156 0)
(-0.00777088 0.13563 0)
(-0.0124887 0.132571 0)
(-0.0154732 0.119381 0)
(-0.0176705 0.1016 0)
(-0.0193188 0.0827116 0)
(-0.02058 0.0644232 0)
(-0.0215603 0.0474276 0)
(-0.022256 0.0316887 0)
(-0.0226645 0.0168351 0)
(-0.0227443 0.00238311 0)
(-0.0224393 -0.0121484 0)
(-0.021706 -0.0271895 0)
(-0.0205587 -0.0431427 0)
(-0.0191442 -0.0605133 0)
(-0.0175818 -0.0803811 0)
(-0.0167224 -0.104591 0)
(-0.0141702 -0.136727 0)
(-0.0155581 -0.176867 0)
(-0.00426528 -0.213725 0)
(-0.000109546 0.122269 0)
(-0.00130011 0.13936 0)
(-0.0032347 0.13532 0)
(-0.00405946 0.121466 0)
(-0.00493265 0.103231 0)
(-0.00571026 0.0839958 0)
(-0.00643753 0.0654361 0)
(-0.00711922 0.0482003 0)
(-0.00771191 0.0322417 0)
(-0.00818764 0.0171654 0)
(-0.00851252 0.00246298 0)
(-0.00865523 -0.0123559 0)
(-0.00859902 -0.0277033 0)
(-0.00835327 -0.0439191 0)
(-0.0080821 -0.0613667 0)
(-0.00774112 -0.0810018 0)
(-0.00894242 -0.10483 0)
(-0.00758141 -0.137244 0)
(-0.0125198 -0.178827 0)
(-0.00179979 -0.223323 0)
(0.00209814 0.120718 0)
(0.00459007 0.139122 0)
(0.00577854 0.135108 0)
(0.00691842 0.121575 0)
(0.00735438 0.103512 0)
(0.00750757 0.0844423 0)
(0.00738753 0.06597 0)
(0.00707597 0.0487446 0)
(0.0066519 0.0327571 0)
(0.00615891 0.0176381 0)
(0.00561876 0.00288617 0)
(0.00503423 -0.0119901 0)
(0.00438321 -0.0273898 0)
(0.00365669 -0.0436192 0)
(0.00264719 -0.0609168 0)
(0.00165181 -0.0800613 0)
(-0.00176683 -0.103439 0)
(-0.00144815 -0.135549 0)
(-0.0102047 -0.178784 0)
(-6.92416e-05 -0.230634 0)
(0.00411251 0.116022 0)
(0.0104104 0.13611 0)
(0.0140606 0.133077 0)
(0.0173964 0.120586 0)
(0.019376 0.102898 0)
(0.020618 0.0842359 0)
(0.021266 0.0660622 0)
(0.0214505 0.0490393 0)
(0.0212857 0.0332046 0)
(0.0208323 0.0182325 0)
(0.0201013 0.00365095 0)
(0.0190745 -0.0110254 0)
(0.0176822 -0.0261919 0)
(0.015928 -0.0421441 0)
(0.0135727 -0.0590302 0)
(0.0108955 -0.0774497 0)
(0.00526687 -0.100024 0)
(0.00463665 -0.131511 0)
(-0.00838113 -0.176533 0)
(0.00257752 -0.235542 0)
(0.00632473 0.106617 0)
(0.0158243 0.129267 0)
(0.0224177 0.127586 0)
(0.027606 0.117037 0)
(0.031371 0.100552 0)
(0.0338674 0.0828032 0)
(0.0354653 0.065339 0)
(0.0363159 0.0488502 0)
(0.0365414 0.0334487 0)
(0.0362134 0.0188835 0)
(0.0353307 0.00474252 0)
(0.0338704 -0.00943477 0)
(0.0316995 -0.0240257 0)
(0.0288614 -0.0393491 0)
(0.0249515 -0.0555094 0)
(0.0205341 -0.0731106 0)
(0.0126775 -0.0944129 0)
(0.0106321 -0.125315 0)
(-0.00681232 -0.172463 0)
(0.00554518 -0.238424 0)
(0.008198 0.0936644 0)
(0.0206623 0.120656 0)
(0.0299476 0.121268 0)
(0.0372384 0.112314 0)
(0.0430626 0.0972968 0)
(0.0471887 0.0805999 0)
(0.0500478 0.0640087 0)
(0.0518285 0.0482551 0)
(0.0526475 0.0335114 0)
(0.0525851 0.0195975 0)
(0.0516246 0.00617418 0)
(0.0497563 -0.00719112 0)
(0.0467592 -0.0208411 0)
(0.0427874 -0.0351344 0)
(0.0371438 -0.0502041 0)
(0.0309318 -0.0666671 0)
(0.0206051 -0.086519 0)
(0.0169325 -0.117147 0)
(-0.00485239 -0.166698 0)
(0.0098323 -0.239416 0)
(0.00990287 0.0770065 0)
(0.0249138 0.107142 0)
(0.0366134 0.110676 0)
(0.0462641 0.103872 0)
(0.0543205 0.0910889 0)
(0.06046 0.0761698 0)
(0.0649349 0.0610354 0)
(0.0679496 0.0465297 0)
(0.0696063 0.0329091 0)
(0.0699996 0.0200734 0)
(0.0690753 0.00777695 0)
(0.0668688 -0.00437381 0)
(0.0630169 -0.0166328 0)
(0.0579124 -0.0294376 0)
(0.050386 -0.0429637 0)
(0.0423668 -0.0579956 0)
(0.0292185 -0.076276 0)
(0.0238985 -0.106885 0)
(-0.00249828 -0.159464 0)
(0.0149477 -0.239202 0)
(0.00999586 0.0579857 0)
(0.0269925 0.093774 0)
(0.040864 0.10017 0)
(0.0531343 0.0949965 0)
(0.0639899 0.0840664 0)
(0.0727785 0.0708956 0)
(0.0794301 0.0573296 0)
(0.0841261 0.0442633 0)
(0.0869646 0.032014 0)
(0.0880923 0.0205337 0)
(0.087381 0.00968212 0)
(0.0850214 -0.000927838 0)
(0.0803838 -0.0113923 0)
(0.0742877 -0.0222804 0)
(0.0648439 -0.0337834 0)
(0.0551803 -0.0470784 0)
(0.0390167 -0.0635411 0)
(0.0322342 -0.0945152 0)
(0.000687542 -0.150114 0)
(0.0217183 -0.236808 0)
(0.0085271 0.0386899 0)
(0.0262149 0.0735626 0)
(0.0424624 0.0824213 0)
(0.0577175 0.0798201 0)
(0.0716912 0.0716211 0)
(0.083569 0.0611779 0)
(0.0928588 0.0500851 0)
(0.0996347 0.0392781 0)
(0.103945 0.0291812 0)
(0.106089 0.0197773 0)
(0.105756 0.011027 0)
(0.103567 0.00255441 0)
(0.0984085 -0.00565262 0)
(0.0918505 -0.0141579 0)
(0.080908 -0.0230408 0)
(0.0703084 -0.0341918 0)
(0.0513835 -0.0482781 0)
(0.0437343 -0.0798646 0)
(0.0059611 -0.138719 0)
(0.0308613 -0.229075 0)
(-0.00255532 0.0243201 0)
(0.0175034 0.0597928 0)
(0.0368444 0.0676685 0)
(0.0562171 0.06597 0)
(0.07424 0.0596021 0)
(0.089777 0.0514925 0)
(0.102231 0.0430216 0)
(0.111712 0.0346072 0)
(0.118099 0.0267319 0)
(0.121982 0.0194873 0)
(0.122782 0.0129172 0)
(0.121706 0.00673592 0)
(0.117121 0.00098523 0)
(0.111675 -0.00505004 0)
(0.100845 -0.0111651 0)
(0.0911815 -0.0197222 0)
(0.070829 -0.0312285 0)
(0.0633212 -0.0628145 0)
(0.0189452 -0.122233 0)
(0.0463948 -0.206338 0)
(-0.0149774 0.0297401 0)
(-0.0020262 0.0283624 0)
(0.0251585 0.0336499 0)
(0.0507481 0.0351957 0)
(0.0737569 0.033228 0)
(0.0937815 0.0292575 0)
(0.110408 0.0247324 0)
(0.123741 0.020352 0)
(0.133513 0.0163011 0)
(0.140543 0.0125436 0)
(0.144272 0.00924979 0)
(0.146037 0.00598546 0)
(0.144383 0.00325617 0)
(0.141581 -0.000328631 0)
(0.133909 -0.00333257 0)
(0.127489 -0.00945296 0)
(0.110221 -0.0184434 0)
(0.104289 -0.0461232 0)
(0.0583669 -0.0937558 0)
(0.0780256 -0.157277 0)
(0.0395803 0.038042 0)
(0.0457124 0.0273317 0)
(0.069953 0.0244864 0)
(0.100093 0.0246574 0)
(0.126643 0.0238141 0)
(0.151098 0.0218893 0)
(0.172815 0.0193807 0)
(0.191933 0.0171471 0)
(0.207665 0.01482 0)
(0.220995 0.0130175 0)
(0.231149 0.0110472 0)
(0.239461 0.00968595 0)
(0.244871 0.00790145 0)
(0.248771 0.00677918 0)
(0.249789 0.00474468 0)
(0.247555 0.00221375 0)
(0.23879 0.00181342 0)
(0.223598 -0.0101032 0)
(0.173975 -0.0131544 0)
(0.146172 -0.0642142 0)
)
;

boundaryField
{
    movingWall
    {
        type            fixedValue;
        value           uniform (1 0 0);
    }
    fixedWalls
    {
        type            noSlip;
    }
    frontAndBack
    {
        type            empty;
    }
}


// ************************************************************************* //
