/*--------------------------------*- C++ -*----------------------------------*\
  =========                 |
  \\      /  F ield         | OpenFOAM: The Open Source CFD Toolbox
   \\    /   O peration     | Website:  https://openfoam.org
    \\  /    A nd           | Version:  11
     \\/     M anipulation  |
\*---------------------------------------------------------------------------*/
FoamFile
{
    format      ascii;
    class       volScalarField;
    location    "7.5";
    object      epsilon;
}
// * * * * * * * * * * * * * * * * * * * * * * * * * * * * * * * * * * * * * //

dimensions      [0 2 -3 0 0 0 0];

internalField   nonuniform List<scalar> 
400
(
1.83783e-05
6.13975e-05
0.000261429
0.000560225
0.00076906
0.000927711
0.00105661
0.00117995
0.00128832
0.00139925
0.00150346
0.00161358
0.00172467
0.00180123
0.00183676
0.0018411
0.00171195
0.00135833
0.000833056
0.000598794
8.37751e-05
0.000240032
0.000645778
0.000929347
0.00100068
0.00103051
0.00104143
0.00108549
0.00113363
0.00121922
0.0013242
0.00146127
0.0016236
0.00181649
0.00203034
0.00224639
0.00235026
0.00236176
0.0018759
0.00123174
0.00027867
0.000742114
0.00097016
0.00100537
0.00099354
0.000987518
0.000982579
0.00102151
0.00108105
0.00115822
0.00124488
0.00134172
0.00145639
0.00159977
0.00177888
0.00199885
0.00219669
0.00227821
0.00211293
0.00159399
0.000637267
0.00101685
0.00104501
0.00097769
0.000931933
0.000900798
0.00089596
0.000921452
0.000949953
0.000980554
0.00101852
0.00107736
0.00117057
0.0013087
0.00151463
0.00179659
0.00211055
0.00225489
0.00222711
0.00183023
0.000926672
0.00115834
0.0010228
0.000902228
0.000821229
0.000780575
0.000758236
0.000743225
0.000726668
0.000719587
0.000720961
0.000758419
0.000838366
0.000982876
0.00122247
0.00158635
0.00207107
0.002367
0.00240861
0.00200847
0.00108906
0.00115455
0.000960243
0.000799905
0.000714662
0.000658746
0.000609303
0.000558431
0.00050914
0.000477774
0.000465785
0.000476995
0.000544213
0.000679258
0.000926899
0.00134399
0.00197399
0.00252688
0.00266829
0.00215277
0.00112029
0.001114
0.000868331
0.00070947
0.000621087
0.000550506
0.000480247
0.000409175
0.000346499
0.000305628
0.000288272
0.000286876
0.000334439
0.000445417
0.000669904
0.00109543
0.00182547
0.00267895
0.00296511
0.00226551
0.0011037
0.00102778
0.000783916
0.00063506
0.000545868
0.000466144
0.000385123
0.000307691
0.000244594
0.000204342
0.000186405
0.000183071
0.000212361
0.00029208
0.000474469
0.000866765
0.00162844
0.00276422
0.0033257
0.00235784
0.00106137
0.000927795
0.000710897
0.000576852
0.000489895
0.000406963
0.000323243
0.000247291
0.000188907
0.000153124
0.000137416
0.000134642
0.000153863
0.000208605
0.000346337
0.000690744
0.00146986
0.00279084
0.00368228
0.00242304
0.000976484
0.000843541
0.000652405
0.000533457
0.000450848
0.000369431
0.0002881
0.000216389
0.000163691
0.000131786
0.000117545
0.000115854
0.00012966
0.000169455
0.000272261
0.000557571
0.00130656
0.00279292
0.0040615
0.00247286
0.000888911
0.00077026
0.000605861
0.000501265
0.000424793
0.000348023
0.00027143
0.000207291
0.000159897
0.000129738
0.000114235
0.000112146
0.000122801
0.000154878
0.000238037
0.000476904
0.00117133
0.00275687
0.00440094
0.0024972
0.000812844
0.000724592
0.000573986
0.000480043
0.000409054
0.000338737
0.000271497
0.000210868
0.000165534
0.000136328
0.000121015
0.000118874
0.000126358
0.000152591
0.000226868
0.000438655
0.00107125
0.00272669
0.00469958
0.00250796
0.000730594
0.000684768
0.000555713
0.000467635
0.000403022
0.000339986
0.000276793
0.000221593
0.00017991
0.000152246
0.000136617
0.000134622
0.00014129
0.000164638
0.000229407
0.000425888
0.001023
0.00271142
0.0048557
0.00250996
0.000654641
0.000666421
0.000561347
0.000471775
0.000407531
0.000347352
0.000289929
0.000241087
0.000202933
0.000176767
0.000160448
0.000158687
0.000165356
0.000188906
0.00025308
0.000438507
0.00100696
0.00270798
0.00491546
0.00250322
0.000568024
0.000640198
0.00057343
0.000487316
0.000423124
0.000365207
0.000312268
0.000267366
0.000232165
0.000208069
0.000191633
0.000191175
0.000198759
0.00022501
0.000294521
0.000488315
0.00104156
0.00275214
0.00487604
0.00246194
0.000479881
0.000628656
0.000601507
0.000530939
0.000463076
0.000403931
0.000351571
0.000307223
0.000272138
0.000248402
0.000232224
0.000233366
0.000244178
0.000278181
0.000363799
0.00059097
0.00116823
0.00287459
0.00460377
0.00238016
0.000381269
0.000578675
0.000611866
0.000589219
0.00053867
0.000480514
0.000424872
0.000376561
0.000338493
0.000312213
0.000299549
0.000304422
0.000324834
0.000381117
0.000511349
0.000834484
0.00149754
0.00316503
0.00414977
0.00224573
0.000256792
0.000516119
0.000678602
0.000729052
0.000714913
0.000668159
0.00060525
0.000549713
0.000508168
0.000485343
0.000491085
0.000518921
0.000584022
0.000723295
0.00100348
0.00164946
0.00246875
0.00376301
0.00386338
0.00205929
0.000279672
0.000526957
0.000902327
0.00107653
0.00114312
0.00114278
0.00113311
0.00113711
0.00116396
0.0012311
0.00136646
0.00159401
0.00190413
0.00241089
0.00304553
0.00402346
0.0046769
0.00448096
0.00382925
0.00179817
0.000202583
0.000317534
0.000582718
0.000841009
0.00104144
0.00116951
0.00124506
0.001295
0.00131902
0.00134148
0.00135293
0.00137571
0.00139397
0.00143376
0.00146204
0.00152882
0.00160234
0.00168379
0.0016659
0.00148768
)
;

boundaryField
{
    movingWall
    {
        type            epsilonWallFunction;
        value           nonuniform List<scalar> 
20
(
0.000202583
0.000317534
0.000582718
0.000841009
0.00104144
0.00116951
0.00124506
0.001295
0.00131902
0.00134148
0.00135293
0.00137571
0.00139397
0.00143376
0.00146204
0.00152882
0.00160234
0.00168379
0.0016659
0.00148768
)
;
    }
    fixedWalls
    {
        type            epsilonWallFunction;
        value           nonuniform List<scalar> 
60
(
1.83783e-05
8.37751e-05
0.00027867
0.000637267
0.000926672
0.00108906
0.00112029
0.0011037
0.00106137
0.000976484
0.000888911
0.000812844
0.000730594
0.000654641
0.000568024
0.000479881
0.000381269
0.000256792
0.000279672
0.000202583
0.000598794
0.00123174
0.00159399
0.00183023
0.00200847
0.00215277
0.00226551
0.00235784
0.00242304
0.00247286
0.0024972
0.00250796
0.00250996
0.00250322
0.00246194
0.00238016
0.00224573
0.00205929
0.00179817
0.00148768
1.83783e-05
6.13975e-05
0.000261429
0.000560225
0.00076906
0.000927711
0.00105661
0.00117995
0.00128832
0.00139925
0.00150346
0.00161358
0.00172467
0.00180123
0.00183676
0.0018411
0.00171195
0.00135833
0.000833056
0.000598794
)
;
    }
    frontAndBack
    {
        type            empty;
    }
}


// ************************************************************************* //
