/*--------------------------------*- C++ -*----------------------------------*\
  =========                 |
  \\      /  F ield         | OpenFOAM: The Open Source CFD Toolbox
   \\    /   O peration     | Website:  https://openfoam.org
    \\  /    A nd           | Version:  11
     \\/     M anipulation  |
\*---------------------------------------------------------------------------*/
FoamFile
{
    format      ascii;
    class       volScalarField;
    location    "7.5";
    object      k;
}
// * * * * * * * * * * * * * * * * * * * * * * * * * * * * * * * * * * * * * //

dimensions      [0 2 -2 0 0 0 0];

internalField   nonuniform List<scalar> 
400
(
5.74822e-06
1.92058e-05
8.17533e-05
0.000175155
0.000240431
0.000290023
0.000330315
0.000368867
0.000402743
0.000437418
0.000469991
0.000504412
0.000539139
0.000563065
0.000574168
0.000575522
0.00053514
0.000424601
0.000260406
0.000187174
2.61962e-05
9.40084e-05
0.000209448
0.000364299
0.000433013
0.000510606
0.000556265
0.000621533
0.000674349
0.000736482
0.000795221
0.000856681
0.000912201
0.000971612
0.00102514
0.00105259
0.0010594
0.000957135
0.000635688
0.000385021
8.71211e-05
0.000301397
0.000470825
0.000554032
0.000612865
0.000664632
0.000705657
0.00075679
0.000802299
0.000850329
0.000894487
0.00093695
0.00097813
0.00102509
0.00107233
0.00110832
0.00112155
0.00107702
0.000786041
0.000498249
0.000199218
0.000510272
0.000602042
0.000641877
0.000675286
0.00070233
0.000732843
0.00076705
0.000799009
0.000829704
0.000854432
0.000883072
0.000922655
0.000975567
0.00104461
0.0011167
0.00115059
0.0011536
0.000928376
0.000572085
0.00028969
0.000623747
0.000656079
0.000660595
0.000675626
0.000695866
0.000716378
0.000727447
0.000729683
0.000726018
0.000725951
0.000745619
0.00078735
0.000857059
0.000962492
0.00109909
0.00119798
0.00122318
0.00105405
0.000627792
0.000340432
0.000659067
0.00066195
0.000656961
0.000665206
0.000669266
0.000661341
0.000634097
0.000604789
0.000585467
0.000578195
0.000586071
0.000627544
0.000705881
0.000835526
0.00102275
0.00122191
0.00130425
0.00119226
0.000672887
0.000350179
0.000652917
0.000655407
0.000643987
0.000637819
0.000617737
0.000584572
0.00053803
0.000495439
0.000467359
0.000456002
0.000456431
0.000492646
0.000568814
0.000705416
0.000924764
0.00122351
0.00138234
0.00132257
0.000708118
0.000344992
0.000635746
0.000638742
0.000619311
0.000602831
0.000569032
0.00052069
0.000465048
0.000417701
0.000386766
0.000373533
0.000372238
0.00040016
0.000465785
0.000591807
0.000816212
0.00116614
0.00144975
0.00146244
0.000736968
0.000331756
0.000600933
0.000610765
0.000593382
0.000571991
0.00053103
0.000475947
0.000418043
0.00037096
0.000340572
0.000327354
0.000325942
0.000347001
0.00039997
0.000509811
0.000721696
0.0010909
0.00149806
0.00158458
0.000757342
0.00030522
0.000571293
0.000584551
0.000570709
0.000548203
0.000505371
0.000449252
0.000392843
0.000348258
0.000319272
0.000306028
0.000305324
0.00032209
0.00036523
0.00045736
0.000652652
0.00102194
0.0015208
0.00170907
0.000772903
0.000277847
0.00053147
0.000555468
0.000548994
0.000529093
0.000488846
0.000436057
0.000384322
0.000343137
0.00031525
0.000300629
0.000299907
0.000313724
0.000350559
0.000431347
0.000606754
0.000967094
0.00152963
0.00181297
0.000780507
0.00025407
0.000498123
0.000533862
0.000532079
0.000516823
0.000480847
0.000433916
0.000386411
0.000347273
0.000320373
0.000305803
0.000304963
0.000315181
0.00034735
0.000422189
0.000584416
0.000923937
0.00153236
0.00189949
0.000783864
0.000228362
0.000454158
0.000507513
0.000513379
0.000504547
0.000477623
0.000436398
0.000393718
0.000358447
0.000333586
0.000319438
0.000319526
0.000328757
0.000357741
0.000425194
0.000577559
0.000900899
0.00153304
0.00194125
0.000784488
0.000204621
0.00042596
0.000493097
0.000503165
0.00049745
0.000478716
0.000443149
0.000407255
0.000376458
0.000354147
0.000340948
0.00034178
0.000351459
0.000380286
0.000445808
0.000589625
0.00089313
0.00153007
0.00195426
0.00078237
0.000177551
0.000379975
0.000468245
0.000494177
0.000494235
0.000483094
0.000456494
0.000425755
0.000399257
0.000379893
0.000368769
0.000370543
0.000381417
0.000411568
0.000477731
0.000621172
0.0009024
0.00152711
0.00191494
0.000769457
0.00015
0.000352356
0.000455604
0.000496186
0.000501742
0.000495329
0.000477915
0.000452427
0.000429202
0.000411449
0.000401894
0.000404621
0.000417235
0.000450504
0.000521203
0.000677086
0.000938743
0.00152672
0.00182119
0.000743887
0.000119184
0.000292256
0.000422093
0.000500257
0.000523465
0.000521688
0.000511335
0.000489603
0.000468042
0.000450728
0.000444324
0.000449235
0.00046654
0.000509049
0.000593123
0.000781965
0.00103444
0.00155068
0.00165807
0.000701858
8.02782e-05
0.000255418
0.000433062
0.000534786
0.000592856
0.00059509
0.000587811
0.000570364
0.000551383
0.000538779
0.000541765
0.000556726
0.000591962
0.000668149
0.000791009
0.00105818
0.00132943
0.00161596
0.00147903
0.000643584
8.74181e-05
0.000275684
0.000487986
0.000612024
0.000688686
0.000721054
0.000743513
0.000760481
0.000784056
0.000821749
0.000881962
0.000969781
0.00108957
0.00126575
0.00147183
0.00177126
0.00186394
0.00173649
0.00137048
0.000561963
6.33243e-05
9.92487e-05
0.000182126
0.000262858
0.000325496
0.000365514
0.000389118
0.00040472
0.000412222
0.000419231
0.000422806
0.000429916
0.000435616
0.000448043
0.000456876
0.000477739
0.000500711
0.000526174
0.000520591
0.000464911
)
;

boundaryField
{
    movingWall
    {
        type            kqRWallFunction;
        value           nonuniform List<scalar> 
20
(
6.33243e-05
9.92487e-05
0.000182126
0.000262858
0.000325496
0.000365514
0.000389118
0.00040472
0.000412222
0.000419231
0.000422806
0.000429916
0.000435616
0.000448043
0.000456876
0.000477739
0.000500711
0.000526174
0.000520591
0.000464911
)
;
    }
    fixedWalls
    {
        type            kqRWallFunction;
        value           nonuniform List<scalar> 
60
(
5.74822e-06
2.61962e-05
8.71211e-05
0.000199218
0.00028969
0.000340432
0.000350179
0.000344992
0.000331756
0.00030522
0.000277847
0.00025407
0.000228362
0.000204621
0.000177551
0.00015
0.000119184
8.02782e-05
8.74181e-05
6.33243e-05
0.000187174
0.000385021
0.000498249
0.000572085
0.000627792
0.000672887
0.000708118
0.000736968
0.000757342
0.000772903
0.000780507
0.000783864
0.000784488
0.00078237
0.000769457
0.000743887
0.000701858
0.000643584
0.000561963
0.000464911
5.74822e-06
1.92058e-05
8.17533e-05
0.000175155
0.000240431
0.000290023
0.000330315
0.000368867
0.000402743
0.000437418
0.000469991
0.000504412
0.000539139
0.000563065
0.000574168
0.000575522
0.00053514
0.000424601
0.000260406
0.000187174
)
;
    }
    frontAndBack
    {
        type            empty;
    }
}


// ************************************************************************* //
