/*--------------------------------*- C++ -*----------------------------------*\
  =========                 |
  \\      /  F ield         | OpenFOAM: The Open Source CFD Toolbox
   \\    /   O peration     | Website:  https://openfoam.org
    \\  /    A nd           | Version:  11
     \\/     M anipulation  |
\*---------------------------------------------------------------------------*/
FoamFile
{
    format      ascii;
    class       volScalarField;
    location    "7.5";
    object      nut;
}
// * * * * * * * * * * * * * * * * * * * * * * * * * * * * * * * * * * * * * //

dimensions      [0 2 -1 0 0 0 0];

internalField   nonuniform List<scalar> 
400
(
1.6181e-07
5.40701e-07
2.3009e-06
4.92864e-06
6.76492e-06
8.16008e-06
9.29359e-06
1.03781e-05
1.13311e-05
1.23066e-05
1.3223e-05
1.41914e-05
1.51683e-05
1.58412e-05
1.61535e-05
1.61915e-05
1.50553e-05
1.19453e-05
7.32604e-06
5.26569e-06
7.37232e-07
3.31365e-06
6.11382e-06
1.28523e-05
1.68636e-05
2.27699e-05
2.67409e-05
3.20291e-05
3.61027e-05
4.00391e-05
4.29797e-05
4.52011e-05
4.61258e-05
4.67731e-05
4.65841e-05
4.43889e-05
4.29785e-05
3.49103e-05
1.93875e-05
1.08316e-05
2.45131e-06
1.10166e-05
2.05645e-05
2.74781e-05
3.40241e-05
4.02587e-05
4.56103e-05
5.04602e-05
5.35883e-05
5.61856e-05
5.78448e-05
5.8886e-05
5.91233e-05
5.91169e-05
5.81775e-05
5.53083e-05
5.15357e-05
4.58241e-05
2.63177e-05
1.40168e-05
5.60501e-06
2.30457e-05
3.1216e-05
3.79267e-05
4.40387e-05
4.92831e-05
5.3948e-05
5.74669e-05
6.04845e-05
6.31855e-05
6.45103e-05
6.51438e-05
6.54519e-05
6.54511e-05
6.48404e-05
6.24689e-05
5.64534e-05
5.31162e-05
3.48297e-05
1.60938e-05
8.15048e-06
3.0229e-05
3.7876e-05
4.35308e-05
5.00254e-05
5.58314e-05
6.09148e-05
6.40803e-05
6.5944e-05
6.59255e-05
6.57878e-05
6.59731e-05
6.65494e-05
6.72612e-05
6.82019e-05
6.85347e-05
6.23661e-05
5.68887e-05
4.1514e-05
1.76607e-05
9.57745e-06
3.38602e-05
4.10688e-05
4.85606e-05
5.57256e-05
6.11958e-05
6.46041e-05
6.48014e-05
6.46566e-05
6.45691e-05
6.45961e-05
6.48082e-05
6.5127e-05
6.60192e-05
6.77844e-05
7.00463e-05
6.80729e-05
6.05866e-05
4.79456e-05
1.8929e-05
9.85126e-06
3.44406e-05
4.45225e-05
5.26093e-05
5.89501e-05
6.23861e-05
6.40404e-05
6.36716e-05
6.3756e-05
6.43207e-05
6.49193e-05
6.5358e-05
6.53123e-05
6.53757e-05
6.68529e-05
7.0262e-05
7.38042e-05
6.41962e-05
5.30929e-05
1.99199e-05
9.70527e-06
3.53925e-05
4.68408e-05
5.43557e-05
5.99164e-05
6.25167e-05
6.33581e-05
6.32592e-05
6.41988e-05
6.58841e-05
6.73662e-05
6.81181e-05
6.78633e-05
6.68514e-05
6.64348e-05
6.91747e-05
7.5158e-05
6.84319e-05
5.78781e-05
2.07313e-05
9.33285e-06
3.50302e-05
4.72263e-05
5.49347e-05
6.0106e-05
6.23628e-05
6.30711e-05
6.36026e-05
6.55616e-05
6.81737e-05
7.01846e-05
7.1014e-05
7.04319e-05
6.90195e-05
6.75401e-05
6.78631e-05
7.28684e-05
7.23717e-05
6.13696e-05
2.13042e-05
8.58622e-06
3.4822e-05
4.71379e-05
5.49506e-05
5.99922e-05
6.222e-05
6.30491e-05
6.41866e-05
6.66839e-05
6.96135e-05
7.17069e-05
7.24191e-05
7.20098e-05
7.08467e-05
6.9147e-05
6.87552e-05
7.19393e-05
7.45298e-05
6.47259e-05
2.17417e-05
7.8162e-06
3.30037e-05
4.5834e-05
5.41141e-05
5.93102e-05
6.17986e-05
6.30481e-05
6.41289e-05
6.62734e-05
6.89425e-05
7.12042e-05
7.21822e-05
7.21335e-05
7.1413e-05
7.03481e-05
6.94763e-05
7.18621e-05
7.63833e-05
6.72168e-05
2.19554e-05
7.14728e-06
3.08193e-05
4.46889e-05
5.30781e-05
5.87685e-05
6.14319e-05
6.24148e-05
6.37281e-05
6.55689e-05
6.7759e-05
6.95487e-05
7.04127e-05
7.07552e-05
7.11622e-05
7.07103e-05
7.0075e-05
7.17193e-05
7.75047e-05
6.90969e-05
2.20497e-05
6.42414e-06
2.7109e-05
4.17145e-05
5.07238e-05
5.68483e-05
6.0388e-05
6.19233e-05
6.29588e-05
6.42743e-05
6.57826e-05
6.72218e-05
6.82557e-05
6.88463e-05
6.99602e-05
7.09269e-05
7.0492e-05
7.14032e-05
7.80109e-05
6.98482e-05
2.20672e-05
5.75626e-06
2.45037e-05
3.8983e-05
4.82981e-05
5.46488e-05
5.93784e-05
6.09608e-05
6.19157e-05
6.28525e-05
6.3857e-05
6.52056e-05
6.62512e-05
6.72314e-05
6.88998e-05
7.06773e-05
7.13539e-05
7.12948e-05
7.78074e-05
6.99267e-05
2.20074e-05
4.99482e-06
2.02973e-05
3.44119e-05
4.51022e-05
5.19567e-05
5.75131e-05
6.006e-05
6.10179e-05
6.17948e-05
6.24248e-05
6.38679e-05
6.46384e-05
6.58743e-05
6.77523e-05
6.97416e-05
7.11159e-05
7.03652e-05
7.62626e-05
6.76838e-05
2.16438e-05
4.21978e-06
1.77743e-05
3.10582e-05
4.17337e-05
4.89274e-05
5.46667e-05
5.84697e-05
5.99633e-05
6.09224e-05
6.13365e-05
6.25977e-05
6.31395e-05
6.4165e-05
6.56618e-05
6.72039e-05
6.98177e-05
6.78905e-05
7.29767e-05
6.48392e-05
2.09242e-05
3.35311e-06
1.32842e-05
2.62061e-05
3.82255e-05
4.5782e-05
5.09751e-05
5.53853e-05
5.72922e-05
5.82455e-05
5.85626e-05
5.93163e-05
5.96643e-05
6.03057e-05
6.11931e-05
6.19176e-05
6.59476e-05
6.43091e-05
6.83766e-05
5.96241e-05
1.97417e-05
2.25868e-06
1.13761e-05
2.4873e-05
3.53056e-05
4.42474e-05
4.77011e-05
5.13788e-05
5.32612e-05
5.38446e-05
5.38289e-05
5.37907e-05
5.37557e-05
5.40008e-05
5.55487e-05
5.61169e-05
6.10963e-05
6.44313e-05
6.24552e-05
5.09599e-05
1.81023e-05
2.45922e-06
1.29805e-05
2.37516e-05
3.13151e-05
3.73416e-05
4.09465e-05
4.39084e-05
4.57739e-05
4.75335e-05
4.9366e-05
5.12325e-05
5.31005e-05
5.61123e-05
5.98086e-05
6.40174e-05
7.01787e-05
6.68573e-05
6.05643e-05
4.41442e-05
1.58062e-05
1.78147e-06
2.79191e-06
5.12303e-06
7.39406e-06
9.15586e-06
1.02812e-05
1.0945e-05
1.13837e-05
1.15945e-05
1.17914e-05
1.18918e-05
1.20916e-05
1.22517e-05
1.2601e-05
1.28493e-05
1.34359e-05
1.40819e-05
1.47984e-05
1.46415e-05
1.30759e-05
)
;

boundaryField
{
    movingWall
    {
        type            nutkWallFunction;
        Cmu             0.09;
        kappa           0.41;
        E               9.8;
        value           uniform 0;
    }
    fixedWalls
    {
        type            nutkWallFunction;
        Cmu             0.09;
        kappa           0.41;
        E               9.8;
        value           uniform 0;
    }
    frontAndBack
    {
        type            empty;
    }
}


// ************************************************************************* //
