/*--------------------------------*- C++ -*----------------------------------*\
  =========                 |
  \\      /  F ield         | OpenFOAM: The Open Source CFD Toolbox
   \\    /   O peration     | Website:  https://openfoam.org
    \\  /    A nd           | Version:  11
     \\/     M anipulation  |
\*---------------------------------------------------------------------------*/
FoamFile
{
    format      ascii;
    class       volScalarField;
    location    "7.5";
    object      p;
}
// * * * * * * * * * * * * * * * * * * * * * * * * * * * * * * * * * * * * * //

dimensions      [0 2 -2 0 0 0 0];

internalField   nonuniform List<scalar> 
400
(
1.02498e-08
-7.47381e-05
-0.000146945
-0.000330706
-0.00110266
-0.0024611
-0.00407261
-0.00562373
-0.00688085
-0.00772076
-0.00804213
-0.00775819
-0.00684779
-0.00528974
-0.00308152
-0.000348118
0.00261864
0.00524398
0.00687325
0.00722505
7.54524e-05
-1.57211e-05
-0.000211541
-0.00077548
-0.0018189
-0.0032718
-0.00485766
-0.00634043
-0.00755173
-0.00837504
-0.00871415
-0.00852215
-0.00775832
-0.00636469
-0.00435103
-0.0017861
0.00109623
0.00382818
0.00577787
0.00656439
0.000242572
-7.35105e-05
-0.000658518
-0.00164613
-0.00302076
-0.00459799
-0.00617386
-0.0075987
-0.00875889
-0.00952822
-0.00984606
-0.00968318
-0.00901538
-0.0078283
-0.0061096
-0.00389078
-0.00130346
0.00136061
0.00360353
0.00474249
2.98227e-05
-0.000508412
-0.00150801
-0.00290993
-0.00454813
-0.00622211
-0.00777815
-0.00910655
-0.0101177
-0.0107678
-0.0110351
-0.0109013
-0.0103445
-0.00935468
-0.00792475
-0.00607113
-0.00386003
-0.00145549
0.00077973
0.00198429
-0.000739773
-0.00146556
-0.00275688
-0.00439547
-0.00614173
-0.00780864
-0.00927565
-0.0104704
-0.011352
-0.0119076
-0.0121306
-0.0120147
-0.0115526
-0.0107403
-0.00957443
-0.00806357
-0.00624137
-0.00419247
-0.00216711
-0.00103072
-0.00203626
-0.00284186
-0.00423181
-0.00591056
-0.00762843
-0.00920808
-0.0105526
-0.0116179
-0.0123903
-0.0128685
-0.0130549
-0.012953
-0.0125662
-0.0118979
-0.0109506
-0.00973046
-0.00825735
-0.0065807
-0.00494145
-0.003869
-0.00354641
-0.00435588
-0.00569714
-0.00729773
-0.00890985
-0.0103649
-0.0115821
-0.0125326
-0.0132143
-0.0136325
-0.0137943
-0.0137073
-0.0133797
-0.0128212
-0.0120411
-0.011048
-0.00985995
-0.00851268
-0.00724262
-0.00629087
-0.00495689
-0.00572083
-0.00695468
-0.00843865
-0.00992312
-0.0112526
-0.012357
-0.0132148
-0.0138279
-0.0142042
-0.0143522
-0.01428
-0.0139973
-0.0135174
-0.0128568
-0.0120299
-0.011059
-0.00997432
-0.00900884
-0.00816968
-0.00605454
-0.00676834
-0.00788537
-0.00925908
-0.0106297
-0.0118571
-0.0128773
-0.0136704
-0.0142386
-0.0145895
-0.0147309
-0.0146703
-0.0144172
-0.013987
-0.0134022
-0.0126858
-0.0118728
-0.0109693
-0.0102241
-0.0094861
-0.00676257
-0.00739602
-0.00842429
-0.00972138
-0.0110102
-0.0121725
-0.013144
-0.013903
-0.014449
-0.0147882
-0.0149275
-0.0148732
-0.0146343
-0.0142273
-0.0136796
-0.0130208
-0.0123176
-0.0115053
-0.0109422
-0.0102317
-0.00704099
-0.00759768
-0.00856873
-0.00981442
-0.0110603
-0.0121973
-0.0131566
-0.0139111
-0.0144564
-0.0147966
-0.0149369
-0.0148828
-0.0146432
-0.014235
-0.0136899
-0.0130376
-0.0124084
-0.0115811
-0.011203
-0.0104114
-0.0068818
-0.00739621
-0.00832825
-0.00954709
-0.0107869
-0.011933
-0.0129127
-0.0136907
-0.0142564
-0.01461
-0.0147551
-0.0146958
-0.0144412
-0.0140089
-0.0134345
-0.0127655
-0.0121146
-0.0112408
-0.0110543
-0.0100143
-0.00636191
-0.00685797
-0.00776051
-0.00894881
-0.010205
-0.0113861
-0.0124133
-0.0132404
-0.013847
-0.0142275
-0.0143824
-0.014314
-0.0140321
-0.0135553
-0.0129251
-0.0121949
-0.0114692
-0.0105517
-0.0104639
-0.00906372
-0.00560172
-0.0060648
-0.00692208
-0.00806345
-0.00933124
-0.010563
-0.011661
-0.0125617
-0.0132308
-0.0136539
-0.0138266
-0.0137489
-0.0134303
-0.0128916
-0.0121804
-0.0113504
-0.0105186
-0.00953344
-0.00941895
-0.00762555
-0.0047612
-0.00514839
-0.00589873
-0.00695425
-0.00820831
-0.0094933
-0.0106785
-0.0116742
-0.012427
-0.0129097
-0.0131119
-0.01303
-0.0126713
-0.0120581
-0.0112449
-0.0102815
-0.00930706
-0.00818533
-0.00793059
-0.00573819
-0.00401253
-0.00422161
-0.00475722
-0.00566615
-0.00687992
-0.00821563
-0.00950054
-0.0106106
-0.0114688
-0.0120314
-0.01228
-0.0122067
-0.0118197
-0.0111315
-0.0102022
-0.00907035
-0.00789193
-0.00652366
-0.00598386
-0.00319644
-0.00351631
-0.00340215
-0.00360472
-0.00430671
-0.0054551
-0.00683324
-0.00822204
-0.00945919
-0.0104413
-0.011105
-0.0114219
-0.0113782
-0.0109842
-0.0102315
-0.00917794
-0.00783169
-0.00633935
-0.00453425
-0.00334505
0.000820882
-0.00327584
-0.0026764
-0.00248672
-0.00296536
-0.00403937
-0.00544861
-0.00693588
-0.00830752
-0.00943073
-0.0102186
-0.0106288
-0.0106373
-0.0102531
-0.00946509
-0.00829662
-0.00668758
-0.00473242
-0.00211498
0.000590174
0.00811829
-0.00323514
-0.00206322
-0.00159902
-0.0019102
-0.00291517
-0.00434607
-0.00591859
-0.00741099
-0.00866206
-0.00957222
-0.0100843
-0.0101741
-0.00982378
-0.00901154
-0.00770496
-0.00580829
-0.00322358
0.000956935
0.00698829
0.0199786
-0.00379038
-0.000736807
-0.000160167
-0.000650476
-0.00170881
-0.00319322
-0.00487309
-0.00649179
-0.00786681
-0.00888136
-0.00947713
-0.00961689
-0.00927946
-0.00843605
-0.00704494
-0.00492902
-0.00124858
0.0055105
0.0173514
0.0352215
)
;

boundaryField
{
    movingWall
    {
        type            zeroGradient;
    }
    fixedWalls
    {
        type            zeroGradient;
    }
    frontAndBack
    {
        type            empty;
    }
}


// ************************************************************************* //
