/*--------------------------------*- C++ -*----------------------------------*\
  =========                 |
  \\      /  F ield         | OpenFOAM: The Open Source CFD Toolbox
   \\    /   O peration     | Website:  https://openfoam.org
    \\  /    A nd           | Version:  11
     \\/     M anipulation  |
\*---------------------------------------------------------------------------*/
FoamFile
{
    format      ascii;
    class       surfaceScalarField;
    location    "7.5";
    object      phi;
}
// * * * * * * * * * * * * * * * * * * * * * * * * * * * * * * * * * * * * * //

dimensions      [0 3 -1 0 0 0 0];

internalField   nonuniform List<scalar> 
760
(
1.29071e-07
-1.29072e-07
-1.08253e-07
2.37324e-07
-8.80864e-07
7.72611e-07
-2.14169e-06
1.26083e-06
-3.51334e-06
1.37165e-06
-4.74234e-06
1.229e-06
-5.78549e-06
1.04315e-06
-6.61417e-06
8.2868e-07
-7.2241e-06
6.09935e-07
-7.63246e-06
4.08359e-07
-7.85152e-06
2.19062e-07
-7.87554e-06
2.40161e-08
-7.69365e-06
-1.81892e-07
-7.30653e-06
-3.87119e-07
-6.64888e-06
-6.5765e-07
-5.69274e-06
-9.56134e-07
-4.38473e-06
-1.30801e-06
-2.76584e-06
-1.61889e-06
-1.05774e-06
-1.7081e-06
-1.05774e-06
-3.52239e-07
2.23167e-07
-1.29713e-06
1.18222e-06
-2.62593e-06
2.1014e-06
-3.86804e-06
2.50294e-06
-4.91625e-06
2.41986e-06
-5.83942e-06
2.15216e-06
-6.59265e-06
1.79638e-06
-7.18473e-06
1.42076e-06
-7.63034e-06
1.05554e-06
-7.9239e-06
7.01917e-07
-8.05173e-06
3.46892e-07
-8.00416e-06
-2.3554e-08
-7.81073e-06
-3.75322e-07
-7.42617e-06
-7.7168e-07
-6.84363e-06
-1.24019e-06
-6.01784e-06
-1.78193e-06
-4.90916e-06
-2.41669e-06
-3.45752e-06
-3.07053e-06
-1.69659e-06
-3.46903e-06
-2.75433e-06
-9.50475e-07
1.17364e-06
-2.23279e-06
2.46454e-06
-3.38029e-06
3.24889e-06
-4.32689e-06
3.44955e-06
-5.12447e-06
3.21744e-06
-5.78288e-06
2.81057e-06
-6.29987e-06
2.31337e-06
-6.66743e-06
1.78833e-06
-6.90405e-06
1.29216e-06
-7.01226e-06
8.10126e-07
-7.01546e-06
3.5009e-07
-6.92779e-06
-1.11217e-07
-6.72671e-06
-5.76406e-07
-6.39965e-06
-1.09874e-06
-5.93326e-06
-1.70658e-06
-5.29015e-06
-2.42503e-06
-4.43736e-06
-3.26948e-06
-3.30881e-06
-4.19909e-06
-1.82725e-06
-4.95059e-06
-4.58158e-06
-1.18731e-06
2.36095e-06
-2.3696e-06
3.64682e-06
-3.32803e-06
4.20733e-06
-4.06491e-06
4.18642e-06
-4.64412e-06
3.79665e-06
-5.08005e-06
3.2465e-06
-5.38808e-06
2.6214e-06
-5.59556e-06
1.99581e-06
-5.71238e-06
1.40899e-06
-5.75472e-06
8.52457e-07
-5.72443e-06
3.19802e-07
-5.62468e-06
-2.10966e-07
-5.44153e-06
-7.59555e-07
-5.1733e-06
-1.36697e-06
-4.80982e-06
-2.07006e-06
-4.3257e-06
-2.90914e-06
-3.68451e-06
-3.91067e-06
-2.82575e-06
-5.05785e-06
-1.61871e-06
-6.15763e-06
-6.20029e-06
-1.12875e-06
3.4897e-06
-2.12886e-06
4.64694e-06
-2.9006e-06
4.97906e-06
-3.47371e-06
4.75954e-06
-3.89241e-06
4.21535e-06
-4.18231e-06
3.53639e-06
-4.37454e-06
2.81363e-06
-4.49534e-06
2.1166e-06
-4.55248e-06
1.46613e-06
-4.55443e-06
8.54409e-07
-4.50248e-06
2.67848e-07
-4.39774e-06
-3.15709e-07
-4.23588e-06
-9.21413e-07
-4.01808e-06
-1.58477e-06
-3.74013e-06
-2.34801e-06
-3.38689e-06
-3.26239e-06
-2.92209e-06
-4.37547e-06
-2.27732e-06
-5.70262e-06
-1.3509e-06
-7.08405e-06
-7.55119e-06
-9.31123e-07
4.42082e-06
-1.72804e-06
5.44386e-06
-2.33415e-06
5.58518e-06
-2.77139e-06
5.19678e-06
-3.07584e-06
4.5198e-06
-3.27702e-06
3.73758e-06
-3.40558e-06
2.9422e-06
-3.48024e-06
2.19126e-06
-3.50871e-06
1.4946e-06
-3.49571e-06
8.41408e-07
-3.44192e-06
2.14056e-07
-3.3469e-06
-4.10728e-07
-3.20966e-06
-1.05865e-06
-3.03251e-06
-1.76192e-06
-2.81776e-06
-2.56276e-06
-2.56199e-06
-3.51815e-06
-2.24676e-06
-4.6907e-06
-1.80489e-06
-6.14449e-06
-1.08952e-06
-7.79942e-06
-8.64071e-06
-7.05239e-07
5.12606e-06
-1.29356e-06
6.03218e-06
-1.74325e-06
6.03487e-06
-2.06354e-06
5.51707e-06
-2.28396e-06
4.74022e-06
-2.42894e-06
3.88255e-06
-2.52161e-06
3.03486e-06
-2.57497e-06
2.24463e-06
-2.59557e-06
1.5152e-06
-2.58606e-06
8.31897e-07
-2.54527e-06
1.73272e-07
-2.47101e-06
-4.84996e-07
-2.36206e-06
-1.1676e-06
-2.22159e-06
-1.90239e-06
-2.05699e-06
-2.72736e-06
-1.87301e-06
-3.70214e-06
-1.66036e-06
-4.90334e-06
-1.36468e-06
-6.44017e-06
-8.9109e-07
-8.27301e-06
-9.5318e-06
-4.57407e-07
5.58347e-06
-8.65565e-07
6.44034e-06
-1.17281e-06
6.34211e-06
-1.39344e-06
5.7377e-06
-1.54789e-06
4.89467e-06
-1.65316e-06
3.98782e-06
-1.7242e-06
3.1059e-06
-1.7689e-06
2.28933e-06
-1.79142e-06
1.53772e-06
-1.79256e-06
8.33033e-07
-1.77006e-06
1.50772e-07
-1.72103e-06
-5.34017e-07
-1.64404e-06
-1.24459e-06
-1.54216e-06
-2.00427e-06
-1.42544e-06
-2.84409e-06
-1.30567e-06
-3.8219e-06
-1.17965e-06
-5.02936e-06
-1.00221e-06
-6.61762e-06
-6.88778e-07
-8.58645e-06
-1.02206e-05
-2.43372e-07
5.82684e-06
-4.67701e-07
6.66467e-06
-6.38995e-07
6.51341e-06
-7.70668e-07
5.86937e-06
-8.67796e-07
4.9918e-06
-9.39974e-07
4.06e-06
-9.94154e-07
3.16008e-06
-1.03331e-06
2.32848e-06
-1.05894e-06
1.56335e-06
-1.0706e-06
8.44696e-07
-1.0662e-06
1.46367e-07
-1.04344e-06
-5.56781e-07
-1.00129e-06
-1.28673e-06
-9.42728e-07
-2.06283e-06
-8.77975e-07
-2.90884e-06
-8.21779e-07
-3.87809e-06
-7.76681e-07
-5.07446e-06
-7.0574e-07
-6.68856e-06
-5.47939e-07
-8.74425e-06
-1.07685e-05
-2.22958e-08
5.84913e-06
-9.43942e-08
6.73676e-06
-1.48059e-07
6.56707e-06
-1.91824e-07
5.91314e-06
-2.31283e-07
5.03126e-06
-2.69054e-07
4.09777e-06
-3.04825e-07
3.19585e-06
-3.36462e-07
2.36012e-06
-3.62745e-07
1.58963e-06
-3.82683e-07
8.64633e-07
-3.95181e-07
1.58866e-07
-3.99182e-07
-5.5278e-07
-3.9464e-07
-1.29128e-06
-3.84326e-07
-2.07315e-06
-3.77874e-07
-2.91529e-06
-3.86403e-07
-3.86957e-06
-4.31399e-07
-5.02946e-06
-4.58277e-07
-6.66168e-06
-4.13097e-07
-8.78943e-06
-1.11816e-05
1.80413e-07
5.66872e-06
2.74007e-07
6.64317e-06
3.44308e-07
6.49677e-06
3.73697e-07
5.88375e-06
3.8649e-07
5.01846e-06
3.83482e-07
4.10078e-06
3.6936e-07
3.20997e-06
3.49e-07
2.38048e-06
3.25279e-07
1.61335e-06
2.99214e-07
8.90698e-07
2.70655e-07
1.87425e-07
2.3912e-07
-5.21245e-07
2.03442e-07
-1.2556e-06
1.61004e-07
-2.03071e-06
1.0404e-07
-2.85833e-06
5.77362e-09
-3.7713e-06
-1.05481e-07
-4.91821e-06
-2.4645e-07
-6.52071e-06
-3.20893e-07
-8.71499e-06
-1.15025e-05
3.71836e-07
5.29689e-06
6.18079e-07
6.39693e-06
8.03968e-07
6.31088e-06
9.20111e-07
5.76761e-06
9.94042e-07
4.94453e-06
1.03408e-06
4.06075e-06
1.04878e-06
3.19528e-06
1.04537e-06
2.38389e-06
1.02804e-06
1.63068e-06
9.97921e-07
9.20819e-07
9.5365e-07
2.31696e-07
8.93156e-07
-4.6075e-07
8.1355e-07
-1.17599e-06
7.11799e-07
-1.92896e-06
5.80789e-07
-2.72732e-06
4.15431e-07
-3.60594e-06
1.94072e-07
-4.69685e-06
-6.73688e-08
-6.25927e-06
-2.1849e-07
-8.56386e-06
-1.1721e-05
5.58096e-07
4.73879e-06
9.52633e-07
6.00239e-06
1.25058e-06
6.01293e-06
1.45889e-06
5.55929e-06
1.60187e-06
4.80155e-06
1.69492e-06
3.9677e-06
1.74787e-06
3.14232e-06
1.76902e-06
2.36273e-06
1.76343e-06
1.63627e-06
1.73234e-06
9.5191e-07
1.67329e-06
2.90748e-07
1.58307e-06
-3.70533e-07
1.4571e-06
-1.05001e-06
1.29132e-06
-1.76318e-06
1.08172e-06
-2.51772e-06
8.22983e-07
-3.3472e-06
4.91804e-07
-4.36567e-06
1.35166e-07
-5.90263e-06
-9.94064e-08
-8.32929e-06
-1.18204e-05
7.15363e-07
4.02343e-06
1.2468e-06
5.47095e-06
1.65413e-06
5.6056e-06
1.97243e-06
5.24099e-06
2.20363e-06
4.57036e-06
2.3662e-06
3.80513e-06
2.47167e-06
3.03684e-06
2.52888e-06
2.30553e-06
2.54328e-06
1.62187e-06
2.51631e-06
9.78881e-07
2.44481e-06
3.62244e-07
2.32413e-06
-2.49851e-07
2.14947e-06
-8.75352e-07
1.91527e-06
-1.52898e-06
1.61833e-06
-2.22078e-06
1.25757e-06
-2.98645e-06
8.19216e-07
-3.92731e-06
3.73894e-07
-5.45731e-06
5.77999e-08
-8.0132e-06
-1.17626e-05
8.47033e-07
3.17639e-06
1.49663e-06
4.82136e-06
2.01966e-06
5.08257e-06
2.45741e-06
4.80324e-06
2.79485e-06
4.23292e-06
3.04419e-06
3.55579e-06
3.21748e-06
2.86355e-06
3.32378e-06
2.19923e-06
3.36833e-06
1.57732e-06
3.35283e-06
9.94382e-07
3.2738e-06
4.41272e-07
3.12344e-06
-9.94904e-08
2.89959e-06
-6.51499e-07
2.59453e-06
-1.22393e-06
2.20454e-06
-1.83078e-06
1.7369e-06
-2.51881e-06
1.18356e-06
-3.37397e-06
6.31298e-07
-4.90505e-06
1.94023e-07
-7.57592e-06
-1.15686e-05
8.51152e-07
2.32524e-06
1.6042e-06
4.06831e-06
2.26947e-06
4.41731e-06
2.84974e-06
4.22297e-06
3.32344e-06
3.75922e-06
3.68869e-06
3.19054e-06
3.95423e-06
2.59801e-06
4.1293e-06
2.02417e-06
4.21905e-06
1.48756e-06
4.2258e-06
9.87638e-07
4.14714e-06
5.19925e-07
3.97725e-06
7.04013e-08
3.70779e-06
-3.82039e-07
3.33662e-06
-8.5276e-07
2.85649e-06
-1.35064e-06
2.28448e-06
-1.9468e-06
1.61336e-06
-2.70285e-06
9.45973e-07
-4.23766e-06
3.87473e-07
-7.01742e-06
-1.11811e-05
7.60733e-07
1.56451e-06
1.58909e-06
3.23995e-06
2.40935e-06
3.59704e-06
3.14695e-06
3.48537e-06
3.77152e-06
3.13465e-06
4.27309e-06
2.68896e-06
4.65036e-06
2.22075e-06
4.9103e-06
1.76422e-06
5.05863e-06
1.33924e-06
5.09935e-06
9.4692e-07
5.03338e-06
5.85889e-07
4.86137e-06
2.42414e-07
4.56544e-06
-8.6104e-08
4.15638e-06
-4.437e-07
3.6146e-06
-8.08871e-07
2.96194e-06
-1.29414e-06
2.1962e-06
-1.93711e-06
1.41098e-06
-3.45244e-06
6.64468e-07
-6.27091e-06
-1.05166e-05
2.69135e-07
1.29537e-06
1.22004e-06
2.28905e-06
2.22808e-06
2.589e-06
3.16844e-06
2.54502e-06
3.98032e-06
2.32278e-06
4.64719e-06
2.02209e-06
5.16734e-06
1.7006e-06
5.54368e-06
1.38788e-06
5.78472e-06
1.0982e-06
5.89734e-06
8.34298e-07
5.88723e-06
5.95993e-07
5.76097e-06
3.68681e-07
5.51783e-06
1.57028e-07
5.15375e-06
-7.96128e-08
4.63704e-06
-2.92166e-07
3.99321e-06
-6.50304e-07
3.19616e-06
-1.14007e-06
2.321e-06
-2.57728e-06
1.19889e-06
-5.14881e-06
-9.31775e-06
-5.38131e-07
1.8335e-06
5.16891e-07
1.23403e-06
1.83065e-06
1.27524e-06
3.04514e-06
1.33053e-06
4.09549e-06
1.27243e-06
4.9777e-06
1.13987e-06
5.69575e-06
9.82552e-07
6.2467e-06
8.36929e-07
6.64994e-06
6.94964e-07
6.91064e-06
5.73592e-07
7.05226e-06
4.54372e-07
7.06895e-06
3.51993e-07
6.97838e-06
2.47603e-07
6.75462e-06
1.44142e-07
6.42828e-06
3.41717e-08
5.97531e-06
-1.97325e-07
5.33869e-06
-5.03454e-07
4.43625e-06
-1.67484e-06
2.6217e-06
-3.33425e-06
-6.69605e-06
1.8335e-06
3.06753e-06
4.34277e-06
5.6733e-06
6.94572e-06
8.0856e-06
9.06815e-06
9.90508e-06
1.06e-05
1.11736e-05
1.1628e-05
1.198e-05
1.22276e-05
1.23717e-05
1.24059e-05
1.22086e-05
1.17051e-05
1.00303e-05
6.69605e-06
)
;

boundaryField
{
    movingWall
    {
        type            calculated;
        value           uniform 0;
    }
    fixedWalls
    {
        type            calculated;
        value           uniform 0;
    }
    frontAndBack
    {
        type            empty;
    }
}


// ************************************************************************* //
