/*--------------------------------*- C++ -*----------------------------------*\
  =========                 |
  \\      /  F ield         | OpenFOAM: The Open Source CFD Toolbox
   \\    /   O peration     | Website:  https://openfoam.org
    \\  /    A nd           | Version:  11
     \\/     M anipulation  |
\*---------------------------------------------------------------------------*/
FoamFile
{
    format      ascii;
    class       volVectorField;
    location    "7.5";
    object      U;
}
// * * * * * * * * * * * * * * * * * * * * * * * * * * * * * * * * * * * * * //

dimensions      [0 1 -1 0 0 0 0];

internalField   nonuniform List<vector> 
400
(
(0.00238241 -0.00290093 0)
(0.00236929 -0.000594024 0)
(-0.00623714 0.0034847 0)
(-0.0263392 0.0104256 0)
(-0.0592071 0.0140744 0)
(-0.0851654 0.0121252 0)
(-0.108598 0.0104774 0)
(-0.126338 0.00812154 0)
(-0.140477 0.00622615 0)
(-0.150157 0.00401031 0)
(-0.156005 0.0022484 0)
(-0.158319 0.00037279 0)
(-0.157188 -0.0026453 0)
(-0.150605 -0.00479188 0)
(-0.139754 -0.00806439 0)
(-0.122447 -0.0110488 0)
(-0.0993993 -0.0144357 0)
(-0.0700081 -0.0164471 0)
(-0.0375072 -0.0149129 0)
(-0.00891106 -0.00413733 0)
(-0.00183173 -0.00244418 0)
(-0.0120402 0.0109333 0)
(-0.037606 0.0294055 0)
(-0.0657841 0.0396303 0)
(-0.0901359 0.0387215 0)
(-0.109848 0.0347873 0)
(-0.126633 0.0293506 0)
(-0.138964 0.0236878 0)
(-0.149597 0.0171589 0)
(-0.156595 0.0114226 0)
(-0.160875 0.00575022 0)
(-0.161649 0.000188936 0)
(-0.159157 -0.00595777 0)
(-0.153169 -0.012754 0)
(-0.143191 -0.021051 0)
(-0.128345 -0.0304902 0)
(-0.108378 -0.0413201 0)
(-0.0829391 -0.0510628 0)
(-0.0517882 -0.0538653 0)
(-0.0189905 -0.0352462 0)
(-0.00782218 0.0127599 0)
(-0.0309017 0.0384876 0)
(-0.0567384 0.054974 0)
(-0.0787415 0.0598917 0)
(-0.0964232 0.0563153 0)
(-0.110703 0.0493148 0)
(-0.122156 0.0405609 0)
(-0.130842 0.031346 0)
(-0.136851 0.023113 0)
(-0.13981 0.0148627 0)
(-0.140938 0.00676056 0)
(-0.139912 -0.00150913 0)
(-0.137329 -0.0101693 0)
(-0.131861 -0.0197076 0)
(-0.123853 -0.0308318 0)
(-0.112349 -0.0439908 0)
(-0.0968888 -0.0594936 0)
(-0.0768724 -0.0764075 0)
(-0.050703 -0.0888313 0)
(-0.0216871 -0.077592 0)
(-0.011899 0.0359061 0)
(-0.0365877 0.061896 0)
(-0.0590098 0.0748971 0)
(-0.0758341 0.0762526 0)
(-0.088683 0.0700832 0)
(-0.0985299 0.0605618 0)
(-0.105677 0.0493635 0)
(-0.110629 0.0379484 0)
(-0.11357 0.0270125 0)
(-0.115106 0.0165115 0)
(-0.115232 0.00654475 0)
(-0.113929 -0.00342395 0)
(-0.111144 -0.0138571 0)
(-0.106581 -0.0254436 0)
(-0.100225 -0.0388618 0)
(-0.09164 -0.0548105 0)
(-0.0800976 -0.0736797 0)
(-0.0646514 -0.0948369 0)
(-0.043358 -0.113877 0)
(-0.0196649 -0.111908 0)
(-0.0120756 0.0578832 0)
(-0.0345582 0.0825834 0)
(-0.0525314 0.0915234 0)
(-0.065552 0.0893407 0)
(-0.0750266 0.0802312 0)
(-0.0817188 0.0680476 0)
(-0.0861901 0.0545885 0)
(-0.0891305 0.0413252 0)
(-0.0907863 0.0288235 0)
(-0.0913649 0.0170608 0)
(-0.0908621 0.00582903 0)
(-0.0892994 -0.00535938 0)
(-0.0866425 -0.0170013 0)
(-0.082826 -0.029838 0)
(-0.0778325 -0.0447047 0)
(-0.0715167 -0.0625534 0)
(-0.063316 -0.0841981 0)
(-0.0518058 -0.109646 0)
(-0.0350163 -0.135063 0)
(-0.0173015 -0.140681 0)
(-0.0102176 0.078137 0)
(-0.0286613 0.100373 0)
(-0.0426185 0.105335 0)
(-0.0526794 0.0995536 0)
(-0.0595935 0.0875032 0)
(-0.0642297 0.0729381 0)
(-0.0672126 0.0577394 0)
(-0.0691225 0.0432096 0)
(-0.0700956 0.0296802 0)
(-0.0702326 0.0169779 0)
(-0.0695649 0.00478716 0)
(-0.0680839 -0.00733463 0)
(-0.0657647 -0.0198982 0)
(-0.0626049 -0.0335983 0)
(-0.0586489 -0.0493059 0)
(-0.0539116 -0.0681179 0)
(-0.0482022 -0.0911898 0)
(-0.0400959 -0.119361 0)
(-0.0292996 -0.15066 0)
(-0.0117526 -0.164045 0)
(-0.0083265 0.0949353 0)
(-0.0215287 0.114467 0)
(-0.0320329 0.116134 0)
(-0.0394306 0.107223 0)
(-0.0443567 0.0927415 0)
(-0.0476361 0.0763441 0)
(-0.0497569 0.0598925 0)
(-0.0511251 0.0444458 0)
(-0.0518272 0.030139 0)
(-0.0519348 0.0167214 0)
(-0.0514429 0.00380731 0)
(-0.0503 -0.00906862 0)
(-0.0484628 -0.0224076 0)
(-0.0459468 -0.0368136 0)
(-0.0428512 -0.0531126 0)
(-0.0392919 -0.0724942 0)
(-0.0353691 -0.0963448 0)
(-0.0296323 -0.126519 0)
(-0.0235263 -0.161837 0)
(-0.0094358 -0.183188 0)
(-0.00544736 0.107155 0)
(-0.0142629 0.124972 0)
(-0.0217256 0.12406 0)
(-0.0267274 0.112776 0)
(-0.0300766 0.0965345 0)
(-0.0323705 0.0788426 0)
(-0.0339326 0.061504 0)
(-0.0350186 0.0453924 0)
(-0.0356697 0.0305341 0)
(-0.0359157 0.0166047 0)
(-0.0357182 0.00314536 0)
(-0.035007 -0.010333 0)
(-0.0337301 -0.0243042 0)
(-0.0319074 -0.039274 0)
(-0.0296689 -0.0559424 0)
(-0.0271826 -0.0755142 0)
(-0.0248275 -0.0996447 0)
(-0.0210847 -0.131041 0)
(-0.0189486 -0.169208 0)
(-0.00600906 -0.198357 0)
(-0.00331047 0.114784 0)
(-0.00753839 0.131437 0)
(-0.0120245 0.128951 0)
(-0.0148397 0.116381 0)
(-0.0168433 0.0990821 0)
(-0.0183223 0.0806192 0)
(-0.0194345 0.0627413 0)
(-0.0203143 0.0462094 0)
(-0.0209527 0.0309968 0)
(-0.0213391 0.0167194 0)
(-0.0214249 0.00286708 0)
(-0.0211503 -0.0110629 0)
(-0.0204733 -0.0255168 0)
(-0.0194157 -0.040914 0)
(-0.0181269 -0.0577999 0)
(-0.0167444 -0.0773206 0)
(-0.0160826 -0.101406 0)
(-0.0137875 -0.133592 0)
(-0.0152675 -0.173795 0)
(-0.00425951 -0.210588 0)
(1.14076e-05 0.117719 0)
(-0.00121436 0.135049 0)
(-0.00298589 0.131554 0)
(-0.00371113 0.118287 0)
(-0.00445927 0.100552 0)
(-0.00513318 0.0817677 0)
(-0.00577911 0.0636566 0)
(-0.00641616 0.0469196 0)
(-0.00699115 0.031517 0)
(-0.00746413 0.0170384 0)
(-0.00779385 0.00295185 0)
(-0.00794716 -0.0112506 0)
(-0.0079084 -0.0259925 0)
(-0.00769925 -0.0416237 0)
(-0.00748353 -0.058545 0)
(-0.00725516 -0.0777832 0)
(-0.00856856 -0.101458 0)
(-0.00740937 -0.133954 0)
(-0.0123328 -0.175645 0)
(-0.00186864 -0.220076 0)
(0.00211841 0.116166 0)
(0.00450972 0.134735 0)
(0.00576616 0.131241 0)
(0.00693658 0.118323 0)
(0.0074275 0.100758 0)
(0.00762091 0.082155 0)
(0.00752638 0.0641556 0)
(0.00721455 0.0474496 0)
(0.0067791 0.0320291 0)
(0.00627629 0.0175102 0)
(0.00573417 0.00337199 0)
(0.0051554 -0.010889 0)
(0.00451825 -0.0256814 0)
(0.00379942 -0.0413126 0)
(0.00280291 -0.0580556 0)
(0.00176254 -0.0767694 0)
(-0.00168352 -0.0999545 0)
(-0.00149928 -0.132186 0)
(-0.0101275 -0.175543 0)
(-0.000199789 -0.227369 0)
(0.00406396 0.111574 0)
(0.010127 0.131823 0)
(0.0137469 0.129184 0)
(0.0170326 0.117298 0)
(0.0190085 0.100109 0)
(0.0202323 0.0819292 0)
(0.0208571 0.0642494 0)
(0.0210078 0.0477544 0)
(0.0208113 0.0324863 0)
(0.0203405 0.0181056 0)
(0.0196116 0.00412437 0)
(0.0186037 -0.00994904 0)
(0.0172507 -0.0245169 0)
(0.0155362 -0.0398706 0)
(0.0132462 -0.0561898 0)
(0.0106064 -0.0741603 0)
(0.00503444 -0.096528 0)
(0.00436428 -0.128163 0)
(-0.00841562 -0.173311 0)
(0.00236272 -0.232377 0)
(0.00618486 0.102342 0)
(0.0153318 0.125097 0)
(0.0217794 0.12378 0)
(0.0268191 0.1138 0)
(0.0305193 0.0978189 0)
(0.0329487 0.0805534 0)
(0.0344799 0.0635815 0)
(0.0352685 0.047613 0)
(0.0354466 0.0327603 0)
(0.0350956 0.0187627 0)
(0.0342196 0.00519658 0)
(0.0327877 -0.00840191 0)
(0.0306795 -0.0224173 0)
(0.0279033 -0.0371594 0)
(0.0241214 -0.052762 0)
(0.0198034 -0.0698929 0)
(0.0120909 -0.0910031 0)
(0.0101562 -0.122061 0)
(-0.00698716 -0.169357 0)
(0.00524747 -0.235453 0)
(0.00794656 0.0898758 0)
(0.019905 0.11682 0)
(0.0289235 0.117654 0)
(0.0359817 0.10916 0)
(0.0416767 0.0946269 0)
(0.0456904 0.0784079 0)
(0.0484455 0.0623022 0)
(0.0501387 0.0470565 0)
(0.0508948 0.0328412 0)
(0.0508011 0.019469 0)
(0.0498519 0.00659161 0)
(0.0480181 -0.00622533 0)
(0.045111 -0.0193296 0)
(0.0412238 -0.0330733 0)
(0.0357749 -0.0476213 0)
(0.0297233 -0.063629 0)
(0.0196647 -0.0832953 0)
(0.0162433 -0.114052 0)
(-0.00520231 -0.163734 0)
(0.00946793 -0.236716 0)
(0.00953646 0.0737503 0)
(0.0239244 0.103685 0)
(0.0352188 0.107363 0)
(0.0445399 0.100935 0)
(0.0523784 0.0885933 0)
(0.0583535 0.0741323 0)
(0.0626824 0.0594607 0)
(0.0655745 0.0454315 0)
(0.0671487 0.0322996 0)
(0.0674955 0.0199619 0)
(0.0665888 0.00816442 0)
(0.0644231 -0.00349195 0)
(0.0606965 -0.0152495 0)
(0.0557035 -0.0275533 0)
(0.0484518 -0.0406208 0)
(0.0406615 -0.0552411 0)
(0.0279272 -0.0733784 0)
(0.0229929 -0.104127 0)
(-0.00295492 -0.156925 0)
(0.0145579 -0.236795 0)
(0.00947686 0.0557112 0)
(0.0256965 0.0909657 0)
(0.0390709 0.0972505 0)
(0.0509342 0.0922964 0)
(0.0614774 0.081718 0)
(0.0700298 0.0689687 0)
(0.0764921 0.0558427 0)
(0.0810328 0.0432218 0)
(0.0837686 0.0314228 0)
(0.0848331 0.0204025 0)
(0.0841318 0.0100033 0)
(0.0818261 -0.000147395 0)
(0.0773664 -0.0101708 0)
(0.0714212 -0.0206308 0)
(0.0623474 -0.0317681 0)
(0.0529969 -0.044717 0)
(0.0374049 -0.0610967 0)
(0.031152 -0.0921916 0)
(0.000118503 -0.147962 0)
(0.0213174 -0.234811 0)
(0.00792597 0.0373329 0)
(0.0248261 0.0714455 0)
(0.0404711 0.0800932 0)
(0.0552153 0.0775965 0)
(0.0687457 0.0696467 0)
(0.0802645 0.0595411 0)
(0.0892822 0.0488377 0)
(0.0958426 0.0384314 0)
(0.100017 0.0287252 0)
(0.102076 0.019718 0)
(0.101772 0.0113419 0)
(0.0996559 0.0032548 0)
(0.0947222 -0.00462122 0)
(0.0883846 -0.0128003 0)
(0.0779389 -0.0214301 0)
(0.067747 -0.0323161 0)
(0.0495431 -0.0464061 0)
(0.0425306 -0.0780734 0)
(0.00534296 -0.137038 0)
(0.0304752 -0.227495 0)
(-0.00300614 0.0243037 0)
(0.0160001 0.0585271 0)
(0.0347323 0.0659439 0)
(0.0535274 0.0642117 0)
(0.0710007 0.0579895 0)
(0.0860508 0.0501181 0)
(0.0981455 0.0419095 0)
(0.107354 0.0338191 0)
(0.113596 0.0262627 0)
(0.117393 0.0193439 0)
(0.11827 0.0130636 0)
(0.117303 0.00717811 0)
(0.113031 0.00167337 0)
(0.107903 -0.0040833 0)
(0.0977145 -0.0100454 0)
(0.0885541 -0.0183827 0)
(0.0690075 -0.0300469 0)
(0.0621264 -0.0615321 0)
(0.018281 -0.120976 0)
(0.0460193 -0.205185 0)
(-0.0147845 0.0300785 0)
(-0.00259888 0.0280114 0)
(0.0237733 0.032867 0)
(0.0486809 0.0343075 0)
(0.0710506 0.0323824 0)
(0.0904931 0.028547 0)
(0.106694 0.0241715 0)
(0.119645 0.019959 0)
(0.129254 0.0160857 0)
(0.136166 0.0125214 0)
(0.140012 0.00935235 0)
(0.141894 0.0062414 0)
(0.140649 0.00361144 0)
(0.138194 0.00014958 0)
(0.131194 -0.00279698 0)
(0.125201 -0.00885575 0)
(0.108733 -0.0179435 0)
(0.103183 -0.0454769 0)
(0.0576368 -0.0931032 0)
(0.0776964 -0.156554 0)
(0.0398548 0.0381371 0)
(0.045932 0.0274254 0)
(0.0700214 0.024306 0)
(0.0995073 0.0242445 0)
(0.125553 0.023364 0)
(0.149347 0.0215134 0)
(0.170698 0.0190772 0)
(0.189325 0.0169473 0)
(0.204938 0.0146492 0)
(0.217979 0.0129626 0)
(0.22822 0.011001 0)
(0.236457 0.00975382 0)
(0.24214 0.00793813 0)
(0.246123 0.00693501 0)
(0.247555 0.00481766 0)
(0.245581 0.00241892 0)
(0.237255 0.00188525 0)
(0.222404 -0.0098033 0)
(0.172997 -0.0131193 0)
(0.145995 -0.0644855 0)
)
;

boundaryField
{
    movingWall
    {
        type            fixedValue;
        value           uniform (1 0 0);
    }
    fixedWalls
    {
        type            noSlip;
    }
    frontAndBack
    {
        type            empty;
    }
}


// ************************************************************************* //
