/*--------------------------------*- C++ -*----------------------------------*\
  =========                 |
  \\      /  F ield         | OpenFOAM: The Open Source CFD Toolbox
   \\    /   O peration     | Website:  https://openfoam.org
    \\  /    A nd           | Version:  11
     \\/     M anipulation  |
\*---------------------------------------------------------------------------*/
FoamFile
{
    format      ascii;
    class       volScalarField;
    location    "2.5";
    object      epsilon;
}
// * * * * * * * * * * * * * * * * * * * * * * * * * * * * * * * * * * * * * //

dimensions      [0 2 -3 0 0 0 0];

internalField   nonuniform List<scalar> 
400
(
2.23386e-05
5.96074e-05
8.64701e-05
9.843e-05
0.000103142
0.000110849
0.000146813
0.000258351
0.000474095
0.000738565
0.000966579
0.00114899
0.00131444
0.00147213
0.00155273
0.00157933
0.00150811
0.00113298
0.000631226
0.000386871
6.94195e-05
7.90781e-05
0.000111053
0.000132914
0.000151281
0.000187384
0.000286925
0.000475742
0.000702584
0.000892592
0.0010429
0.0011977
0.00137766
0.00158759
0.00181717
0.00204187
0.00215153
0.00215988
0.00179902
0.00127614
0.000156198
0.000131004
0.00017299
0.000215161
0.000259878
0.000330879
0.0004593
0.000639304
0.000817699
0.000965682
0.00110118
0.00125233
0.00143087
0.00163632
0.00186677
0.00211298
0.00233017
0.00242496
0.00235079
0.0020371
0.00024078
0.000182416
0.000227483
0.000283693
0.000346845
0.000433848
0.000563071
0.000718304
0.000858352
0.000978606
0.00110154
0.00124211
0.00140634
0.00159634
0.0018213
0.00208133
0.0023622
0.0025297
0.00256605
0.00246346
0.000310732
0.000223234
0.000265781
0.000328534
0.000400939
0.000491867
0.000607972
0.000731809
0.000848146
0.00095712
0.00106603
0.00118489
0.00132434
0.00150343
0.00173772
0.00203663
0.0023855
0.00266663
0.00277509
0.00282717
0.000360354
0.000250031
0.000286251
0.000348699
0.000420508
0.000503499
0.000602402
0.000713649
0.000813475
0.000901928
0.000988518
0.00108471
0.00120781
0.00138139
0.00163606
0.00199809
0.00245654
0.00285164
0.00300595
0.00311129
0.000389608
0.000263575
0.000290251
0.000347047
0.000415905
0.000493497
0.000579372
0.000668177
0.000748537
0.000820362
0.000890961
0.000969362
0.00107523
0.00124161
0.00151518
0.0019446
0.00254062
0.0031099
0.00332017
0.00336042
0.000401929
0.000267167
0.00028637
0.000338225
0.000400865
0.000468089
0.000535062
0.000602625
0.000668194
0.000727605
0.000785701
0.000849999
0.000941003
0.00109876
0.0013853
0.00187418
0.00260532
0.00339234
0.00369751
0.00356284
0.000398905
0.000264899
0.000276852
0.00032049
0.00037513
0.000433119
0.000487721
0.000537652
0.000585793
0.000632232
0.000680113
0.000734588
0.000814829
0.000964588
0.00125802
0.00179278
0.00264193
0.00367588
0.00415392
0.00373116
0.000390585
0.000259738
0.000264668
0.000300582
0.000347785
0.000398293
0.000444604
0.000482798
0.000515103
0.000546367
0.000582754
0.000629139
0.000702014
0.000845066
0.00113921
0.0017052
0.00265648
0.00392418
0.0046391
0.00385729
0.000375685
0.000252971
0.00025284
0.000281858
0.000322263
0.000366469
0.000407549
0.000439821
0.000462904
0.000481412
0.000504447
0.000540791
0.000606317
0.000741887
0.00102841
0.00160712
0.00264274
0.00412392
0.00515263
0.00394812
0.000361421
0.000246803
0.000242756
0.000265607
0.000300293
0.000339188
0.00037648
0.000406366
0.000426138
0.000438236
0.000450773
0.000475804
0.000530692
0.000653244
0.00092194
0.00148696
0.00256421
0.00423051
0.00565131
0.00399319
0.000347466
0.000240958
0.000234423
0.000252604
0.000282651
0.000317134
0.000351239
0.000379805
0.00039914
0.000409396
0.00041651
0.000432732
0.000474641
0.000578104
0.000817636
0.00134496
0.0024253
0.00426751
0.00610412
0.00401155
0.000333012
0.000234303
0.000227319
0.000242795
0.000269722
0.000301002
0.000332542
0.000359985
0.000379645
0.000390476
0.000395664
0.000406234
0.000436857
0.000519639
0.000722373
0.0011936
0.00223137
0.00422275
0.00637918
0.00401325
0.0003224
0.000226885
0.000223008
0.000239772
0.000267033
0.000298131
0.000329629
0.00035775
0.000379012
0.00039141
0.000397296
0.000405872
0.000429315
0.000494899
0.000666632
0.00108959
0.00205311
0.00409496
0.00648237
0.00399196
0.000322305
0.00022063
0.000224604
0.000245848
0.00027699
0.000312001
0.000347629
0.000380378
0.00040702
0.000426065
0.000438715
0.000451984
0.000479743
0.000544783
0.000699359
0.00107936
0.00198168
0.0040302
0.00633714
0.00397497
0.000335807
0.00022447
0.000243425
0.000283393
0.000333892
0.000389774
0.000447651
0.00050433
0.000556324
0.00060285
0.000644171
0.000687786
0.000746139
0.000844356
0.00102797
0.00141435
0.00223294
0.0041508
0.0058026
0.00391693
0.00038022
0.000263526
0.000352241
0.000472541
0.000609937
0.000758499
0.000913058
0.00107134
0.00122481
0.00137803
0.00152516
0.00168455
0.00185891
0.0020884
0.0023851
0.00288742
0.00360557
0.00509776
0.00549711
0.00385265
0.000477573
0.000429783
0.000848579
0.00136271
0.00187095
0.00238303
0.0028892
0.00340273
0.00388082
0.00436516
0.00480623
0.00527597
0.00572752
0.00623881
0.00674366
0.0073698
0.007271
0.00681067
0.00566947
0.00370458
0.000382734
0.00055953
0.000911719
0.00125967
0.001591
0.00189296
0.00218398
0.00244258
0.00271147
0.00292992
0.00318091
0.00335359
0.00358578
0.00371316
0.0039141
0.00399555
0.00407215
0.00406155
0.00395826
0.00350107
)
;

boundaryField
{
    movingWall
    {
        type            epsilonWallFunction;
        value           nonuniform List<scalar> 
20
(
0.000382734
0.00055953
0.000911719
0.00125967
0.001591
0.00189296
0.00218398
0.00244258
0.00271147
0.00292992
0.00318091
0.00335359
0.00358578
0.00371316
0.0039141
0.00399555
0.00407215
0.00406155
0.00395826
0.00350107
)
;
    }
    fixedWalls
    {
        type            epsilonWallFunction;
        value           nonuniform List<scalar> 
60
(
2.23386e-05
6.94195e-05
0.000156198
0.00024078
0.000310732
0.000360354
0.000389608
0.000401929
0.000398905
0.000390585
0.000375685
0.000361421
0.000347466
0.000333012
0.0003224
0.000322305
0.000335807
0.00038022
0.000477573
0.000382734
0.000386871
0.00127614
0.0020371
0.00246346
0.00282717
0.00311129
0.00336042
0.00356284
0.00373116
0.00385729
0.00394812
0.00399319
0.00401155
0.00401325
0.00399196
0.00397497
0.00391693
0.00385265
0.00370458
0.00350107
2.23386e-05
5.96074e-05
8.64701e-05
9.843e-05
0.000103142
0.000110849
0.000146813
0.000258351
0.000474095
0.000738565
0.000966579
0.00114899
0.00131444
0.00147213
0.00155273
0.00157933
0.00150811
0.00113298
0.000631226
0.000386871
)
;
    }
    frontAndBack
    {
        type            empty;
    }
}


// ************************************************************************* //
