/*--------------------------------*- C++ -*----------------------------------*\
  =========                 |
  \\      /  F ield         | OpenFOAM: The Open Source CFD Toolbox
   \\    /   O peration     | Website:  https://openfoam.org
    \\  /    A nd           | Version:  11
     \\/     M anipulation  |
\*---------------------------------------------------------------------------*/
FoamFile
{
    format      ascii;
    class       volScalarField;
    location    "2.5";
    object      k;
}
// * * * * * * * * * * * * * * * * * * * * * * * * * * * * * * * * * * * * * //

dimensions      [0 2 -2 0 0 0 0];

internalField   nonuniform List<scalar> 
400
(
6.92553e-06
1.85112e-05
2.68402e-05
3.05196e-05
3.1969e-05
3.44642e-05
4.61755e-05
8.22089e-05
0.000151021
0.000234073
0.000304845
0.000361503
0.000413067
0.000462137
0.000486978
0.000495178
0.000472531
0.000355192
0.000198184
0.000121748
2.15957e-05
8.12323e-05
0.000106513
0.000112126
0.000111389
0.000118033
0.000164106
0.000268332
0.00040566
0.000542066
0.000665982
0.000781103
0.000888981
0.000983613
0.00105551
0.00109015
0.00109757
0.000973125
0.000657336
0.000399622
4.87114e-05
0.000167467
0.000218184
0.000237978
0.000246729
0.000271194
0.000350042
0.000481239
0.000624262
0.000754283
0.000869164
0.000975365
0.00107738
0.00117156
0.00124729
0.00128437
0.00129422
0.00121245
0.000927892
0.000636252
7.5171e-05
0.000238805
0.000308553
0.000341794
0.000360113
0.000394173
0.000479347
0.000608174
0.000741216
0.000860464
0.000967577
0.00106905
0.0011686
0.00126352
0.0013476
0.00139382
0.00140891
0.00135298
0.00108187
0.000769133
9.70655e-05
0.000294234
0.000377786
0.000421263
0.000446734
0.000481735
0.000559393
0.000676559
0.000796007
0.000902093
0.00100187
0.00109966
0.00119793
0.00129673
0.00139975
0.0014871
0.00152174
0.00150098
0.00124568
0.00088255
0.000112583
0.00033134
0.000424513
0.000475974
0.000506482
0.000537603
0.000598013
0.000690999
0.000793363
0.000895261
0.000991211
0.0010848
0.00118088
0.0012868
0.00140937
0.00154595
0.00162742
0.00163844
0.00139969
0.000971121
0.000121706
0.000351871
0.000451474
0.000509456
0.000544148
0.000570084
0.000609971
0.000681788
0.000773959
0.000866608
0.000954285
0.00103907
0.00113028
0.00124317
0.00138956
0.00156847
0.00173031
0.00178167
0.00156772
0.00104884
0.0001255
0.000359199
0.000462524
0.000525424
0.000564409
0.000587991
0.000612187
0.000659521
0.000730582
0.000808817
0.000887528
0.000966721
0.00105726
0.00117825
0.00134819
0.00157182
0.00181349
0.00192369
0.00173468
0.00111193
0.000124518
0.000357017
0.00046138
0.000528336
0.000572845
0.000597944
0.000613026
0.000636219
0.000680103
0.000740207
0.000808393
0.000882654
0.000973862
0.00110405
0.00129661
0.00156084
0.00186798
0.00205674
0.00190897
0.00116443
0.000121848
0.000351135
0.000456383
0.000525231
0.000572558
0.000602682
0.000616636
0.000626527
0.000644419
0.000679537
0.00073161
0.000798686
0.000890427
0.00102948
0.00124107
0.0015375
0.00189301
0.00216982
0.00207325
0.00120374
0.000117145
0.000341408
0.000446725
0.000517838
0.00056955
0.000603783
0.000621932
0.000628053
0.000633865
0.000646492
0.00067588
0.000729838
0.000817701
0.000961458
0.00118537
0.00150411
0.00189871
0.00225363
0.00222963
0.00123203
0.000112658
0.000329423
0.000435489
0.000508128
0.000563246
0.000603167
0.000627444
0.000636423
0.000638182
0.000642527
0.000655124
0.000689614
0.000764387
0.000903296
0.00112787
0.00145527
0.00187624
0.00229283
0.00236632
0.00124606
0.000108268
0.000317082
0.000424258
0.000498509
0.000556555
0.000601684
0.000632535
0.000648776
0.000652105
0.000651491
0.000657433
0.000678742
0.00073471
0.000854662
0.00106512
0.00138473
0.00181783
0.00230269
0.00248301
0.00125176
0.000103724
0.00030537
0.000414173
0.000490928
0.000552775
0.000602571
0.000638974
0.000662059
0.000671657
0.000671971
0.000672545
0.00068422
0.000723284
0.000816213
0.000997932
0.0012935
0.0017213
0.00226556
0.00254105
0.00125228
0.000100353
0.000297713
0.00040921
0.000490068
0.000554878
0.000608173
0.000650132
0.000678822
0.000694267
0.000698345
0.000698181
0.00070342
0.000728652
0.000795652
0.000939476
0.00119537
0.00160019
0.00219186
0.00255849
0.0012456
0.000100303
0.000298604
0.000412334
0.000497097
0.000567003
0.000626127
0.000674787
0.000710785
0.000733242
0.000743506
0.000746333
0.000750471
0.000766754
0.000814982
0.000924207
0.00114734
0.00152663
0.00211336
0.00246585
0.0012403
0.000104477
0.000308379
0.000431634
0.00052667
0.00060752
0.000678073
0.000738804
0.000788221
0.000824962
0.000849746
0.000865329
0.000878969
0.000900425
0.000945776
0.00103922
0.00122378
0.00152559
0.00208132
0.00228148
0.00122218
0.000118315
0.000347882
0.00050683
0.000633779
0.000747373
0.000851037
0.000945363
0.00103009
0.00110301
0.00116611
0.00121963
0.00127164
0.00132737
0.00140166
0.00150751
0.00167614
0.00187581
0.00219648
0.00208893
0.00120211
0.000148757
0.000438717
0.000729782
0.000984951
0.00120427
0.00140167
0.00158081
0.00174814
0.00189542
0.00203409
0.00215497
0.00227497
0.0023877
0.00250529
0.0026299
0.00274986
0.00269991
0.00250231
0.00201793
0.00115583
0.000119214
0.000174373
0.000284305
0.000392893
0.000496282
0.000590471
0.000681248
0.000761865
0.000845716
0.000913781
0.000992056
0.00104585
0.00111831
0.00115803
0.00122082
0.00124629
0.00127034
0.00126706
0.00123486
0.00109223
)
;

boundaryField
{
    movingWall
    {
        type            kqRWallFunction;
        value           nonuniform List<scalar> 
20
(
0.000119214
0.000174373
0.000284305
0.000392893
0.000496282
0.000590471
0.000681248
0.000761865
0.000845716
0.000913781
0.000992056
0.00104585
0.00111831
0.00115803
0.00122082
0.00124629
0.00127034
0.00126706
0.00123486
0.00109223
)
;
    }
    fixedWalls
    {
        type            kqRWallFunction;
        value           nonuniform List<scalar> 
60
(
6.92553e-06
2.15957e-05
4.87114e-05
7.5171e-05
9.70655e-05
0.000112583
0.000121706
0.0001255
0.000124518
0.000121848
0.000117145
0.000112658
0.000108268
0.000103724
0.000100353
0.000100303
0.000104477
0.000118315
0.000148757
0.000119214
0.000121748
0.000399622
0.000636252
0.000769133
0.00088255
0.000971121
0.00104884
0.00111193
0.00116443
0.00120374
0.00123203
0.00124606
0.00125176
0.00125228
0.0012456
0.0012403
0.00122218
0.00120211
0.00115583
0.00109223
6.92553e-06
1.85112e-05
2.68402e-05
3.05196e-05
3.1969e-05
3.44642e-05
4.61755e-05
8.22089e-05
0.000151021
0.000234073
0.000304845
0.000361503
0.000413067
0.000462137
0.000486978
0.000495178
0.000472531
0.000355192
0.000198184
0.000121748
)
;
    }
    frontAndBack
    {
        type            empty;
    }
}


// ************************************************************************* //
