/*--------------------------------*- C++ -*----------------------------------*\
  =========                 |
  \\      /  F ield         | OpenFOAM: The Open Source CFD Toolbox
   \\    /   O peration     | Website:  https://openfoam.org
    \\  /    A nd           | Version:  11
     \\/     M anipulation  |
\*---------------------------------------------------------------------------*/
FoamFile
{
    format      ascii;
    class       volScalarField;
    location    "2.5";
    object      nut;
}
// * * * * * * * * * * * * * * * * * * * * * * * * * * * * * * * * * * * * * //

dimensions      [0 2 -1 0 0 0 0];

internalField   nonuniform List<scalar> 
400
(
1.93238e-07
5.17385e-07
7.49804e-07
8.51671e-07
8.91797e-07
9.64376e-07
1.30707e-06
2.35435e-06
4.32966e-06
6.67661e-06
8.65296e-06
1.02365e-05
1.16827e-05
1.30569e-05
1.37456e-05
1.3973e-05
1.33251e-05
1.00219e-05
5.60007e-06
3.44826e-06
6.04639e-07
7.51006e-06
9.19427e-06
8.51305e-06
7.38144e-06
6.69144e-06
8.44741e-06
1.36212e-05
2.10799e-05
2.96274e-05
3.82757e-05
4.58471e-05
5.1628e-05
5.48471e-05
5.51791e-05
5.23824e-05
5.0392e-05
3.94593e-05
2.16162e-05
1.12627e-05
1.36719e-06
1.9267e-05
2.47666e-05
2.36894e-05
2.1082e-05
2.00048e-05
2.40097e-05
3.2603e-05
4.28926e-05
5.30245e-05
6.1743e-05
6.83688e-05
7.30104e-05
7.54924e-05
7.50051e-05
7.02627e-05
6.46952e-05
5.4559e-05
3.29628e-05
1.78849e-05
2.11214e-06
2.81363e-05
3.76663e-05
3.70616e-05
3.36499e-05
3.22313e-05
3.67265e-05
4.63436e-05
5.76059e-05
6.80927e-05
7.64916e-05
8.28083e-05
8.73955e-05
9.00076e-05
8.97393e-05
8.4007e-05
7.56293e-05
6.51266e-05
4.10515e-05
2.16122e-05
2.72889e-06
3.49034e-05
4.83293e-05
4.86147e-05
4.47983e-05
4.24631e-05
4.63226e-05
5.62932e-05
6.72366e-05
7.65206e-05
8.47414e-05
9.18507e-05
9.75225e-05
0.00010066
0.000101476
9.77261e-05
8.73659e-05
7.60381e-05
5.03243e-05
2.47953e-05
3.16563e-06
3.95182e-05
5.66601e-05
5.84733e-05
5.49029e-05
5.16615e-05
5.34289e-05
6.02161e-05
6.96373e-05
7.99779e-05
8.9452e-05
9.7641e-05
0.000103909
0.000107882
0.000109268
0.000107651
9.70328e-05
8.47247e-05
5.86574e-05
2.72802e-05
3.42166e-06
4.2277e-05
6.32027e-05
6.7308e-05
6.40741e-05
5.92701e-05
5.77968e-05
6.26109e-05
7.20219e-05
8.23914e-05
9.19899e-05
0.000100242
0.000106932
0.000112026
0.000114691
0.000113858
0.00010606
9.18652e-05
6.66225e-05
2.94621e-05
3.52681e-06
4.3464e-05
6.7233e-05
7.34609e-05
7.15206e-05
6.64747e-05
6.30385e-05
6.4961e-05
7.18916e-05
8.09184e-05
9.02297e-05
9.89524e-05
0.000106909
0.000113713
0.000118087
0.000118642
0.000113609
9.81774e-05
7.32437e-05
3.12321e-05
3.49816e-06
4.33053e-05
6.92012e-05
7.83879e-05
7.8729e-05
7.42943e-05
6.93473e-05
6.77571e-05
7.10637e-05
7.7996e-05
8.64781e-05
9.54508e-05
0.000104754
0.00011373
0.000120275
0.000122301
0.000118868
0.000103571
7.89556e-05
3.2706e-05
3.42108e-06
4.27225e-05
7.08272e-05
8.26002e-05
8.48343e-05
8.20761e-05
7.69709e-05
7.31741e-05
7.2558e-05
7.60649e-05
8.26641e-05
9.12531e-05
0.000101647
0.000112873
0.000121684
0.000124767
0.000121407
0.00010798
8.33897e-05
3.38085e-05
3.2875e-06
4.14684e-05
7.10357e-05
8.56248e-05
9.05933e-05
8.95297e-05
8.5418e-05
8.07159e-05
7.81168e-05
7.8136e-05
8.15015e-05
8.86474e-05
9.92503e-05
0.000112141
0.000122965
0.000126693
0.000122774
0.000110841
8.68318e-05
3.46016e-05
3.16049e-06
3.95731e-05
7.03116e-05
8.74883e-05
9.5081e-05
9.65332e-05
9.41131e-05
8.97049e-05
8.60166e-05
8.47846e-05
8.56902e-05
8.99553e-05
9.90892e-05
0.000112416
0.000124181
0.000128182
0.000123557
0.00011184
8.91748e-05
3.49947e-05
3.03619e-06
3.75529e-05
6.91037e-05
8.85415e-05
9.86299e-05
0.000102739
0.00010252
9.97405e-05
9.58855e-05
9.33072e-05
9.33943e-05
9.58149e-05
0.000102355
0.000113717
0.000124876
0.00012831
0.000122627
0.000111825
9.09023e-05
3.5154e-05
2.90762e-06
3.58195e-05
6.79156e-05
8.93385e-05
0.000101958
0.000108565
0.0001105
0.000109585
0.000106945
0.000104076
0.000102887
0.000103719
0.000107776
0.000115385
0.000124075
0.000126159
0.000119505
0.000109395
9.1097e-05
3.51681e-05
2.8113e-06
3.51586e-05
6.75792e-05
9.01481e-05
0.00010377
0.000111658
0.000115404
0.000115925
0.000114457
0.000112137
0.000110424
0.000109719
0.000111303
0.000115126
0.000119159
0.000118027
0.000112247
0.000105589
9.08818e-05
3.49794e-05
2.80934e-06
3.6372e-05
6.81278e-05
9.04601e-05
0.00010446
0.000113087
0.000117885
0.000119537
0.000118884
0.000116771
0.000114268
0.000112147
0.000110293
0.000109727
0.000109921
0.000109764
0.000105847
9.97388e-05
8.63537e-05
3.48309e-05
2.92548e-06
3.81289e-05
6.88825e-05
8.80908e-05
9.9485e-05
0.000106165
0.000109739
0.000110873
0.000110099
0.000107798
0.000104617
0.000101097
9.77953e-05
9.5344e-05
9.45533e-05
9.52999e-05
9.38083e-05
9.39261e-05
8.07335e-05
3.43215e-05
3.3135e-06
4.13318e-05
6.56337e-05
7.65029e-05
8.24198e-05
8.59378e-05
8.80931e-05
8.91391e-05
8.93997e-05
8.88107e-05
8.77772e-05
8.63952e-05
8.53036e-05
8.46672e-05
8.57538e-05
8.75698e-05
8.78306e-05
8.5176e-05
7.14423e-05
3.37576e-05
4.17022e-06
4.03054e-05
5.64854e-05
6.40722e-05
6.97634e-05
7.41998e-05
7.78433e-05
8.08293e-05
8.33166e-05
8.53071e-05
8.696e-05
8.82861e-05
8.95852e-05
9.05435e-05
9.23051e-05
9.23437e-05
9.02291e-05
8.27439e-05
6.46417e-05
3.24559e-05
3.34193e-06
4.89079e-06
7.97906e-06
1.1029e-05
1.39325e-05
1.65767e-05
1.91251e-05
2.1387e-05
2.37403e-05
2.5649e-05
2.78461e-05
2.93544e-05
3.13894e-05
3.25042e-05
3.42698e-05
3.49867e-05
3.56664e-05
3.55751e-05
3.46718e-05
3.06672e-05
)
;

boundaryField
{
    movingWall
    {
        type            nutkWallFunction;
        Cmu             0.09;
        kappa           0.41;
        E               9.8;
        value           uniform 0;
    }
    fixedWalls
    {
        type            nutkWallFunction;
        Cmu             0.09;
        kappa           0.41;
        E               9.8;
        value           uniform 0;
    }
    frontAndBack
    {
        type            empty;
    }
}


// ************************************************************************* //
