/*--------------------------------*- C++ -*----------------------------------*\
  =========                 |
  \\      /  F ield         | OpenFOAM: The Open Source CFD Toolbox
   \\    /   O peration     | Website:  https://openfoam.org
    \\  /    A nd           | Version:  11
     \\/     M anipulation  |
\*---------------------------------------------------------------------------*/
FoamFile
{
    format      ascii;
    class       volScalarField;
    location    "2.5";
    object      p;
}
// * * * * * * * * * * * * * * * * * * * * * * * * * * * * * * * * * * * * * //

dimensions      [0 2 -2 0 0 0 0];

internalField   nonuniform List<scalar> 
400
(
7.07026e-09
-2.28738e-05
-4.90608e-05
-9.1006e-05
-0.000155466
-0.00023385
-0.000301998
-0.000374295
-0.000557018
-0.000912535
-0.00131462
-0.00150575
-0.00130636
-0.000678557
0.000350434
0.00170733
0.0031477
0.00433288
0.00500039
0.00509308
3.21852e-05
1.37452e-05
-3.02848e-06
-3.45001e-05
-9.84034e-05
-0.000210609
-0.000372482
-0.000586855
-0.000904151
-0.001336
-0.0017535
-0.00197425
-0.00186466
-0.00135419
-0.000399838
0.000909616
0.00237449
0.00368794
0.00454924
0.00486884
4.33041e-05
1.27614e-05
-7.98556e-06
-3.80626e-05
-0.000110059
-0.000262406
-0.00052861
-0.000923394
-0.0014352
-0.00199902
-0.00249486
-0.00279359
-0.00276124
-0.00233495
-0.0015045
-0.00032515
0.00107841
0.00247854
0.0035701
0.00408846
-6.11372e-07
-5.08151e-05
-9.20197e-05
-0.00014043
-0.000243515
-0.000458628
-0.00084083
-0.00140425
-0.00209786
-0.00281141
-0.00341345
-0.00377353
-0.00380971
-0.00347576
-0.00277034
-0.00173527
-0.000453402
0.00091198
0.002098
0.00271144
-0.000121722
-0.000194856
-0.000268208
-0.000352811
-0.000504445
-0.000790552
-0.00127503
-0.00196739
-0.00279001
-0.00360601
-0.0042772
-0.00469672
-0.00480178
-0.00456073
-0.00398302
-0.00310468
-0.00198376
-0.000732045
0.000427746
0.00102384
-0.000319118
-0.000409922
-0.000515449
-0.000641438
-0.000844202
-0.00119169
-0.00174147
-0.00250889
-0.0034013
-0.0042728
-0.00498697
-0.00544927
-0.00560922
-0.00544944
-0.00498971
-0.00426611
-0.0033265
-0.00224674
-0.00119083
-0.000639597
-0.000570321
-0.000668796
-0.00079756
-0.00095824
-0.00120081
-0.00159009
-0.00216677
-0.00294984
-0.00385788
-0.00474563
-0.00547747
-0.00596378
-0.00616291
-0.00607024
-0.00571287
-0.00512849
-0.00435972
-0.00346379
-0.00259117
-0.00207417
-0.000843435
-0.000940047
-0.00107985
-0.00126247
-0.00152736
-0.00192665
-0.00250194
-0.00325409
-0.00412864
-0.00499689
-0.00572083
-0.0062135
-0.00643898
-0.00639978
-0.00612929
-0.00566661
-0.00504912
-0.00432183
-0.00363353
-0.003173
-0.00110971
-0.00119702
-0.00133575
-0.00152509
-0.00179401
-0.002179
-0.00272204
-0.00341273
-0.00421815
-0.00503233
-0.00572324
-0.0062055
-0.00644533
-0.00644906
-0.0062516
-0.00589184
-0.00540242
-0.00481958
-0.00429521
-0.00388646
-0.00134697
-0.00142104
-0.00154863
-0.00173101
-0.00198852
-0.00234613
-0.00283396
-0.00344621
-0.00415705
-0.00488526
-0.00551973
-0.00597784
-0.00622257
-0.00626056
-0.00612333
-0.00584678
-0.00546263
-0.0049856
-0.0045906
-0.00422705
-0.00154755
-0.00160262
-0.00171232
-0.00187749
-0.00211195
-0.00243279
-0.00285698
-0.00338349
-0.00398939
-0.00461732
-0.00517981
-0.00560075
-0.00584045
-0.00590172
-0.00581003
-0.00559831
-0.0052947
-0.00487396
-0.00458726
-0.00421939
-0.00170452
-0.00174255
-0.00182867
-0.00196916
-0.00217343
-0.00245207
-0.00281423
-0.0032585
-0.00376628
-0.00429512
-0.00477981
-0.00515532
-0.00538147
-0.00545395
-0.00539069
-0.00521797
-0.00495852
-0.00454689
-0.00437047
-0.00390435
-0.00182139
-0.00184223
-0.00190206
-0.00201343
-0.00218429
-0.0024211
-0.00272809
-0.00310219
-0.00352733
-0.00397062
-0.00438271
-0.00471097
-0.00491755
-0.00499041
-0.00493765
-0.00477726
-0.00452576
-0.00407403
-0.00402785
-0.00331298
-0.00191052
-0.00190949
-0.00193977
-0.00201905
-0.00215572
-0.00235405
-0.00261508
-0.00293387
-0.00329536
-0.0036723
-0.00402559
-0.00431183
-0.00449611
-0.00456036
-0.0045039
-0.00433281
-0.00405999
-0.00353583
-0.00359244
-0.00249065
-0.00198273
-0.00195243
-0.00194902
-0.00199359
-0.00209643
-0.00226064
-0.00248491
-0.00276258
-0.00307881
-0.00340908
-0.00372021
-0.0039747
-0.00413935
-0.00419091
-0.0041185
-0.00391781
-0.00360024
-0.00297008
-0.00306075
-0.00145944
-0.00205088
-0.00197993
-0.00193573
-0.00194176
-0.00201048
-0.00214415
-0.0023394
-0.00258797
-0.00287458
-0.00317565
-0.00346099
-0.0036959
-0.00384735
-0.00388603
-0.00379229
-0.00354447
-0.0031428
-0.00232559
-0.00231666
-7.49354e-05
-0.00213738
-0.00199661
-0.00190015
-0.00185897
-0.00189085
-0.00199612
-0.00216885
-0.0023992
-0.00267143
-0.00296072
-0.00323666
-0.00346375
-0.00360828
-0.00363354
-0.00351175
-0.00317549
-0.00261095
-0.00147021
-0.00106615
0.00257459
-0.00230112
-0.00202837
-0.00186425
-0.00176104
-0.00175568
-0.00183746
-0.0019955
-0.00221681
-0.00248402
-0.00277153
-0.00305021
-0.00327986
-0.00342238
-0.00342059
-0.00322517
-0.00272991
-0.00190237
-0.000208816
0.00138089
0.00846371
-0.00267992
-0.00215803
-0.00189769
-0.00174594
-0.00171708
-0.00178845
-0.00194232
-0.00216296
-0.0024324
-0.00272174
-0.0030077
-0.00323957
-0.00338902
-0.0033691
-0.0031336
-0.0024771
-0.00116802
0.00153919
0.00572015
0.0183299
-0.00290736
-0.000526974
-0.000316351
-0.000385155
-0.000468665
-0.000604436
-0.000825223
-0.00111919
-0.00146014
-0.00181761
-0.0021568
-0.00244357
-0.00261281
-0.00260635
-0.00228478
-0.0015301
0.000217105
0.00433687
0.0122815
0.0274742
)
;

boundaryField
{
    movingWall
    {
        type            zeroGradient;
    }
    fixedWalls
    {
        type            zeroGradient;
    }
    frontAndBack
    {
        type            empty;
    }
}


// ************************************************************************* //
