/*--------------------------------*- C++ -*----------------------------------*\
  =========                 |
  \\      /  F ield         | OpenFOAM: The Open Source CFD Toolbox
   \\    /   O peration     | Website:  https://openfoam.org
    \\  /    A nd           | Version:  11
     \\/     M anipulation  |
\*---------------------------------------------------------------------------*/
FoamFile
{
    format      ascii;
    class       surfaceScalarField;
    location    "2.5";
    object      phi;
}
// * * * * * * * * * * * * * * * * * * * * * * * * * * * * * * * * * * * * * //

dimensions      [0 3 -1 0 0 0 0];

internalField   nonuniform List<scalar> 
760
(
-8.59886e-09
8.59817e-09
-1.01971e-07
9.33718e-08
-2.42585e-07
1.40614e-07
-4.05217e-07
1.62633e-07
-6.09914e-07
2.04697e-07
-9.24146e-07
3.14232e-07
-1.44063e-06
5.16479e-07
-2.19441e-06
7.5378e-07
-3.07611e-06
8.81708e-07
-3.88526e-06
8.09143e-07
-4.49332e-06
6.08061e-07
-4.86616e-06
3.72841e-07
-4.99898e-06
1.32819e-07
-4.85494e-06
-1.44035e-07
-4.44984e-06
-4.05106e-07
-3.77159e-06
-6.78243e-07
-2.8195e-06
-9.52095e-07
-1.68167e-06
-1.13783e-06
-5.80796e-07
-1.10088e-06
-5.80796e-07
-1.34704e-07
1.43303e-07
-3.91542e-07
3.50209e-07
-7.22274e-07
4.71346e-07
-1.11634e-06
5.56695e-07
-1.59225e-06
6.80611e-07
-2.1788e-06
9.00786e-07
-2.87113e-06
1.2088e-06
-3.58793e-06
1.47058e-06
-4.22615e-06
1.51993e-06
-4.74432e-06
1.32732e-06
-5.13125e-06
9.94985e-07
-5.36754e-06
6.09133e-07
-5.4085e-06
1.73776e-07
-5.26087e-06
-2.91657e-07
-4.90049e-06
-7.65489e-07
-4.31353e-06
-1.2652e-06
-3.48944e-06
-1.77618e-06
-2.41122e-06
-2.21605e-06
-1.12901e-06
-2.38309e-06
-1.7098e-06
-2.47577e-07
3.9088e-07
-5.8508e-07
6.87712e-07
-9.81007e-07
8.67273e-07
-1.44889e-06
1.02458e-06
-1.99455e-06
1.22627e-06
-2.60363e-06
1.50987e-06
-3.22643e-06
1.8316e-06
-3.79442e-06
2.03857e-06
-4.26582e-06
1.99133e-06
-4.63896e-06
1.70045e-06
-4.90468e-06
1.26071e-06
-5.04268e-06
7.47137e-07
-5.03811e-06
1.69201e-07
-4.88843e-06
-4.41335e-07
-4.57828e-06
-1.07564e-06
-4.09337e-06
-1.75011e-06
-3.42049e-06
-2.44907e-06
-2.52297e-06
-3.11356e-06
-1.37098e-06
-3.53508e-06
-3.08079e-06
-3.04548e-07
6.95428e-07
-6.64143e-07
1.04731e-06
-1.06142e-06
1.26455e-06
-1.51328e-06
1.47644e-06
-2.01843e-06
1.73141e-06
-2.54889e-06
2.04033e-06
-3.05346e-06
2.33618e-06
-3.48869e-06
2.4738e-06
-3.84173e-06
2.34436e-06
-4.11111e-06
1.96984e-06
-4.29038e-06
1.43998e-06
-4.36437e-06
8.21128e-07
-4.33317e-06
1.37997e-07
-4.19557e-06
-5.78938e-07
-3.93977e-06
-1.33143e-06
-3.55752e-06
-2.13237e-06
-3.0245e-06
-2.98208e-06
-2.29385e-06
-3.84421e-06
-1.29357e-06
-4.53536e-06
-4.37436e-06
-3.08641e-07
1.00407e-06
-6.50449e-07
1.38911e-06
-1.00972e-06
1.62382e-06
-1.39848e-06
1.8652e-06
-1.8125e-06
2.14543e-06
-2.22729e-06
2.45512e-06
-2.60553e-06
2.71442e-06
-2.92333e-06
2.79159e-06
-3.1779e-06
2.59893e-06
-3.36934e-06
2.16128e-06
-3.48916e-06
1.5598e-06
-3.52833e-06
8.60291e-07
-3.48952e-06
9.91953e-08
-3.3733e-06
-6.95158e-07
-3.17804e-06
-1.52669e-06
-2.89753e-06
-2.41289e-06
-2.50532e-06
-3.37429e-06
-1.94763e-06
-4.4019e-06
-1.1259e-06
-5.35709e-06
-5.50027e-06
-2.75267e-07
1.27934e-06
-5.72283e-07
1.68613e-06
-8.70445e-07
1.92198e-06
-1.17449e-06
2.16925e-06
-1.47883e-06
2.44977e-06
-1.7691e-06
2.74539e-06
-2.0247e-06
2.97003e-06
-2.23721e-06
3.0041e-06
-2.41083e-06
2.77255e-06
-2.54316e-06
2.29362e-06
-2.62452e-06
1.64115e-06
-2.64876e-06
8.84535e-07
-2.61891e-06
6.93452e-08
-2.53678e-06
-7.77289e-07
-2.40604e-06
-1.65743e-06
-2.22162e-06
-2.59731e-06
-1.95679e-06
-3.63912e-06
-1.55669e-06
-4.802e-06
-9.33493e-07
-5.98028e-06
-6.43376e-06
-2.20645e-07
1.49998e-06
-4.57906e-07
1.92339e-06
-6.85031e-07
2.14911e-06
-8.99595e-07
2.38381e-06
-1.09593e-06
2.6461e-06
-1.26632e-06
2.91577e-06
-1.40035e-06
3.10407e-06
-1.51205e-06
3.1158e-06
-1.61432e-06
2.87482e-06
-1.6999e-06
2.3792e-06
-1.75926e-06
1.70051e-06
-1.7853e-06
9.10568e-07
-1.7788e-06
6.28455e-08
-1.74301e-06
-8.13079e-07
-1.683e-06
-1.71743e-06
-1.59496e-06
-2.68535e-06
-1.4568e-06
-3.77728e-06
-1.21293e-06
-5.04587e-06
-7.55261e-07
-6.43796e-06
-7.18902e-06
-1.56858e-07
1.65684e-06
-3.28619e-07
2.09515e-06
-4.8418e-07
2.30467e-06
-6.14946e-07
2.51458e-06
-7.13598e-07
2.74476e-06
-7.73842e-07
2.97602e-06
-8.00602e-07
3.13083e-06
-8.17293e-07
3.13249e-06
-8.46537e-07
2.90406e-06
-8.8891e-07
2.42158e-06
-9.33484e-07
1.74509e-06
-9.70342e-07
9.47426e-07
-9.9721e-07
8.97136e-08
-1.01569e-06
-7.94602e-07
-1.03007e-06
-1.70305e-06
-1.03536e-06
-2.68006e-06
-1.009e-06
-3.80364e-06
-8.9705e-07
-5.15782e-06
-6.14421e-07
-6.72058e-06
-7.80344e-06
-9.2386e-08
1.74922e-06
-1.99861e-07
2.20263e-06
-2.89241e-07
2.39405e-06
-3.47103e-07
2.57244e-06
-3.64265e-07
2.76192e-06
-3.34614e-07
2.94637e-06
-2.72952e-07
3.06917e-06
-2.03408e-07
3.06294e-06
-1.58649e-07
2.8593e-06
-1.52913e-07
2.41584e-06
-1.79425e-07
1.7716e-06
-2.27968e-07
9.9597e-07
-2.91639e-07
1.53385e-07
-3.68128e-07
-7.18114e-07
-4.58203e-07
-1.61298e-06
-5.54265e-07
-2.584e-06
-6.31714e-07
-3.72619e-06
-6.34538e-07
-5.15499e-06
-4.82326e-07
-6.8728e-06
-8.28577e-06
-3.38533e-08
1.78308e-06
-8.25344e-08
2.25131e-06
-1.14229e-07
2.42574e-06
-1.12395e-07
2.5706e-06
-6.70828e-08
2.71661e-06
2.73505e-08
2.85193e-06
1.57857e-07
2.93866e-06
3.00292e-07
2.92051e-06
4.17657e-07
2.74194e-06
4.77178e-07
2.35632e-06
4.73786e-07
1.77499e-06
4.17443e-07
1.05231e-06
3.20136e-07
2.50692e-07
1.88798e-07
-5.86776e-07
2.88216e-08
-1.453e-06
-1.51333e-07
-2.40385e-06
-3.23277e-07
-3.55424e-06
-4.27987e-07
-5.05028e-06
-3.93112e-07
-6.90767e-06
-8.67888e-06
1.70337e-08
1.76604e-06
1.62175e-08
2.25212e-06
3.26551e-08
2.40931e-06
8.112e-08
2.52214e-06
1.7148e-07
2.62625e-06
3.08125e-07
2.71529e-06
4.8359e-07
2.7632e-06
6.74517e-07
2.72958e-06
8.45905e-07
2.57055e-06
9.57738e-07
2.24449e-06
9.88382e-07
1.74435e-06
9.38029e-07
1.10267e-06
8.19099e-07
3.69622e-07
6.43975e-07
-4.11652e-07
4.25319e-07
-1.23434e-06
1.77604e-07
-2.15613e-06
-6.98256e-08
-3.30681e-06
-2.60091e-07
-4.86002e-06
-3.1719e-07
-6.85057e-06
-8.99607e-06
5.0002e-08
1.71604e-06
9.09447e-08
2.21118e-06
1.46137e-07
2.35411e-06
2.31146e-07
2.43713e-06
3.54225e-07
2.50317e-06
5.18114e-07
2.5514e-06
7.16813e-07
2.5645e-06
9.32163e-07
2.51423e-06
1.13398e-06
2.36873e-06
1.28334e-06
2.09513e-06
1.34901e-06
1.67868e-06
1.31818e-06
1.1335e-06
1.196e-06
4.918e-07
9.96866e-07
-2.12518e-07
7.39263e-07
-9.76741e-07
4.40086e-07
-1.85695e-06
1.27819e-07
-2.99455e-06
-1.35244e-07
-4.59695e-06
-2.73942e-07
-6.71188e-06
-9.27001e-06
7.25354e-08
1.64351e-06
1.41872e-07
2.14184e-06
2.27224e-07
2.26876e-06
3.40273e-07
2.32408e-06
4.86993e-07
2.35645e-06
6.68165e-07
2.37023e-06
8.77981e-07
2.35468e-06
1.10162e-06
2.29059e-06
1.31491e-06
2.15545e-06
1.4842e-06
1.92583e-06
1.57645e-06
1.58643e-06
1.57054e-06
1.1394e-06
1.46206e-06
6.00287e-07
1.26056e-06
-1.10192e-08
9.86026e-07
-7.0221e-07
6.55454e-07
-1.52638e-06
2.9368e-07
-2.63277e-06
-3.61307e-08
-4.26714e-06
-2.27394e-07
-6.52061e-06
-9.4974e-06
7.83819e-08
1.56513e-06
1.66257e-07
2.05397e-06
2.74489e-07
2.16053e-06
4.10037e-07
2.18853e-06
5.75529e-07
2.19096e-06
7.69515e-07
2.17624e-06
9.85728e-07
2.13847e-06
1.21124e-06
2.06508e-06
1.42624e-06
1.94045e-06
1.60371e-06
1.74836e-06
1.71379e-06
1.47635e-06
1.73263e-06
1.12057e-06
1.64802e-06
6.84896e-07
1.46465e-06
1.72347e-07
1.1927e-06
-4.30254e-07
8.49736e-07
-1.18342e-06
4.56806e-07
-2.23984e-06
8.13735e-08
-3.89171e-06
-1.59925e-07
-6.27931e-06
-9.65733e-06
6.21217e-08
1.503e-06
1.58236e-07
1.95786e-06
2.84697e-07
2.03407e-06
4.40425e-07
2.03281e-06
6.24014e-07
2.00737e-06
8.31465e-07
1.96879e-06
1.0554e-06
1.91453e-06
1.28403e-06
1.83645e-06
1.50065e-06
1.72383e-06
1.68363e-06
1.56538e-06
1.80821e-06
1.35177e-06
1.85187e-06
1.0769e-06
1.79892e-06
7.3785e-07
1.64468e-06
3.26583e-07
1.39224e-06
-1.77816e-07
1.05293e-06
-8.44104e-07
6.4499e-07
-1.83191e-06
2.43756e-07
-3.49048e-06
-1.6955e-08
-6.0186e-06
-9.67428e-06
1.1836e-08
1.49117e-06
1.09218e-07
1.86047e-06
2.53081e-07
1.89021e-06
4.3195e-07
1.85394e-06
6.3838e-07
1.80094e-06
8.65228e-07
1.74194e-06
1.10387e-06
1.67589e-06
1.34313e-06
1.59719e-06
1.56876e-06
1.4982e-06
1.76364e-06
1.37049e-06
1.90771e-06
1.20771e-06
1.98148e-06
1.00313e-06
1.96769e-06
7.51634e-07
1.85521e-06
4.39061e-07
1.63821e-06
3.9185e-08
1.32187e-06
-5.27759e-07
9.10854e-07
-1.42089e-06
4.69521e-07
-3.04914e-06
1.22022e-07
-5.6711e-06
-9.55226e-06
-9.532e-08
1.58649e-06
-8.07302e-10
1.76596e-06
1.72753e-07
1.71665e-06
3.91998e-07
1.63469e-06
6.37824e-07
1.55511e-06
9.00392e-07
1.47938e-06
1.17075e-06
1.40554e-06
1.43915e-06
1.32879e-06
1.69366e-06
1.24369e-06
1.9202e-06
1.14395e-06
2.1012e-06
1.0267e-06
2.22021e-06
8.84122e-07
2.25948e-06
7.12368e-07
2.20787e-06
4.90669e-07
2.04631e-06
2.00742e-07
1.77476e-06
-2.56208e-07
1.36416e-06
-1.01029e-06
8.49002e-07
-2.53399e-06
3.28269e-07
-5.15037e-06
-9.22399e-06
-2.98288e-07
1.88478e-06
-1.37257e-07
1.60493e-06
1.42357e-07
1.43703e-06
4.53239e-07
1.32381e-06
7.79372e-07
1.22898e-06
1.11447e-06
1.14428e-06
1.4513e-06
1.0687e-06
1.78129e-06
9.98799e-07
2.09313e-06
9.31853e-07
2.37714e-06
8.59938e-07
2.61988e-06
7.83966e-07
2.81221e-06
6.91795e-07
2.9354e-06
5.89182e-07
2.97684e-06
4.49225e-07
2.90872e-06
2.68868e-07
2.72628e-06
-7.37761e-08
2.3128e-06
-5.96806e-07
1.67315e-06
-1.89433e-06
7.84952e-07
-4.26218e-06
-8.43904e-06
-2.8056e-07
2.16533e-06
9.51255e-08
1.22924e-06
5.69713e-07
9.62445e-07
1.05254e-06
8.40986e-07
1.52951e-06
7.52001e-07
1.99855e-06
6.75246e-07
2.45711e-06
6.10136e-07
2.89935e-06
5.56563e-07
3.31635e-06
5.14852e-07
3.70692e-06
4.69367e-07
4.05376e-06
4.37128e-07
4.36451e-06
3.81042e-07
4.60472e-06
3.48975e-07
4.79334e-06
2.60601e-07
4.85381e-06
2.08395e-07
4.7596e-06
2.04416e-08
4.4531e-06
-2.90313e-07
3.72391e-06
-1.16513e-06
2.15401e-06
-2.69228e-06
-6.28504e-06
2.16533e-06
3.39458e-06
4.35702e-06
5.19801e-06
5.95001e-06
6.62526e-06
7.23539e-06
7.79196e-06
8.30681e-06
8.77617e-06
9.2133e-06
9.59434e-06
9.94332e-06
1.02039e-05
1.04123e-05
1.04328e-05
1.01424e-05
8.97731e-06
6.28504e-06
)
;

boundaryField
{
    movingWall
    {
        type            calculated;
        value           uniform 0;
    }
    fixedWalls
    {
        type            calculated;
        value           uniform 0;
    }
    frontAndBack
    {
        type            empty;
    }
}


// ************************************************************************* //
