/*--------------------------------*- C++ -*----------------------------------*\
  =========                 |
  \\      /  F ield         | OpenFOAM: The Open Source CFD Toolbox
   \\    /   O peration     | Website:  https://openfoam.org
    \\  /    A nd           | Version:  11
     \\/     M anipulation  |
\*---------------------------------------------------------------------------*/
FoamFile
{
    format      ascii;
    class       volVectorField;
    location    "2.5";
    object      U;
}
// * * * * * * * * * * * * * * * * * * * * * * * * * * * * * * * * * * * * * //

dimensions      [0 1 -1 0 0 0 0];

internalField   nonuniform List<vector> 
400
(
(0.000286062 -0.000452889 0)
(-0.000689424 0.000146614 0)
(-0.00325917 0.000385679 0)
(-0.00632279 0.000352394 0)
(-0.00986985 0.00040867 0)
(-0.0146934 0.00110613 0)
(-0.0222913 0.00309407 0)
(-0.0345942 0.00639615 0)
(-0.052319 0.00918792 0)
(-0.0715116 0.00907004 0)
(-0.0865527 0.00660383 0)
(-0.0958243 0.00405044 0)
(-0.0999133 0.00155529 0)
(-0.0998768 -0.00223377 0)
(-0.0932322 -0.00531133 0)
(-0.0819504 -0.00807534 0)
(-0.0653156 -0.0105761 0)
(-0.0447062 -0.0112571 0)
(-0.0217673 -0.00889299 0)
(-0.00363459 -0.00278602 0)
(-0.000859795 0.000894058 0)
(-0.0047286 0.00393546 0)
(-0.0107287 0.00572165 0)
(-0.0179261 0.00672504 0)
(-0.0264717 0.00844173 0)
(-0.0370117 0.0121789 0)
(-0.0499914 0.01809 0)
(-0.064473 0.0236004 0)
(-0.0787977 0.0251117 0)
(-0.0912459 0.0220455 0)
(-0.100348 0.016706 0)
(-0.106347 0.0101344 0)
(-0.109129 0.0030635 0)
(-0.107723 -0.00445126 0)
(-0.102065 -0.0123956 0)
(-0.0922446 -0.0208064 0)
(-0.0778541 -0.0291286 0)
(-0.0592531 -0.0349832 0)
(-0.0361798 -0.0341964 0)
(-0.0107249 -0.0186735 0)
(-0.00222915 0.0051057 0)
(-0.00803234 0.010348 0)
(-0.0151763 0.0134265 0)
(-0.0237477 0.0159255 0)
(-0.0338203 0.019298 0)
(-0.0455047 0.0245348 0)
(-0.0582747 0.0310317 0)
(-0.0707215 0.0357106 0)
(-0.0815462 0.0354576 0)
(-0.0901251 0.0303119 0)
(-0.0965529 0.0222579 0)
(-0.100582 0.0132856 0)
(-0.101713 0.00322084 0)
(-0.0999666 -0.00784732 0)
(-0.0952159 -0.0192496 0)
(-0.0870043 -0.0313124 0)
(-0.0751278 -0.0437301 0)
(-0.0595341 -0.0551967 0)
(-0.0392837 -0.061011 0)
(-0.0161289 -0.0487649 0)
(-0.0030431 0.0108113 0)
(-0.0096086 0.0173505 0)
(-0.0168279 0.0213692 0)
(-0.0252545 0.0251359 0)
(-0.0348156 0.0297825 0)
(-0.0453657 0.0357628 0)
(-0.0562047 0.0419132 0)
(-0.0661034 0.0452718 0)
(-0.0742256 0.0434106 0)
(-0.0804829 0.0366669 0)
(-0.0849346 0.0269564 0)
(-0.0873584 0.015537 0)
(-0.0875808 0.00287758 0)
(-0.0858004 -0.0106703 0)
(-0.0817726 -0.0248721 0)
(-0.0752938 -0.0399429 0)
(-0.0659675 -0.0557391 0)
(-0.0533108 -0.0713144 0)
(-0.0358869 -0.0829082 0)
(-0.0153609 -0.077315 0)
(-0.00319752 0.0169728 0)
(-0.00967014 0.0244219 0)
(-0.0162871 0.02901 0)
(-0.0237171 0.033619 0)
(-0.0317521 0.0390364 0)
(-0.0401981 0.0452446 0)
(-0.0485614 0.0507547 0)
(-0.0559692 0.0528053 0)
(-0.0618603 0.049498 0)
(-0.0662786 0.0413275 0)
(-0.0693002 0.0299633 0)
(-0.0707583 0.0166886 0)
(-0.0706068 0.00219756 0)
(-0.0689565 -0.0131148 0)
(-0.0657743 -0.029173 0)
(-0.0610151 -0.0462871 0)
(-0.0542352 -0.0646906 0)
(-0.0446609 -0.0839079 0)
(-0.0306233 -0.100741 0)
(-0.0140267 -0.101242 0)
(-0.00287287 0.0228436 0)
(-0.00864381 0.0308738 0)
(-0.0142381 0.0356607 0)
(-0.0202268 0.0406334 0)
(-0.0263241 0.046314 0)
(-0.0323623 0.0523753 0)
(-0.0381224 0.0571858 0)
(-0.0432069 0.0582217 0)
(-0.0471952 0.05387 0)
(-0.0502079 0.0446324 0)
(-0.0522238 0.0320014 0)
(-0.05314 0.0173406 0)
(-0.0529466 0.0015068 0)
(-0.0517298 -0.0150415 0)
(-0.0495502 -0.0322988 0)
(-0.0464337 -0.0507214 0)
(-0.0420172 -0.0709953 0)
(-0.0353535 -0.0932661 0)
(-0.0246355 -0.114863 0)
(-0.0123058 -0.121137 0)
(-0.00227682 0.0278534 0)
(-0.00698276 0.0362744 0)
(-0.0113535 0.0409676 0)
(-0.0157548 0.0458589 0)
(-0.0198619 0.0513486 0)
(-0.0236176 0.0570412 0)
(-0.0268551 0.0611985 0)
(-0.0294392 0.0615958 0)
(-0.0318359 0.0567701 0)
(-0.0336471 0.0468974 0)
(-0.0349846 0.0334609 0)
(-0.0357034 0.0178816 0)
(-0.035771 0.00115655 0)
(-0.0352586 -0.0161723 0)
(-0.0342698 -0.0341211 0)
(-0.0328294 -0.0533068 0)
(-0.0306711 -0.0747684 0)
(-0.0268377 -0.0992232 0)
(-0.0200914 -0.125383 0)
(-0.00913213 -0.137515 0)
(-0.00156605 0.0316823 0)
(-0.0050387 0.040406 0)
(-0.00813692 0.0448082 0)
(-0.0110063 0.049306 0)
(-0.0133106 0.0542948 0)
(-0.0149538 0.0594025 0)
(-0.0159029 0.0628141 0)
(-0.0163206 0.0629512 0)
(-0.0169906 0.0582087 0)
(-0.0176677 0.0482959 0)
(-0.0184566 0.0345932 0)
(-0.0191563 0.0185794 0)
(-0.0196788 0.00139786 0)
(-0.0200566 -0.0162947 0)
(-0.0203777 -0.0345118 0)
(-0.0206375 -0.0540487 0)
(-0.0205527 -0.0762796 0)
(-0.0191168 -0.102617 0)
(-0.0158301 -0.132309 0)
(-0.00757299 -0.150738 0)
(-0.00084532 0.0342054 0)
(-0.00306619 0.043215 0)
(-0.00495638 0.0472594 0)
(-0.00645459 0.0511769 0)
(-0.00723831 0.0554104 0)
(-0.00711251 0.0596057 0)
(-0.00621102 0.062443 0)
(-0.00485505 0.0624501 0)
(-0.0036924 0.058149 0)
(-0.00314216 0.048788 0)
(-0.00333726 0.0354269 0)
(-0.00403764 0.0195292 0)
(-0.00508007 0.00235958 0)
(-0.00643175 -0.0152855 0)
(-0.00811486 -0.0334009 0)
(-0.0100574 -0.0529502 0)
(-0.0119409 -0.0756521 0)
(-0.0126942 -0.103537 0)
(-0.0123603 -0.136425 0)
(-0.00569574 -0.161309 0)
(-0.000215866 0.0355615 0)
(-0.00124675 0.0447836 0)
(-0.00206401 0.048453 0)
(-0.00240247 0.0516966 0)
(-0.00197411 0.0550664 0)
(-0.00058819 0.0582719 0)
(0.00169213 0.0604228 0)
(0.0045083 0.0602415 0)
(0.00717163 0.0565004 0)
(0.00900537 0.0482296 0)
(0.00961553 0.0358555 0)
(0.00908249 0.0206963 0)
(0.00761163 0.00405951 0)
(0.00533666 -0.01313 0)
(0.00236509 -0.0308152 0)
(-0.00112692 -0.0500971 0)
(-0.00485607 -0.0730812 0)
(-0.00747037 -0.102365 0)
(-0.00987251 -0.138065 0)
(-0.0046193 -0.169854 0)
(0.0004052 0.0356256 0)
(0.000267485 0.0452568 0)
(0.000376 0.0485756 0)
(0.000977989 0.0511494 0)
(0.00233754 0.0536453 0)
(0.00460373 0.0558842 0)
(0.00775544 0.0572433 0)
(0.0114919 0.0567791 0)
(0.0152161 0.053477 0)
(0.0181518 0.0464308 0)
(0.0196759 0.0356041 0)
(0.0195649 0.0218435 0)
(0.0179243 0.0063226 0)
(0.0149604 -0.00998397 0)
(0.0109559 -0.0269449 0)
(0.00618615 -0.0457342 0)
(0.000825018 -0.0688049 0)
(-0.0031469 -0.0993244 0)
(-0.00794777 -0.137723 0)
(-0.00337412 -0.17682 0)
(0.000655874 0.0350386 0)
(0.00140045 0.0448306 0)
(0.00227168 0.0478256 0)
(0.00362421 0.049774 0)
(0.00567758 0.0514607 0)
(0.00854252 0.0528134 0)
(0.012195 0.0534086 0)
(0.016401 0.0525786 0)
(0.0206836 0.0495801 0)
(0.0243289 0.0436529 0)
(0.0266082 0.034538 0)
(0.0270689 0.0226469 0)
(0.0255894 0.00879592 0)
(0.0223282 -0.00617683 0)
(0.0176773 -0.0221088 0)
(0.0119985 -0.040194 0)
(0.00534791 -0.0631398 0)
(0.000531847 -0.0947188 0)
(-0.00691875 -0.135754 0)
(-0.00229861 -0.182642 0)
(0.000859144 0.0337609 0)
(0.00215386 0.0436917 0)
(0.00359919 0.0463849 0)
(0.00553427 0.0477587 0)
(0.00811264 0.0487232 0)
(0.0113928 0.0493147 0)
(0.0153295 0.0492599 0)
(0.0197224 0.0480969 0)
(0.0241903 0.0452987 0)
(0.0281553 0.0403137 0)
(0.0309144 0.0328156 0)
(0.031902 0.0229331 0)
(0.0308212 0.011109 0)
(0.0276819 -0.00214562 0)
(0.0228335 -0.0167285 0)
(0.016681 -0.0338344 0)
(0.00910752 -0.0563491 0)
(0.00402122 -0.0887562 0)
(-0.00628786 -0.132509 0)
(-0.000553418 -0.18761 0)
(0.000866472 0.0321942 0)
(0.00244506 0.0420675 0)
(0.00431519 0.0444149 0)
(0.00671247 0.0452468 0)
(0.00971351 0.0455797 0)
(0.0133165 0.045544 0)
(0.0174471 0.044979 0)
(0.0219187 0.0435773 0)
(0.0264081 0.0409678 0)
(0.0304535 0.0367696 0)
(0.0334674 0.0307044 0)
(0.034883 0.0227314 0)
(0.0343022 0.0130179 0)
(0.0316116 0.00173953 0)
(0.0269893 -0.011225 0)
(0.020777 -0.0270703 0)
(0.0126155 -0.0487791 0)
(0.00765199 -0.0817362 0)
(-0.00594626 -0.128336 0)
(0.00205749 -0.19201 0)
(0.000584966 0.0306852 0)
(0.00212665 0.0401808 0)
(0.00432708 0.0420463 0)
(0.00712123 0.0423194 0)
(0.0105141 0.0420779 0)
(0.014443 0.0415211 0)
(0.018789 0.0405694 0)
(0.0233644 0.0390266 0)
(0.0278889 0.0366384 0)
(0.0319834 0.0331404 0)
(0.0351763 0.0283206 0)
(0.0369747 0.0220693 0)
(0.036967 0.0143735 0)
(0.0349241 0.00515791 0)
(0.030831 -0.00593845 0)
(0.0249058 -0.0202116 0)
(0.0164046 -0.0408343 0)
(0.0120191 -0.0742034 0)
(-0.00531792 -0.123557 0)
(0.00619791 -0.195996 0)
(-0.00038648 0.0298621 0)
(0.000998162 0.0382168 0)
(0.00348707 0.03932 0)
(0.00671214 0.0389626 0)
(0.0105797 0.0381776 0)
(0.0149416 0.0371882 0)
(0.0196325 0.0359664 0)
(0.0244568 0.0343821 0)
(0.0291647 0.032264 0)
(0.0334474 0.0294225 0)
(0.03693 0.025696 0)
(0.039207 0.0209485 0)
(0.0398911 0.0150805 0)
(0.0387031 0.00784605 0)
(0.0353782 -0.00124058 0)
(0.0301412 -0.0137332 0)
(0.0216095 -0.0328233 0)
(0.0181838 -0.0661176 0)
(-0.00405359 -0.118972 0)
(0.012109 -0.19894 0)
(-0.00174652 0.03057 0)
(-0.00152739 0.0365139 0)
(0.00151691 0.0364445 0)
(0.00549924 0.0352903 0)
(0.010182 0.0339588 0)
(0.0153027 0.0325974 0)
(0.0206678 0.0311815 0)
(0.0260892 0.02961 0)
(0.0313595 0.027743 0)
(0.0362382 0.0254421 0)
(0.0403872 0.0226348 0)
(0.043476 0.0191895 0)
(0.04512 0.0149894 0)
(0.0450871 0.00965549 0)
(0.0428447 0.00266015 0)
(0.0389028 -0.0077502 0)
(0.0304792 -0.0245385 0)
(0.0282182 -0.0568754 0)
(-0.00130011 -0.111748 0)
(0.0208195 -0.196873 0)
(-0.00489042 0.0342689 0)
(-0.00575557 0.0347954 0)
(3.37029e-05 0.0327256 0)
(0.00583215 0.0306902 0)
(0.0122329 0.0288683 0)
(0.0188831 0.0272139 0)
(0.0256283 0.0256733 0)
(0.0323331 0.0241627 0)
(0.0387811 0.0226096 0)
(0.0447842 0.020888 0)
(0.0500736 0.0189707 0)
(0.0544958 0.0166648 0)
(0.0576454 0.014005 0)
(0.0594573 0.0105282 0)
(0.0589704 0.00600152 0)
(0.0571722 -0.00167332 0)
(0.0493322 -0.0151235 0)
(0.0471026 -0.0449037 0)
(0.00836544 -0.0981293 0)
(0.0363158 -0.178735 0)
(-0.00605113 0.0383489 0)
(-0.00333842 0.023342 0)
(0.00671119 0.0194487 0)
(0.0161684 0.0177161 0)
(0.0257825 0.0161572 0)
(0.0352861 0.0146784 0)
(0.044563 0.0134263 0)
(0.0536155 0.0123664 0)
(0.0621838 0.011453 0)
(0.0703272 0.0105128 0)
(0.0776322 0.00956558 0)
(0.0843318 0.00839877 0)
(0.0896929 0.00710126 0)
(0.0941822 0.0052464 0)
(0.0963171 0.00287132 0)
(0.0965678 -0.00230221 0)
(0.0904455 -0.0106122 0)
(0.0872913 -0.0331773 0)
(0.0443011 -0.0739544 0)
(0.0695749 -0.136133 0)
(0.0464378 0.0480888 0)
(0.0519574 0.0336227 0)
(0.0752529 0.0259932 0)
(0.0962597 0.0219141 0)
(0.112284 0.0193096 0)
(0.126276 0.01729 0)
(0.138618 0.0155498 0)
(0.150482 0.014108 0)
(0.160815 0.0130428 0)
(0.171022 0.0118515 0)
(0.179569 0.0112824 0)
(0.188102 0.0098903 0)
(0.194868 0.00975154 0)
(0.201117 0.00767644 0)
(0.205626 0.00781825 0)
(0.207982 0.00389573 0)
(0.205001 0.00176221 0)
(0.19568 -0.00618423 0)
(0.151931 -0.0167026 0)
(0.142961 -0.0888061 0)
)
;

boundaryField
{
    movingWall
    {
        type            fixedValue;
        value           uniform (1 0 0);
    }
    fixedWalls
    {
        type            noSlip;
    }
    frontAndBack
    {
        type            empty;
    }
}


// ************************************************************************* //
