/*--------------------------------*- C++ -*----------------------------------*\
  =========                 |
  \\      /  F ield         | OpenFOAM: The Open Source CFD Toolbox
   \\    /   O peration     | Website:  https://openfoam.org
    \\  /    A nd           | Version:  11
     \\/     M anipulation  |
\*---------------------------------------------------------------------------*/
FoamFile
{
    format      ascii;
    class       volScalarField;
    location    "1";
    object      epsilon;
}
// * * * * * * * * * * * * * * * * * * * * * * * * * * * * * * * * * * * * * //

dimensions      [0 2 -3 0 0 0 0];

internalField   nonuniform List<scalar> 
400
(
0.000654088
0.000851684
0.00100909
0.001105
0.00115942
0.00119031
0.0012094
0.00122342
0.00123577
0.00124777
0.00125945
0.00127005
0.00127762
0.00127983
0.00126711
0.00123018
0.00115765
0.00103461
0.000847689
0.000655952
0.000852976
0.000687874
0.000739901
0.000787995
0.000817508
0.000833602
0.000842105
0.000846868
0.00084994
0.000852188
0.000853611
0.000854079
0.000853619
0.000850439
0.00084063
0.000820798
0.000787367
0.000738711
0.000695917
0.000852151
0.00103812
0.000735593
0.000741174
0.000768608
0.000789546
0.000802117
0.000808854
0.000812358
0.000814345
0.000815729
0.000816784
0.00081728
0.000817136
0.000814894
0.000808544
0.000796095
0.000775981
0.000755788
0.000758204
0.00100174
0.0011662
0.000788378
0.000768109
0.000784398
0.000800897
0.000811937
0.000818274
0.00082174
0.000823836
0.000825476
0.000827039
0.000828495
0.000829361
0.000828945
0.000825921
0.000819112
0.000807918
0.000798271
0.000814848
0.00107342
0.0012509
0.00082822
0.000795645
0.000805172
0.000818681
0.00082872
0.00083501
0.000838842
0.000841534
0.000844001
0.000846712
0.00084982
0.000853054
0.000855802
0.000857345
0.00085662
0.000852002
0.000845676
0.000856993
0.0010898
0.00130672
0.000856438
0.00081721
0.000823376
0.00083542
0.00084509
0.000851636
0.000856109
0.000859769
0.000863605
0.000868281
0.000874216
0.000881539
0.000890264
0.000900113
0.000909733
0.000914547
0.000910321
0.000901379
0.00107315
0.00134444
0.000876441
0.000833695
0.000838359
0.000849824
0.000859481
0.000866443
0.000871733
0.000876695
0.000882521
0.000890232
0.000900798
0.000915165
0.00093439
0.000959422
0.000990134
0.00101479
0.00101817
0.000978057
0.00105369
0.00137168
0.000891337
0.000846654
0.000850715
0.000862014
0.000871786
0.00087919
0.000885378
0.000891912
0.000900352
0.000912322
0.000929738
0.000954952
0.000991034
0.00104155
0.00110934
0.00119021
0.00123494
0.00119416
0.00115569
0.00139372
0.000903533
0.00085754
0.000861273
0.000872442
0.000882217
0.000889911
0.000896907
0.000905103
0.000916586
0.000933812
0.000960025
0.000999561
0.0010586
0.00114626
0.00127907
0.00148797
0.0017333
0.00182644
0.00171135
0.00141418
0.000914765
0.000867476
0.000870715
0.000881463
0.000890883
0.000898504
0.000905998
0.000915644
0.000930109
0.000952741
0.000988111
0.00104257
0.0011262
0.00125923
0.00149696
0.00198127
0.00273296
0.00305192
0.00288979
0.00143555
0.000926233
0.000877212
0.000879442
0.000889205
0.00089773
0.000904792
0.000912323
0.000922911
0.000939634
0.000966412
0.00100847
0.0010734
0.00117598
0.00135797
0.0017551
0.00265264
0.00385946
0.00432641
0.00409606
0.00145969
0.00093872
0.000887103
0.000887577
0.000895691
0.000902887
0.000909166
0.000916567
0.000927742
0.000945756
0.000974386
0.00101832
0.00108496
0.00119326
0.00141182
0.00193921
0.00308944
0.004575
0.0052105
0.00484023
0.00148845
0.000952697
0.000897124
0.000895216
0.000901487
0.000907922
0.000914643
0.000923326
0.000936309
0.00095609
0.000985411
0.00102715
0.00108663
0.00118331
0.00139823
0.00195834
0.00318859
0.00501686
0.00612104
0.00541031
0.00152261
0.000967961
0.000907363
0.00090339
0.000910038
0.000918987
0.000929671
0.000943694
0.000962792
0.000988411
0.00102147
0.00106205
0.00111217
0.00118957
0.00137097
0.00189186
0.00315273
0.00527261
0.00716404
0.00590581
0.00156487
0.000984551
0.00091973
0.000918262
0.000931959
0.000951827
0.000976845
0.00100783
0.00104548
0.00108965
0.00113853
0.00118837
0.00123582
0.00129282
0.00143304
0.00187694
0.00308446
0.0053832
0.0080685
0.00622882
0.00161011
0.00100364
0.000944495
0.000959365
0.000999207
0.00105302
0.00111874
0.00119586
0.00128343
0.00137905
0.00147721
0.00156835
0.0016414
0.00169839
0.00180212
0.00215643
0.00321132
0.00556287
0.00848045
0.00647489
0.00166458
0.00104311
0.00101725
0.00109372
0.00121288
0.00136074
0.00153344
0.0017278
0.00193921
0.00216161
0.00238364
0.00258837
0.00275234
0.00286314
0.00295172
0.00321209
0.00403738
0.00621073
0.00856079
0.00667151
0.00175321
0.00115797
0.00128472
0.00156649
0.00191727
0.00231697
0.00275587
0.00322282
0.00370461
0.00418898
0.00465504
0.00508455
0.00543717
0.00569905
0.00579951
0.005939
0.0064128
0.0079227
0.00849236
0.00674368
0.00173611
0.00148986
0.00223711
0.00318567
0.00414739
0.00511776
0.00608542
0.00703129
0.00792916
0.00877144
0.00953085
0.010222
0.0107606
0.0112104
0.0113363
0.0112786
0.0108264
0.0103646
0.00891497
0.0067453
0.00149257
0.00180541
0.00239623
0.00296358
0.00350126
0.00401074
0.00449472
0.00495634
0.00540117
0.00582751
0.00624695
0.0066357
0.00703028
0.0073584
0.00765083
0.0078031
0.00779973
0.00773955
0.00748835
0.00657832
)
;

boundaryField
{
    movingWall
    {
        type            epsilonWallFunction;
        value           nonuniform List<scalar> 
20
(
0.00149257
0.00180541
0.00239623
0.00296358
0.00350126
0.00401074
0.00449472
0.00495634
0.00540117
0.00582751
0.00624695
0.0066357
0.00703028
0.0073584
0.00765083
0.0078031
0.00779973
0.00773955
0.00748835
0.00657832
)
;
    }
    fixedWalls
    {
        type            epsilonWallFunction;
        value           nonuniform List<scalar> 
60
(
0.000654088
0.000852976
0.00103812
0.0011662
0.0012509
0.00130672
0.00134444
0.00137168
0.00139372
0.00141418
0.00143555
0.00145969
0.00148845
0.00152261
0.00156487
0.00161011
0.00166458
0.00175321
0.00173611
0.00149257
0.000655952
0.000852151
0.00100174
0.00107342
0.0010898
0.00107315
0.00105369
0.00115569
0.00171135
0.00288979
0.00409606
0.00484023
0.00541031
0.00590581
0.00622882
0.00647489
0.00667151
0.00674368
0.0067453
0.00657832
0.000654088
0.000851684
0.00100909
0.001105
0.00115942
0.00119031
0.0012094
0.00122342
0.00123577
0.00124777
0.00125945
0.00127005
0.00127762
0.00127983
0.00126711
0.00123018
0.00115765
0.00103461
0.000847689
0.000655952
)
;
    }
    frontAndBack
    {
        type            empty;
    }
}


// ************************************************************************* //
