/*--------------------------------*- C++ -*----------------------------------*\
  =========                 |
  \\      /  F ield         | OpenFOAM: The Open Source CFD Toolbox
   \\    /   O peration     | Website:  https://openfoam.org
    \\  /    A nd           | Version:  11
     \\/     M anipulation  |
\*---------------------------------------------------------------------------*/
FoamFile
{
    format      ascii;
    class       volScalarField;
    location    "1";
    object      k;
}
// * * * * * * * * * * * * * * * * * * * * * * * * * * * * * * * * * * * * * //

dimensions      [0 2 -2 0 0 0 0];

internalField   nonuniform List<scalar> 
400
(
0.000201598
0.000263068
0.000312047
0.000341911
0.000358875
0.000368523
0.000374498
0.000378894
0.000382774
0.000386546
0.000390217
0.000393543
0.000395905
0.000396603
0.000392629
0.000381095
0.000358453
0.000320076
0.000261814
0.000202193
0.000263481
0.000461757
0.000561732
0.000618506
0.000651889
0.000672068
0.000685227
0.000695122
0.000703864
0.000712384
0.000720693
0.000727683
0.000730996
0.000729929
0.000720168
0.000696976
0.000653343
0.000578901
0.000453878
0.000263229
0.000321169
0.000583095
0.000711895
0.000785447
0.000829017
0.000855039
0.000871137
0.000882089
0.000890665
0.00089813
0.000904564
0.000908439
0.00090898
0.000902901
0.000885959
0.000852538
0.000794754
0.000700439
0.000544056
0.000309728
0.000361121
0.000659186
0.000806191
0.000890986
0.000941804
0.000972232
0.000990657
0.00100248
0.00101092
0.00101749
0.00102208
0.0010238
0.00102101
0.00100998
0.000986212
0.000943607
0.000873713
0.000763412
0.000582442
0.00033185
0.000387586
0.000709172
0.00086909
0.000962262
0.0010186
0.00105247
0.00107278
0.00108536
0.00109377
0.00109969
0.0011027
0.00110279
0.00109691
0.00108147
0.0010515
0.00100036
0.000918796
0.000791217
0.000589
0.000336758
0.000405062
0.000742726
0.000912142
0.00101164
0.00107218
0.00110868
0.00113047
0.00114372
0.00115224
0.0011577
0.00116004
0.00115886
0.00115079
0.00113189
0.00109662
0.00103739
0.000943436
0.000796929
0.000570274
0.000331361
0.000416887
0.000765895
0.000942285
0.00104649
0.00111013
0.00114855
0.00117142
0.00118523
0.00119401
0.00119949
0.00120176
0.00120015
0.00119097
0.00116964
0.00112969
0.00106204
0.000952994
0.000786214
0.000535225
0.000326059
0.000425433
0.000782771
0.000964221
0.00107178
0.00113753
0.00117716
0.0012007
0.00121491
0.00122404
0.00122996
0.00123261
0.00123131
0.00122167
0.00119814
0.00115255
0.00107412
0.000953586
0.000782111
0.000541379
0.000362473
0.000432343
0.000796172
0.000981228
0.00109096
0.00115787
0.00119799
0.00122169
0.00123602
0.0012454
0.00125187
0.00125498
0.00125394
0.00124318
0.00121555
0.00116128
0.00107338
0.000962088
0.000860841
0.000734153
0.000547366
0.00043874
0.000808048
0.000995561
0.00110638
0.00117347
0.00121328
0.00123654
0.00125056
0.00125986
0.0012664
0.00126942
0.00126724
0.00125255
0.0012163
0.00115011
0.00107366
0.00106664
0.0011713
0.00120924
0.000924023
0.000445411
0.000819729
0.0010087
0.0011195
0.00118575
0.00122443
0.00124662
0.00125984
0.0012686
0.0012743
0.00127616
0.00127039
0.00124839
0.00120036
0.00113765
0.00113063
0.00131552
0.00162652
0.00169824
0.00129598
0.000452929
0.000832086
0.00102149
0.00113111
0.00119556
0.00123245
0.00125326
0.00126556
0.00127369
0.00127808
0.00127824
0.00126778
0.00123669
0.0011789
0.00114381
0.00121551
0.00158325
0.00197603
0.00205832
0.0015227
0.000461875
0.000845555
0.00103425
0.00114158
0.00120366
0.00123889
0.00125904
0.00127167
0.00128055
0.00128527
0.00128462
0.00127104
0.00123498
0.0011778
0.00115858
0.00129346
0.00175125
0.00226001
0.0024164
0.00170039
0.000472489
0.000860109
0.00104689
0.00115141
0.00121194
0.00124773
0.00127028
0.00128633
0.00129933
0.00130835
0.00131056
0.00129833
0.00126248
0.00121066
0.0012014
0.00136219
0.00184813
0.00248857
0.00278881
0.00185294
0.000485616
0.000875821
0.00105962
0.00116296
0.00122633
0.00126802
0.00129904
0.00132574
0.00135084
0.00137341
0.00138763
0.00138737
0.00136254
0.00132144
0.00131748
0.00147377
0.00193825
0.00262631
0.00308988
0.00195173
0.000499663
0.000891945
0.00107547
0.00118555
0.00126106
0.00132012
0.00137287
0.00142462
0.00147715
0.00152891
0.00157391
0.0016028
0.00160546
0.00158434
0.00158216
0.00169679
0.0020694
0.00274158
0.00322844
0.00202751
0.000516584
0.000914935
0.00110974
0.00124359
0.00135303
0.00145335
0.00155312
0.00165571
0.001761
0.00186702
0.00196817
0.00205164
0.00210305
0.00211401
0.00210686
0.00215372
0.00237553
0.00292184
0.00325243
0.00208652
0.000544278
0.000963049
0.00120648
0.001412
0.0016022
0.00178717
0.00197472
0.00216441
0.0023522
0.002534
0.00270151
0.00284698
0.00295366
0.00300897
0.00300006
0.00297892
0.00303101
0.00327608
0.00316953
0.00210756
0.000538968
0.000999605
0.00144828
0.00183314
0.00217334
0.00248314
0.0027668
0.00302661
0.00326361
0.00347996
0.00367215
0.00384216
0.00397397
0.00407362
0.00408014
0.004048
0.00389901
0.0036849
0.00313121
0.00210715
0.000463064
0.000560541
0.000744815
0.000921798
0.00108955
0.00124852
0.00139962
0.0015438
0.00168276
0.00181593
0.00194694
0.00206819
0.00219101
0.00229325
0.0023838
0.00243113
0.00243021
0.00241191
0.00233468
0.00205339
)
;

boundaryField
{
    movingWall
    {
        type            kqRWallFunction;
        value           nonuniform List<scalar> 
20
(
0.000463064
0.000560541
0.000744815
0.000921798
0.00108955
0.00124852
0.00139962
0.0015438
0.00168276
0.00181593
0.00194694
0.00206819
0.00219101
0.00229325
0.0023838
0.00243113
0.00243021
0.00241191
0.00233468
0.00205339
)
;
    }
    fixedWalls
    {
        type            kqRWallFunction;
        value           nonuniform List<scalar> 
60
(
0.000201598
0.000263481
0.000321169
0.000361121
0.000387586
0.000405062
0.000416887
0.000425433
0.000432343
0.00043874
0.000445411
0.000452929
0.000461875
0.000472489
0.000485616
0.000499663
0.000516584
0.000544278
0.000538968
0.000463064
0.000202193
0.000263229
0.000309728
0.00033185
0.000336758
0.000331361
0.000326059
0.000362473
0.000547366
0.000924023
0.00129598
0.0015227
0.00170039
0.00185294
0.00195173
0.00202751
0.00208652
0.00210756
0.00210715
0.00205339
0.000201598
0.000263068
0.000312047
0.000341911
0.000358875
0.000368523
0.000374498
0.000378894
0.000382774
0.000386546
0.000390217
0.000393543
0.000395905
0.000396603
0.000392629
0.000381095
0.000358453
0.000320076
0.000261814
0.000202193
)
;
    }
    frontAndBack
    {
        type            empty;
    }
}


// ************************************************************************* //
