/*--------------------------------*- C++ -*----------------------------------*\
  =========                 |
  \\      /  F ield         | OpenFOAM: The Open Source CFD Toolbox
   \\    /   O peration     | Website:  https://openfoam.org
    \\  /    A nd           | Version:  11
     \\/     M anipulation  |
\*---------------------------------------------------------------------------*/
FoamFile
{
    format      ascii;
    class       volScalarField;
    location    "1";
    object      nut;
}
// * * * * * * * * * * * * * * * * * * * * * * * * * * * * * * * * * * * * * //

dimensions      [0 2 -1 0 0 0 0];

internalField   nonuniform List<scalar> 
400
(
5.59214e-06
7.31306e-06
8.68471e-06
9.52154e-06
9.99744e-06
1.02686e-05
1.04369e-05
1.0561e-05
1.06706e-05
1.07773e-05
1.08811e-05
1.0975e-05
1.10413e-05
1.10612e-05
1.09495e-05
1.06252e-05
9.98917e-06
8.91193e-06
7.27766e-06
5.60924e-06
7.32497e-06
2.78972e-05
3.8382e-05
4.36925e-05
4.6784e-05
4.87653e-05
5.01816e-05
5.1351e-05
5.24604e-05
5.35964e-05
5.47625e-05
5.57994e-05
5.63389e-05
5.63845e-05
5.55271e-05
5.32651e-05
4.8792e-05
4.08298e-05
2.66418e-05
7.31803e-06
8.9425e-06
4.1599e-05
6.15395e-05
7.22389e-05
7.83414e-05
8.20308e-05
8.44394e-05
8.62024e-05
8.76724e-05
8.89969e-05
9.01599e-05
9.08788e-05
9.10034e-05
9.00373e-05
8.73708e-05
8.21685e-05
7.32583e-05
5.8423e-05
3.51353e-05
8.61885e-06
1.00641e-05
4.96048e-05
7.61545e-05
9.10852e-05
9.96751e-05
0.000104775
0.000107942
0.000110067
0.000111643
0.000112876
0.00011368
0.000113863
0.000113125
0.00011075
0.000105985
9.78321e-05
8.50379e-05
6.57068e-05
3.74689e-05
9.23329e-06
1.08083e-05
5.46512e-05
8.54383e-05
0.0001035
0.00011406
0.000120296
0.000124042
0.000126389
0.000127944
0.000128955
0.000129248
0.000128795
0.000126942
0.000122997
0.000116067
0.00010514
8.91744e-05
6.66238e-05
3.6433e-05
9.36553e-06
1.13006e-05
5.797e-05
9.16292e-05
0.000111866
0.000123843
0.000130904
0.000135053
0.000137516
0.000138979
0.000139675
0.000139485
0.000138257
0.000135205
0.000129519
0.000120242
0.000106465
8.75913e-05
6.27896e-05
3.24715e-05
9.20846e-06
1.16342e-05
6.02364e-05
9.58518e-05
0.000117566
0.000130516
0.000138135
0.000142537
0.000145033
0.000146356
0.000146727
0.000146007
0.000143909
0.00013949
0.00013177
0.000119715
0.000102524
8.05466e-05
5.46393e-05
2.63603e-05
9.08078e-06
1.18755e-05
6.18685e-05
9.88303e-05
0.000121526
0.0001351
0.000143056
0.000147581
0.000150039
0.000151185
0.00015122
0.000149881
0.000146763
0.000140659
0.000130368
0.000114784
9.36018e-05
6.87603e-05
4.45792e-05
2.20893e-05
1.02318e-05
1.20704e-05
6.31412e-05
0.000101048
0.000124372
0.000138301
0.000146411
0.000150945
0.000153302
0.000154228
0.000153882
0.000151794
0.000147405
0.000139155
0.000125619
0.000105885
8.10688e-05
5.5986e-05
3.84781e-05
2.65589e-05
1.57565e-05
1.22505e-05
6.42403e-05
0.00010283
0.000126525
0.000140599
0.000148712
0.000153158
0.000155354
0.000156014
0.000155186
0.000152222
0.000146269
0.000135434
0.000118224
9.45406e-05
6.93048e-05
5.16811e-05
4.51797e-05
4.31217e-05
2.65915e-05
1.24379e-05
6.52924e-05
0.00010439
0.000128258
0.000142308
0.000150302
0.000154584
0.000156576
0.00015694
0.000155534
0.000151667
0.000144029
0.000130672
0.000110273
8.57761e-05
6.55517e-05
5.87161e-05
6.16929e-05
5.99945e-05
3.69041e-05
1.26486e-05
6.63808e-05
0.000105861
0.000129732
0.000143624
0.000151408
0.000155482
0.00015727
0.000157378
0.000155445
0.000150916
0.000142052
0.000126869
0.000104825
8.34004e-05
6.85698e-05
7.30238e-05
7.68139e-05
7.31794e-05
4.31126e-05
1.28991e-05
6.75416e-05
0.00010731
0.000131017
0.00014464
0.000152147
0.000155981
0.000157628
0.000157622
0.0001555
0.00015072
0.000141554
0.000126323
0.000105509
8.63996e-05
7.68881e-05
8.65651e-05
9.16285e-05
8.58531e-05
4.8097e-05
1.31958e-05
6.87847e-05
0.000108708
0.000132076
0.00014526
0.000152468
0.000156212
0.000157803
0.000157814
0.000155868
0.000151331
0.000142845
0.00012898
0.000110891
9.47514e-05
8.82734e-05
9.75033e-05
0.00010571
9.77061e-05
5.23222e-05
1.35628e-05
7.01188e-05
0.000109871
0.000132557
0.000145231
0.000152032
0.000155476
0.000156955
0.000157086
0.000155796
0.000152211
0.000145772
0.000135203
0.000121563
0.000109012
0.000104148
0.000109619
0.000115317
0.000106496
5.50395e-05
1.39554e-05
7.13413e-05
0.000110214
0.000131857
0.000143237
0.000148948
0.000151625
0.000152743
0.00015301
0.000152556
0.000150925
0.000147421
0.000141327
0.000133016
0.000125015
0.000120161
0.000120018
0.000121603
0.000110614
5.71394e-05
1.44284e-05
7.22256e-05
0.000108957
0.000127259
0.000135845
0.000139703
0.000141574
0.000142796
0.000143926
0.000145131
0.000146261
0.000146358
0.000144624
0.000140479
0.000135344
0.000129967
0.000125795
0.000123713
0.00011121
5.87304e-05
1.52072e-05
7.20845e-05
0.000101971
0.000114546
0.000120501
0.000124067
0.000127349
0.000130823
0.000134415
0.000137958
0.000141101
0.000143469
0.000144408
0.00014298
0.000139672
0.000134477
0.000128934
0.000121921
0.000106465
5.92798e-05
1.50588e-05
6.03605e-05
8.43834e-05
9.49367e-05
0.0001025
0.000108433
0.000113215
0.000117252
0.000120896
0.000124256
0.000127336
0.000129974
0.000132086
0.000133223
0.000132166
0.000130758
0.000126377
0.000117907
9.89799e-05
5.92423e-05
1.29297e-05
1.56632e-05
2.08358e-05
2.58046e-05
3.05148e-05
3.49794e-05
3.92246e-05
4.32774e-05
4.71846e-05
5.0928e-05
5.4611e-05
5.80145e-05
6.1455e-05
6.43222e-05
6.68455e-05
6.81698e-05
6.81474e-05
6.7647e-05
6.55103e-05
5.7686e-05
)
;

boundaryField
{
    movingWall
    {
        type            nutkWallFunction;
        Cmu             0.09;
        kappa           0.41;
        E               9.8;
        value           uniform 0;
    }
    fixedWalls
    {
        type            nutkWallFunction;
        Cmu             0.09;
        kappa           0.41;
        E               9.8;
        value           uniform 0;
    }
    frontAndBack
    {
        type            empty;
    }
}


// ************************************************************************* //
