/*--------------------------------*- C++ -*----------------------------------*\
  =========                 |
  \\      /  F ield         | OpenFOAM: The Open Source CFD Toolbox
   \\    /   O peration     | Website:  https://openfoam.org
    \\  /    A nd           | Version:  11
     \\/     M anipulation  |
\*---------------------------------------------------------------------------*/
FoamFile
{
    format      ascii;
    class       volScalarField;
    location    "1";
    object      p;
}
// * * * * * * * * * * * * * * * * * * * * * * * * * * * * * * * * * * * * * //

dimensions      [0 2 -2 0 0 0 0];

internalField   nonuniform List<scalar> 
400
(
2.1756e-09
-7.69823e-06
-6.54383e-06
4.02537e-06
2.61501e-05
6.11062e-05
0.00010996
0.000173769
0.000253588
0.000350279
0.000463945
0.000594873
0.000741382
0.000898288
0.00105886
0.0012123
0.00134491
0.00144292
0.00149843
0.00151023
7.38268e-06
-1.02814e-06
1.43689e-06
1.41054e-05
3.71886e-05
7.16522e-05
0.000118729
0.00017966
0.00025564
0.000347682
0.000456442
0.000582236
0.000723144
0.000876033
0.00103475
0.0011899
0.00132897
0.00143719
0.00150129
0.00151631
4.32416e-06
-8.10678e-06
-7.57325e-06
5.19047e-06
2.82388e-05
6.1651e-05
0.000106593
0.000164474
0.000236757
0.00032485
0.000429973
0.000552886
0.000692878
0.000848097
0.00101375
0.00118173
0.00133917
0.00146704
0.00154393
0.00156057
-1.13326e-05
-2.97993e-05
-3.43874e-05
-2.45355e-05
-3.53918e-06
2.75613e-05
6.95689e-05
0.000123952
0.000192494
0.000277181
0.000380071
0.000502921
0.000646525
0.000811167
0.000993448
0.00118635
0.00137517
0.00153351
0.00162935
0.00164687
-4.24182e-05
-6.67087e-05
-7.74772e-05
-7.26328e-05
-5.57733e-05
-2.87173e-05
8.93769e-06
5.86422e-05
0.000122482
0.000203088
0.000303512
0.000426998
0.000576706
0.000754041
0.00095988
0.00118893
0.00142466
0.00163115
0.00176004
0.00178106
-8.93261e-05
-0.000118765
-0.000135729
-0.000136984
-0.000125922
-0.000104777
-7.34529e-05
-3.05436e-05
2.62899e-05
0.000100278
0.000195504
0.000316904
0.000470084
0.000660312
0.000892945
0.00116788
0.00146969
0.00175107
0.0019352
0.00196348
-0.000151253
-0.000185379
-0.000208449
-0.000216506
-0.000212636
-0.000199322
-0.000176732
-0.000143569
-9.73761e-05
-3.44939e-05
5.00631e-05
0.000162891
0.000312444
0.000508762
0.000763292
0.00108793
0.0014743
0.00186484
0.00212934
0.0021763
-0.000226802
-0.000265453
-0.000294701
-0.000310162
-0.000314738
-0.000311193
-0.000300029
-0.000280228
-0.000249492
-0.000204111
-0.000138707
-4.55968e-05
8.61593e-05
0.000271217
0.000527848
0.000888088
0.00135558
0.00187868
0.00224184
0.00234015
-0.000314319
-0.000357549
-0.000393155
-0.000416527
-0.00043063
-0.000438671
-0.000441677
-0.000439184
-0.000429492
-0.000409497
-0.000374396
-0.000316757
-0.000225191
-8.22204e-05
0.00013999
0.000468814
0.000933572
0.00153672
0.00205725
0.00222807
-0.000412062
-0.000460041
-0.000502153
-0.000533706
-0.000558044
-0.000579084
-0.000598626
-0.000617119
-0.000633997
-0.000647677
-0.000655386
-0.000652309
-0.000630838
-0.000580797
-0.0004876
-0.000318385
-3.88344e-06
0.000531341
0.00127194
0.00157
-0.000518413
-0.000571286
-0.000619825
-0.000659316
-0.000693909
-0.000728536
-0.000766032
-0.00080807
-0.000855718
-0.000909834
-0.00097119
-0.00104017
-0.00111768
-0.00121049
-0.0013266
-0.00143018
-0.00139646
-0.00102931
-0.000239836
0.000335191
-0.000632107
-0.000689859
-0.000744202
-0.000790506
-0.000834278
-0.000881808
-0.000937119
-0.00100327
-0.00108317
-0.00118066
-0.00130105
-0.00145164
-0.00164422
-0.00190532
-0.00226017
-0.00266438
-0.00289962
-0.0026756
-0.00199466
-0.00114731
-0.000752875
-0.000814998
-0.000873432
-0.000923995
-0.000974353
-0.00103245
-0.00110349
-0.00119184
-0.00130193
-0.00144047
-0.00161717
-0.00184606
-0.00214605
-0.00255498
-0.00309595
-0.00370132
-0.00410365
-0.00398389
-0.00344182
-0.00236839
-0.000881787
-0.000946571
-0.00100562
-0.00105589
-0.00110838
-0.001173
-0.00125585
-0.0013624
-0.00149737
-0.00166995
-0.00189266
-0.00218418
-0.00256597
-0.00306805
-0.00370035
-0.00438252
-0.00486306
-0.00473964
-0.0043718
-0.00305604
-0.00102524
-0.00108667
-0.00113901
-0.00118107
-0.00122906
-0.00129493
-0.00138525
-0.0015041
-0.00165734
-0.0018551
-0.00211056
-0.0024426
-0.00287331
-0.00341505
-0.00405727
-0.00470902
-0.00520789
-0.00487016
-0.00477629
-0.00306423
-0.00119193
-0.00123335
-0.00126574
-0.00128788
-0.00132355
-0.00138614
-0.00147946
-0.00160552
-0.00177111
-0.00198517
-0.00226125
-0.00261594
-0.00306542
-0.00360938
-0.00421732
-0.00477347
-0.00505769
-0.00451821
-0.00454375
-0.00202626
-0.00141299
-0.00139349
-0.00137271
-0.00135501
-0.00137628
-0.00143386
-0.00152621
-0.00165497
-0.00182758
-0.00205077
-0.0023373
-0.0027009
-0.00314945
-0.00366484
-0.0041913
-0.00457013
-0.00454167
-0.0036123
-0.00320455
0.00102233
-0.00170849
-0.00154606
-0.00142487
-0.00136492
-0.00137168
-0.00142386
-0.00151402
-0.001643
-0.00181826
-0.00204803
-0.0023417
-0.00270772
-0.00314618
-0.00360945
-0.00400589
-0.00408687
-0.00367313
-0.00208807
-0.000383958
0.00764587
-0.00242015
-0.00193252
-0.00169606
-0.00158822
-0.00157043
-0.00160806
-0.00168705
-0.0018053
-0.00196678
-0.00218229
-0.00246359
-0.00281435
-0.00323355
-0.00364183
-0.00393849
-0.00379976
-0.00276946
-0.000247269
0.00387411
0.0176359
-0.00104807
0.000957458
0.000747517
0.000470982
0.000286675
0.00012095
-7.44401e-05
-0.000304974
-0.000569106
-0.000870939
-0.00122741
-0.00164159
-0.00209716
-0.00253842
-0.00279029
-0.00262218
-0.00145581
0.00174519
0.00807167
0.0216944
)
;

boundaryField
{
    movingWall
    {
        type            zeroGradient;
    }
    fixedWalls
    {
        type            zeroGradient;
    }
    frontAndBack
    {
        type            empty;
    }
}


// ************************************************************************* //
