/*--------------------------------*- C++ -*----------------------------------*\
  =========                 |
  \\      /  F ield         | OpenFOAM: The Open Source CFD Toolbox
   \\    /   O peration     | Website:  https://openfoam.org
    \\  /    A nd           | Version:  11
     \\/     M anipulation  |
\*---------------------------------------------------------------------------*/
FoamFile
{
    format      ascii;
    class       surfaceScalarField;
    location    "1";
    object      phi;
}
// * * * * * * * * * * * * * * * * * * * * * * * * * * * * * * * * * * * * * //

dimensions      [0 3 -1 0 0 0 0];

internalField   nonuniform List<scalar> 
760
(
-2.08004e-08
2.08002e-08
-7.54266e-08
5.46261e-08
-1.48835e-07
7.34086e-08
-2.28542e-07
7.97069e-08
-3.07955e-07
7.94124e-08
-3.8387e-07
7.59155e-08
-4.54474e-07
7.06043e-08
-5.18274e-07
6.37998e-08
-5.7349e-07
5.52159e-08
-6.17689e-07
4.4199e-08
-6.47476e-07
2.97872e-08
-6.59868e-07
1.23918e-08
-6.49729e-07
-1.01393e-08
-6.12971e-07
-3.6758e-08
-5.46416e-07
-6.65541e-08
-4.49543e-07
-9.68736e-08
-3.27045e-07
-1.22498e-07
-1.92721e-07
-1.34324e-07
-7.2832e-08
-1.19889e-07
-7.2832e-08
-5.30494e-08
7.38497e-08
-1.26708e-07
1.28285e-07
-2.09351e-07
1.56051e-07
-2.96152e-07
1.66509e-07
-3.83174e-07
1.66434e-07
-4.67325e-07
1.60067e-07
-5.46152e-07
1.49431e-07
-6.17439e-07
1.35087e-07
-6.78871e-07
1.16647e-07
-7.27789e-07
9.31179e-08
-7.61258e-07
6.32557e-08
-7.75069e-07
2.62031e-08
-7.65795e-07
-1.94131e-08
-7.29261e-07
-7.32928e-08
-6.62441e-07
-1.33374e-07
-5.64225e-07
-1.9509e-07
-4.37087e-07
-2.49635e-07
-2.88626e-07
-2.82785e-07
-1.32452e-07
-2.76064e-07
-2.05284e-07
-7.27284e-08
1.46578e-07
-1.55062e-07
2.10618e-07
-2.39892e-07
2.4088e-07
-3.2664e-07
2.53257e-07
-4.13618e-07
2.53411e-07
-4.98582e-07
2.45031e-07
-5.7926e-07
2.30109e-07
-6.53412e-07
2.0924e-07
-7.18717e-07
1.81952e-07
-7.72609e-07
1.47009e-07
-8.12119e-07
1.02765e-07
-8.3355e-07
4.76341e-08
-8.33123e-07
-1.98393e-08
-8.06277e-07
-1.0014e-07
-7.48594e-07
-1.91056e-07
-6.56416e-07
-2.87267e-07
-5.28133e-07
-3.77918e-07
-3.65837e-07
-4.45081e-07
-1.78218e-07
-4.63683e-07
-3.83502e-07
-8.16873e-08
2.28265e-07
-1.70035e-07
2.98966e-07
-2.58139e-07
3.28984e-07
-3.46372e-07
3.4149e-07
-4.34357e-07
3.41396e-07
-5.20824e-07
3.31498e-07
-6.04109e-07
3.13394e-07
-6.82391e-07
2.87522e-07
-7.53698e-07
2.53259e-07
-8.15781e-07
2.09093e-07
-8.65894e-07
1.52879e-07
-9.00496e-07
8.22354e-08
-9.15351e-07
-4.98418e-09
-9.04453e-07
-1.11037e-07
-8.60743e-07
-2.34766e-07
-7.75937e-07
-3.72073e-07
-6.42125e-07
-5.11731e-07
-4.55367e-07
-6.31839e-07
-2.24149e-07
-6.94901e-07
-6.07651e-07
-8.53472e-08
3.13613e-07
-1.78099e-07
3.91718e-07
-2.70199e-07
4.21084e-07
-3.61583e-07
4.32874e-07
-4.52352e-07
4.32164e-07
-5.41994e-07
4.21141e-07
-6.2959e-07
4.0099e-07
-7.14001e-07
3.71932e-07
-7.93902e-07
3.33161e-07
-8.67661e-07
2.82852e-07
-9.33044e-07
2.18261e-07
-9.86726e-07
1.35918e-07
-1.02399e-06
3.22789e-08
-1.03726e-06
-9.77642e-08
-1.01571e-06
-2.56321e-07
-9.44358e-07
-4.43422e-07
-8.05423e-07
-6.50666e-07
-5.84303e-07
-8.52959e-07
-2.88158e-07
-9.91046e-07
-8.95809e-07
-8.70085e-08
4.00621e-07
-1.83305e-07
4.88015e-07
-2.79558e-07
5.17337e-07
-3.75007e-07
5.28324e-07
-4.6981e-07
5.26967e-07
-5.63982e-07
5.15313e-07
-6.57343e-07
4.94351e-07
-7.49603e-07
4.64192e-07
-8.4037e-07
4.23928e-07
-9.28992e-07
3.71474e-07
-1.01419e-06
3.03458e-07
-1.09343e-06
2.15161e-07
-1.16166e-06
1.00508e-07
-1.21084e-06
-4.85808e-08
-1.2255e-06
-2.41667e-07
-1.18196e-06
-4.86959e-07
-1.04645e-06
-7.86177e-07
-7.8219e-07
-1.11722e-06
-3.87214e-07
-1.38602e-06
-1.28302e-06
-8.82362e-08
4.88857e-07
-1.87783e-07
5.87562e-07
-2.88187e-07
6.17741e-07
-3.88056e-07
6.28192e-07
-4.87462e-07
6.26373e-07
-5.86815e-07
6.14666e-07
-6.86661e-07
5.94197e-07
-7.87687e-07
5.65219e-07
-8.90699e-07
5.2694e-07
-9.96458e-07
4.77233e-07
-1.10527e-06
4.1227e-07
-1.2162e-06
3.26093e-07
-1.32542e-06
2.09729e-07
-1.42518e-06
5.11808e-08
-1.49665e-06
-1.70203e-07
-1.50591e-06
-4.77701e-07
-1.39451e-06
-8.97575e-07
-1.08043e-06
-1.4313e-06
-5.4231e-07
-1.92414e-06
-1.82533e-06
-8.97441e-08
5.78601e-07
-1.92606e-07
6.90424e-07
-2.97119e-07
7.22254e-07
-4.01342e-07
7.32415e-07
-5.05241e-07
7.30271e-07
-6.0956e-07
7.18985e-07
-7.15569e-07
7.00206e-07
-8.25022e-07
6.74672e-07
-9.40144e-07
6.42062e-07
-1.06352e-06
6.00611e-07
-1.19775e-06
5.46497e-07
-1.34463e-06
4.72971e-07
-1.50358e-06
3.68679e-07
-1.66763e-06
2.15236e-07
-1.82082e-06
-1.70129e-08
-1.91557e-06
-3.82958e-07
-1.85935e-06
-9.53792e-07
-1.49066e-06
-1.79999e-06
-7.80009e-07
-2.63479e-06
-2.60534e-06
-9.19165e-08
6.70518e-07
-1.98391e-07
7.96899e-07
-3.06915e-07
8.30778e-07
-4.15037e-07
8.40537e-07
-5.22614e-07
8.37848e-07
-6.30695e-07
8.27067e-07
-7.4124e-07
8.10751e-07
-8.57072e-07
7.90503e-07
-9.81902e-07
7.66892e-07
-1.12033e-06
7.3904e-07
-1.27768e-06
7.03849e-07
-1.45935e-06
6.54639e-07
-1.66936e-06
5.78691e-07
-1.90662e-06
4.52497e-07
-2.15525e-06
2.31616e-07
-2.3585e-06
-1.79707e-07
-2.36065e-06
-9.5164e-07
-1.94327e-06
-2.21737e-06
-1.08374e-06
-3.49432e-06
-3.68909e-06
-9.50861e-08
7.65604e-07
-2.0566e-07
9.07473e-07
-3.1801e-07
9.43127e-07
-4.29146e-07
9.51673e-07
-5.38819e-07
9.47522e-07
-6.48348e-07
9.36596e-07
-7.60289e-07
9.22691e-07
-8.78374e-07
9.08588e-07
-1.00757e-06
8.96089e-07
-1.1542e-06
8.85664e-07
-1.32593e-06
8.75587e-07
-1.53132e-06
8.60022e-07
-1.77831e-06
8.25685e-07
-2.06969e-06
7.4388e-07
-2.38519e-06
5.47109e-07
-2.62826e-06
6.33664e-08
-2.62031e-06
-9.59586e-07
-2.18986e-06
-2.64782e-06
-1.30802e-06
-4.37616e-06
-4.99711e-06
-9.97409e-08
8.65345e-07
-2.151e-07
1.02283e-06
-3.30917e-07
1.05894e-06
-4.43637e-07
1.06439e-06
-5.52933e-07
1.05682e-06
-6.60374e-07
1.04404e-06
-7.68956e-07
1.03127e-06
-8.82968e-07
1.0226e-06
-1.008e-06
1.02112e-06
-1.15109e-06
1.02875e-06
-1.32072e-06
1.04521e-06
-1.5262e-06
1.0655e-06
-1.7755e-06
1.07499e-06
-2.06845e-06
1.03683e-06
-2.3705e-06
8.49161e-07
-2.56809e-06
2.60955e-07
-2.4922e-06
-1.03548e-06
-2.10031e-06
-3.03971e-06
-1.30056e-06
-5.17592e-06
-6.29767e-06
-1.06664e-07
9.72008e-07
-2.27677e-07
1.14385e-06
-3.46233e-07
1.1775e-06
-4.58264e-07
1.17642e-06
-5.6356e-07
1.16211e-06
-6.64024e-07
1.1445e-06
-7.62928e-07
1.13018e-06
-8.64639e-07
1.12431e-06
-9.74452e-07
1.13094e-06
-1.0986e-06
1.1529e-06
-1.244e-06
1.19061e-06
-1.41728e-06
1.23879e-06
-1.62096e-06
1.27867e-06
-1.84534e-06
1.26121e-06
-2.04424e-06
1.04806e-06
-2.12339e-06
3.40104e-07
-2.00609e-06
-1.15278e-06
-1.72304e-06
-3.32276e-06
-1.15799e-06
-5.74097e-06
-7.45566e-06
-1.17247e-07
1.08926e-06
-2.44732e-07
1.27133e-06
-3.64273e-07
1.29704e-06
-4.71805e-07
1.28396e-06
-5.67775e-07
1.25808e-06
-6.5474e-07
1.23147e-06
-7.36183e-07
1.21162e-06
-8.16143e-07
1.20427e-06
-8.9867e-07
1.21346e-06
-9.87795e-07
1.24203e-06
-1.08692e-06
1.28974e-06
-1.1979e-06
1.34977e-06
-1.31422e-06
1.39499e-06
-1.4202e-06
1.36719e-06
-1.47763e-06
1.10549e-06
-1.45567e-06
3.18149e-07
-1.36985e-06
-1.23859e-06
-1.23528e-06
-3.45734e-06
-9.38123e-07
-6.03812e-06
-8.39378e-06
-1.3271e-07
1.22197e-06
-2.67074e-07
1.40569e-06
-3.83742e-07
1.41371e-06
-4.80127e-07
1.38034e-06
-5.58691e-07
1.33665e-06
-6.23453e-07
1.29623e-06
-6.78176e-07
1.26634e-06
-7.26412e-07
1.25251e-06
-7.70248e-07
1.2573e-06
-8.11037e-07
1.28282e-06
-8.48373e-07
1.32707e-06
-8.78124e-07
1.37952e-06
-8.91763e-07
1.40863e-06
-8.74682e-07
1.35011e-06
-8.1479e-07
1.04559e-06
-7.37651e-07
2.4101e-07
-7.19818e-07
-1.25643e-06
-7.12334e-07
-3.46482e-06
-6.59739e-07
-6.09072e-06
-9.05352e-06
-1.58869e-07
1.38084e-06
-2.95925e-07
1.54275e-06
-3.99629e-07
1.51741e-06
-4.7231e-07
1.45302e-06
-5.20698e-07
1.38504e-06
-5.51548e-07
1.32708e-06
-5.68943e-07
1.28374e-06
-5.74689e-07
1.25825e-06
-5.69382e-07
1.25199e-06
-5.51817e-07
1.26525e-06
-5.18951e-07
1.29421e-06
-4.652e-07
1.32577e-06
-3.84643e-07
1.32807e-06
-2.71065e-07
1.23653e-06
-1.43987e-07
9.18517e-07
-6.58578e-08
1.62881e-07
-8.78179e-08
-1.23447e-06
-2.37825e-07
-3.31481e-06
-3.80836e-07
-5.94771e-06
-9.43436e-06
-1.92076e-07
1.57291e-06
-3.23402e-07
1.67408e-06
-3.93109e-07
1.58712e-06
-4.19604e-07
1.47952e-06
-4.21004e-07
1.38644e-06
-4.03422e-07
1.30949e-06
-3.69302e-07
1.24962e-06
-3.19054e-07
1.208e-06
-2.52286e-07
1.18522e-06
-1.6682e-07
1.17979e-06
-5.93366e-08
1.18672e-06
7.35995e-08
1.19283e-06
2.32381e-07
1.16929e-06
4.09807e-07
1.0591e-06
5.69968e-07
7.58356e-07
6.34377e-07
9.84717e-08
5.15602e-07
-1.11569e-06
2.06999e-07
-3.00621e-06
-5.12997e-08
-5.68941e-06
-9.48566e-06
-2.7767e-07
1.85058e-06
-3.45187e-07
1.74159e-06
-3.28405e-07
1.57034e-06
-2.76452e-07
1.42756e-06
-2.00512e-07
1.3105e-06
-1.05291e-07
1.21427e-06
7.0088e-09
1.13732e-06
1.36252e-07
1.07876e-06
2.83491e-07
1.03798e-06
4.50294e-07
1.01298e-06
6.38119e-07
9.98898e-07
8.464e-07
9.8455e-07
1.06807e-06
9.47622e-07
1.28658e-06
8.40585e-07
1.45379e-06
5.91155e-07
1.48205e-06
7.02046e-08
1.26131e-06
-8.94952e-07
8.02998e-07
-2.54789e-06
2.36735e-07
-5.12314e-06
-9.24892e-06
-3.05928e-07
2.15651e-06
-2.35305e-07
1.67097e-06
-7.5837e-08
1.41087e-06
1.13428e-07
1.2383e-06
3.19736e-07
1.10419e-06
5.39157e-07
9.94853e-07
7.68917e-07
9.07559e-07
1.0076e-06
8.4008e-07
1.25652e-06
7.89058e-07
1.51783e-06
7.51683e-07
1.79123e-06
7.25492e-07
2.0733e-06
7.02479e-07
2.35026e-06
6.70672e-07
2.6007e-06
5.90138e-07
2.76133e-06
4.3053e-07
2.78806e-06
4.34675e-08
2.46407e-06
-5.70955e-07
1.78313e-06
-1.86696e-06
7.56664e-07
-4.09668e-06
-8.49226e-06
-1.12603e-07
2.26911e-06
2.42722e-07
1.31564e-06
6.86478e-07
9.67115e-07
1.12903e-06
7.95744e-07
1.55529e-06
6.77928e-07
1.96543e-06
5.84717e-07
2.36096e-06
5.1203e-07
2.74318e-06
4.57858e-07
3.11493e-06
4.17308e-07
3.47806e-06
3.88551e-07
3.83619e-06
3.6736e-07
4.18999e-06
3.48686e-07
4.52333e-06
3.37332e-07
4.82616e-06
2.87305e-07
5.02087e-06
2.35814e-07
5.01581e-06
4.85303e-08
4.72536e-06
-2.80506e-07
3.87305e-06
-1.01465e-06
2.17007e-06
-2.39369e-06
-6.32219e-06
2.26911e-06
3.58476e-06
4.55187e-06
5.34762e-06
6.02554e-06
6.61026e-06
7.12229e-06
7.58015e-06
7.99746e-06
8.38601e-06
8.75337e-06
9.10205e-06
9.43939e-06
9.72669e-06
9.96251e-06
1.0011e-05
9.73053e-06
8.71588e-06
6.32219e-06
)
;

boundaryField
{
    movingWall
    {
        type            calculated;
        value           uniform 0;
    }
    fixedWalls
    {
        type            calculated;
        value           uniform 0;
    }
    frontAndBack
    {
        type            empty;
    }
}


// ************************************************************************* //
