/*--------------------------------*- C++ -*----------------------------------*\
  =========                 |
  \\      /  F ield         | OpenFOAM: The Open Source CFD Toolbox
   \\    /   O peration     | Website:  https://openfoam.org
    \\  /    A nd           | Version:  11
     \\/     M anipulation  |
\*---------------------------------------------------------------------------*/
FoamFile
{
    format      ascii;
    class       volVectorField;
    location    "1";
    object      U;
}
// * * * * * * * * * * * * * * * * * * * * * * * * * * * * * * * * * * * * * //

dimensions      [0 1 -1 0 0 0 0];

internalField   nonuniform List<vector> 
400
(
(-9.85111e-05 0.000104291 0)
(-0.000810074 0.000533722 0)
(-0.00220982 0.000794394 0)
(-0.00377563 0.00087535 0)
(-0.00538269 0.000868546 0)
(-0.00694497 0.000825955 0)
(-0.00841675 0.000766134 0)
(-0.00976671 0.000692539 0)
(-0.0109633 0.000600589 0)
(-0.0119655 0.000480758 0)
(-0.0127281 0.000318529 0)
(-0.0131338 0.000141101 0)
(-0.013182 -0.000120034 0)
(-0.0127096 -0.00042197 0)
(-0.0116734 -0.000760931 0)
(-0.0100265 -0.00110387 0)
(-0.00780844 -0.00138267 0)
(-0.00519328 -0.00147051 0)
(-0.00249469 -0.00119286 0)
(-0.000601354 -0.000570715 0)
(-0.000512886 0.000807244 0)
(-0.00172803 0.00177536 0)
(-0.0033262 0.00229277 0)
(-0.00504829 0.00247989 0)
(-0.00680583 0.00247893 0)
(-0.0085305 0.00237692 0)
(-0.010171 0.00221327 0)
(-0.0116823 0.00199827 0)
(-0.0130201 0.00172488 0)
(-0.0141359 0.00137559 0)
(-0.014973 0.000927453 0)
(-0.0154571 0.000368976 0)
(-0.0155166 -0.000318925 0)
(-0.015066 -0.00113751 0)
(-0.0140343 -0.00204809 0)
(-0.0123739 -0.00297158 0)
(-0.0100913 -0.0037559 0)
(-0.00729226 -0.00415075 0)
(-0.00419917 -0.0038349 0)
(-0.00132749 -0.00252655 0)
(-0.000794781 0.00216995 0)
(-0.00226574 0.00335651 0)
(-0.00392421 0.0039478 0)
(-0.0056558 0.00418633 0)
(-0.00740965 0.00419123 0)
(-0.00914159 0.00404293 0)
(-0.0108092 0.00378372 0)
(-0.0123685 0.00342648 0)
(-0.0137745 0.00296321 0)
(-0.0149791 0.00237201 0)
(-0.0159269 0.00162446 0)
(-0.016551 0.000695114 0)
(-0.0167773 -0.000439108 0)
(-0.0165196 -0.00177628 0)
(-0.0156859 -0.00327213 0)
(-0.0141882 -0.00482124 0)
(-0.0119637 -0.0062232 0)
(-0.00903155 -0.00716281 0)
(-0.00552462 -0.00723148 0)
(-0.00188908 -0.00573901 0)
(-0.000914116 0.00373269 0)
(-0.0025322 0.00507164 0)
(-0.0042671 0.00567425 0)
(-0.00603693 0.00592646 0)
(-0.0078116 0.00592907 0)
(-0.00956625 0.00574534 0)
(-0.0112734 0.00541133 0)
(-0.0128988 0.00493794 0)
(-0.0144051 0.00431463 0)
(-0.0157509 0.00351432 0)
(-0.0168866 0.00249973 0)
(-0.0177507 0.00123183 0)
(-0.018266 -0.000324547 0)
(-0.0183307 -0.00218095 0)
(-0.0178119 -0.00430758 0)
(-0.0165476 -0.00659917 0)
(-0.0143607 -0.00883009 0)
(-0.0111497 -0.0106105 0)
(-0.00695137 -0.0113519 0)
(-0.00238809 -0.00970905 0)
(-0.000954163 0.00540631 0)
(-0.00265735 0.00688711 0)
(-0.00447498 0.00747832 0)
(-0.00631165 0.00772173 0)
(-0.00814215 0.00771401 0)
(-0.00995331 0.00750296 0)
(-0.0117324 0.00711564 0)
(-0.0134596 0.00655849 0)
(-0.0151107 0.00581722 0)
(-0.0166569 0.00485869 0)
(-0.018061 0.00363452 0)
(-0.0192703 0.00208732 0)
(-0.0202058 0.000157366 0)
(-0.0207488 -0.00219972 0)
(-0.0207154 -0.00500405 0)
(-0.0198379 -0.00819465 0)
(-0.0177697 -0.0115606 0)
(-0.0141983 -0.0146289 0)
(-0.00897594 -0.0164867 0)
(-0.00305557 -0.0146924 0)
(-0.000966708 0.0071296 0)
(-0.00272455 0.00877822 0)
(-0.00462306 0.00936176 0)
(-0.00654013 0.0095884 0)
(-0.00844933 0.00956684 0)
(-0.0103431 0.00933745 0)
(-0.0122216 0.00892067 0)
(-0.0140811 0.00831903 0)
(-0.0159152 0.00751483 0)
(-0.0177146 0.00646862 0)
(-0.0194627 0.00511946 0)
(-0.0211243 0.00338641 0)
(-0.0226291 0.00117137 0)
(-0.0238542 -0.00163418 0)
(-0.02457 -0.00514033 0)
(-0.0243777 -0.009405 0)
(-0.0226841 -0.0143188 0)
(-0.0187915 -0.0193764 0)
(-0.012114 -0.0231029 0)
(-0.00409434 -0.0211588 0)
(-0.000974357 0.00888059 0)
(-0.00277687 0.0107358 0)
(-0.00475416 0.0113276 0)
(-0.00675642 0.0115405 0)
(-0.00875438 0.0115075 0)
(-0.0107432 0.0112711 0)
(-0.0127344 0.0108508 0)
(-0.0147414 0.0102489 0)
(-0.0167798 0.00944723 0)
(-0.0188665 0.00840254 0)
(-0.0210155 0.00704212 0)
(-0.0232247 0.00525917 0)
(-0.0254559 0.00290358 0)
(-0.027606 -0.000225787 0)
(-0.0294272 -0.00437382 0)
(-0.0303941 -0.00984035 0)
(-0.0295712 -0.0167944 0)
(-0.02557 -0.0249184 0)
(-0.0169562 -0.0319019 0)
(-0.00576115 -0.0298082 0)
(-0.000986502 0.010658 0)
(-0.00283544 0.0127582 0)
(-0.00489116 0.0133763 0)
(-0.00697803 0.0135819 0)
(-0.00906344 0.0135419 0)
(-0.0111442 0.01331 0)
(-0.0132424 0.0129121 0)
(-0.0153894 0.0123566 0)
(-0.0176256 0.0116305 0)
(-0.0200003 0.0106929 0)
(-0.0225688 0.00946532 0)
(-0.0253808 0.00781893 0)
(-0.0284579 0.00554989 0)
(-0.0317501 0.0023475 0)
(-0.0350604 -0.00224485 0)
(-0.0377873 -0.00888372 0)
(-0.0385631 -0.0183785 0)
(-0.0347067 -0.031173 0)
(-0.0238363 -0.0438034 0)
(-0.00867901 -0.0418054 0)
(-0.00100792 0.0124718 0)
(-0.00291212 0.0148496 0)
(-0.00504741 0.0155068 0)
(-0.00721366 0.0157077 0)
(-0.0093741 0.0156612 0)
(-0.0115267 0.0154407 0)
(-0.0137035 0.0150866 0)
(-0.0159534 0.0146205 0)
(-0.018342 0.0140429 0)
(-0.020953 0.013325 0)
(-0.023889 0.0123945 0)
(-0.0272622 0.0111139 0)
(-0.0311785 0.00924034 0)
(-0.0356995 0.00635966 0)
(-0.040713 0.00175231 0)
(-0.045606 -0.00585379 0)
(-0.0486703 -0.0186979 0)
(-0.0443782 -0.0388823 0)
(-0.0313592 -0.0592541 0)
(-0.0136401 -0.0599467 0)
(-0.00104282 0.014339 0)
(-0.00301705 0.0170177 0)
(-0.00523404 0.0177165 0)
(-0.00746923 0.0179049 0)
(-0.0096803 0.017842 0)
(-0.0118661 0.0176289 0)
(-0.0140673 0.0173277 0)
(-0.016348 0.0169808 0)
(-0.0187951 0.0166105 0)
(-0.0215211 0.0162108 0)
(-0.0246687 0.0157308 0)
(-0.0284039 0.0150426 0)
(-0.0329027 0.0138855 0)
(-0.038317 0.0117477 0)
(-0.0446315 0.00754331 0)
(-0.0510651 -0.00118207 0)
(-0.0544176 -0.0190067 0)
(-0.0498164 -0.0490102 0)
(-0.0344036 -0.078288 0)
(-0.019431 -0.0856893 0)
(-0.0010978 0.0162841 0)
(-0.00316414 0.0192746 0)
(-0.00546475 0.0200005 0)
(-0.0077512 0.0201512 0)
(-0.00997403 0.0200447 0)
(-0.0121332 0.0198169 0)
(-0.014277 0.0195572 0)
(-0.0164796 0.0193338 0)
(-0.0188394 0.0191958 0)
(-0.0214828 0.0191669 0)
(-0.0245668 0.0192271 0)
(-0.0282715 0.0192683 0)
(-0.0327786 0.0190123 0)
(-0.0382446 0.0178037 0)
(-0.0446473 0.013961 0)
(-0.0507508 0.0033775 0)
(-0.0529342 -0.020532 0)
(-0.0471125 -0.0587096 0)
(-0.0336279 -0.0982349 0)
(-0.01729 -0.114805 0)
(-0.00118454 0.0183486 0)
(-0.00337423 0.0216374 0)
(-0.00575742 0.0223497 0)
(-0.00806477 0.0224117 0)
(-0.0102402 0.0222103 0)
(-0.0122879 0.0219217 0)
(-0.0142635 0.0216645 0)
(-0.0162456 0.0215327 0)
(-0.0183304 0.0215999 0)
(-0.0206344 0.0219162 0)
(-0.0232918 0.0224861 0)
(-0.0264393 0.0232099 0)
(-0.030176 0.0237561 0)
(-0.034566 0.0232473 0)
(-0.0393978 0.0192211 0)
(-0.0433417 0.00610677 0)
(-0.0431381 -0.0227493 0)
(-0.0374847 -0.0656293 0)
(-0.029638 -0.112064 0)
(-0.0130601 -0.14043 0)
(-0.00132722 0.0205766 0)
(-0.00368028 0.0241205 0)
(-0.00613133 0.0247423 0)
(-0.00840231 0.0246294 0)
(-0.0104376 0.0242523 0)
(-0.0122547 0.0238308 0)
(-0.0139205 0.0235089 0)
(-0.015513 0.0233984 0)
(-0.0171132 0.0235846 0)
(-0.0188041 0.0241292 0)
(-0.0206643 0.0250374 0)
(-0.0227521 0.0261884 0)
(-0.025029 0.0271459 0)
(-0.0274091 0.0267581 0)
(-0.0296071 0.0219541 0)
(-0.0307045 0.00671623 0)
(-0.0291641 -0.0245141 0)
(-0.025546 -0.0691185 0)
(-0.0242499 -0.119613 0)
(-0.00880622 -0.1609 0)
(-0.00154427 0.0231267 0)
(-0.00411195 0.0267525 0)
(-0.00658662 0.0271312 0)
(-0.00871036 0.0267068 0)
(-0.0104546 0.0260417 0)
(-0.011871 0.0253944 0)
(-0.0130487 0.0249206 0)
(-0.0140618 0.0247317 0)
(-0.0149672 0.0249063 0)
(-0.0158012 0.0254947 0)
(-0.0165766 0.0264793 0)
(-0.0172848 0.0276969 0)
(-0.0177211 0.0284944 0)
(-0.0178565 0.0277004 0)
(-0.0174074 0.0219812 0)
(-0.0162511 0.00579969 0)
(-0.0148152 -0.0252488 0)
(-0.0128998 -0.0699859 0)
(-0.0177422 -0.122419 0)
(-0.00393793 -0.176857 0)
(-0.00197026 0.0259129 0)
(-0.00475658 0.0294605 0)
(-0.00708556 0.0293747 0)
(-0.00882362 0.0284532 0)
(-0.0100206 0.02737 0)
(-0.0107838 0.0264065 0)
(-0.011262 0.0256882 0)
(-0.0114789 0.0253252 0)
(-0.011477 0.0253423 0)
(-0.0112509 0.0257709 0)
(-0.0107556 0.0265534 0)
(-0.00991853 0.0274406 0)
(-0.0086211 0.0278018 0)
(-0.00676355 0.026284 0)
(-0.00438569 0.0199518 0)
(-0.00194789 0.00410004 0)
(-0.00165512 -0.0251982 0)
(-0.000515888 -0.0683509 0)
(-0.0116227 -0.121837 0)
(0.000966271 -0.188673 0)
(-0.00244928 0.0297851 0)
(-0.00555993 0.0322995 0)
(-0.00738417 0.0312467 0)
(-0.00823235 0.0295728 0)
(-0.00849937 0.0279657 0)
(-0.0083278 0.0266239 0)
(-0.00780061 0.0256094 0)
(-0.00695119 0.0249552 0)
(-0.00577845 0.0246894 0)
(-0.00426394 0.024794 0)
(-0.00234709 0.0251752 0)
(3.46873e-05 0.0255601 0)
(0.00292354 0.025326 0)
(0.00628776 0.0232196 0)
(0.00973773 0.0168542 0)
(0.0123327 0.00247717 0)
(0.011451 -0.0239426 0)
(0.0119543 -0.0641724 0)
(-0.00681182 -0.118587 0)
(0.00712156 -0.195825 0)
(-0.00408922 0.0333081 0)
(-0.00697648 0.0344909 0)
(-0.00679971 0.0320572 0)
(-0.00618856 0.0295297 0)
(-0.00488214 0.0274241 0)
(-0.00314755 0.0256918 0)
(-0.0010573 0.0243202 0)
(0.00135285 0.0233144 0)
(0.00412456 0.0226742 0)
(0.00726374 0.0223707 0)
(0.0108047 0.0222928 0)
(0.0147593 0.0221829 0)
(0.0190472 0.0215171 0)
(0.0234857 0.0192491 0)
(0.0273992 0.0135913 0)
(0.0297934 0.00142439 0)
(0.0276672 -0.0204943 0)
(0.0266434 -0.0564401 0)
(-0.00142528 -0.111013 0)
(0.0167118 -0.193748 0)
(-0.00539418 0.0431571 0)
(-0.00606432 0.0365466 0)
(-0.00323563 0.0318924 0)
(0.000221777 0.0286114 0)
(0.00423061 0.0259761 0)
(0.00852385 0.0238153 0)
(0.0130428 0.02207 0)
(0.0177426 0.0206948 0)
(0.0225963 0.0196501 0)
(0.0277056 0.0188847 0)
(0.0330516 0.018341 0)
(0.0386061 0.0178382 0)
(0.0441619 0.0170234 0)
(0.0495173 0.0150681 0)
(0.0535783 0.0109307 0)
(0.056092 0.00207497 0)
(0.0529426 -0.0141752 0)
(0.0492222 -0.0442274 0)
(0.0103452 -0.093505 0)
(0.0336087 -0.174282 0)
(-0.00348954 0.0348393 0)
(0.000116813 0.0217578 0)
(0.00913199 0.0177296 0)
(0.0181036 0.0151055 0)
(0.0268646 0.0129828 0)
(0.0352663 0.0112034 0)
(0.0433349 0.00982921 0)
(0.0511214 0.00883897 0)
(0.0586581 0.00814629 0)
(0.065998 0.00767923 0)
(0.0731584 0.00739548 0)
(0.0802774 0.00716766 0)
(0.0870075 0.00686299 0)
(0.0935014 0.00584864 0)
(0.0981809 0.00390153 0)
(0.100831 -0.00123203 0)
(0.0974308 -0.00975991 0)
(0.0911065 -0.0295726 0)
(0.0460505 -0.0645498 0)
(0.0692551 -0.133849 0)
(0.0485887 0.0660026 0)
(0.0534558 0.0419059 0)
(0.0806047 0.0298269 0)
(0.100132 0.0240963 0)
(0.114704 0.0205904 0)
(0.12687 0.0179732 0)
(0.137586 0.0158828 0)
(0.147281 0.01424 0)
(0.155989 0.0129234 0)
(0.164091 0.0119361 0)
(0.171434 0.0111251 0)
(0.178666 0.0103951 0)
(0.184962 0.0101081 0)
(0.191374 0.00879221 0)
(0.195854 0.00841575 0)
(0.199295 0.0045016 0)
(0.196918 0.00103384 0)
(0.188197 -0.00650551 0)
(0.148112 -0.0220337 0)
(0.144522 -0.129054 0)
)
;

boundaryField
{
    movingWall
    {
        type            fixedValue;
        value           uniform (1 0 0);
    }
    fixedWalls
    {
        type            noSlip;
    }
    frontAndBack
    {
        type            empty;
    }
}


// ************************************************************************* //
