/*--------------------------------*- C++ -*----------------------------------*\
  =========                 |
  \\      /  F ield         | OpenFOAM: The Open Source CFD Toolbox
   \\    /   O peration     | Website:  https://openfoam.org
    \\  /    A nd           | Version:  11
     \\/     M anipulation  |
\*---------------------------------------------------------------------------*/
FoamFile
{
    format      ascii;
    class       volScalarField;
    location    "6.5";
    object      epsilon;
}
// * * * * * * * * * * * * * * * * * * * * * * * * * * * * * * * * * * * * * //

dimensions      [0 2 -3 0 0 0 0];

internalField   nonuniform List<scalar> 
400
(
1.386e-05
4.32031e-05
0.000214181
0.000515262
0.000736903
0.000897203
0.00102651
0.00114911
0.00125586
0.00136485
0.00146638
0.00157358
0.00168097
0.00175678
0.00179187
0.00179646
0.00167294
0.001329
0.000817594
0.000589762
6.70597e-05
0.000197788
0.000574919
0.00088261
0.000963786
0.000999018
0.00101159
0.00105391
0.00109962
0.00118076
0.00128032
0.00141077
0.00156573
0.00175049
0.00195645
0.00216799
0.00227105
0.00228449
0.0018277
0.00122028
0.000241457
0.000650712
0.000913312
0.000959308
0.0009598
0.000959155
0.000954897
0.000994092
0.0010528
0.00112951
0.00121535
0.00131126
0.00142287
0.00156235
0.00173595
0.00194937
0.0021445
0.00222714
0.00207088
0.00158363
0.000562859
0.000938376
0.000988436
0.000936869
0.000905684
0.000878334
0.000875172
0.000905572
0.000937879
0.000974084
0.001015
0.00107387
0.00116462
0.00129759
0.00149662
0.00177148
0.00207632
0.00221392
0.00218989
0.00181786
0.000842136
0.00107893
0.000971826
0.000871303
0.000801871
0.000767153
0.000750832
0.000743386
0.000734472
0.000731112
0.000739014
0.000775694
0.000853789
0.000993316
0.00122597
0.00158108
0.00205521
0.00234128
0.00237882
0.00199452
0.00101392
0.00108159
0.000919208
0.000776302
0.00070218
0.000653451
0.000612593
0.000570707
0.000528673
0.000501671
0.000491601
0.000504035
0.000568962
0.000701437
0.000945641
0.00135829
0.00198015
0.00251471
0.00264516
0.0021354
0.00105301
0.00104766
0.000833796
0.000691044
0.000613623
0.000551429
0.000490489
0.000427679
0.000370286
0.000331179
0.000314207
0.000312742
0.000358494
0.000468277
0.000693069
0.00111996
0.00184973
0.00268344
0.00295174
0.00224503
0.00103798
0.000971863
0.000753713
0.000620167
0.000541519
0.000470743
0.000398676
0.000327977
0.000267995
0.000226695
0.000207176
0.00020258
0.000229389
0.000309651
0.000494181
0.00089242
0.00166243
0.00278615
0.00332164
0.00233267
0.000997616
0.000878229
0.000683099
0.000563221
0.000486648
0.000412992
0.000337603
0.000267018
0.000210319
0.000172085
0.0001537
0.000148977
0.000165251
0.000218627
0.000358308
0.000708864
0.00149867
0.00282172
0.00368829
0.00239331
0.000915197
0.000799383
0.000626353
0.000520379
0.000447744
0.000375279
0.000301573
0.000234749
0.000182959
0.000148618
0.000131362
0.000127128
0.000138045
0.000175144
0.000276731
0.000568023
0.00133218
0.0028262
0.0040769
0.00243563
0.000828431
0.000728334
0.000579532
0.0004864
0.000419535
0.000352018
0.00028319
0.000222116
0.00017573
0.000144354
0.000126728
0.000121975
0.000130084
0.000158367
0.000237907
0.000475881
0.00118467
0.00278535
0.00442592
0.00245512
0.000753196
0.000685472
0.000547778
0.000464373
0.000402703
0.000340088
0.00027827
0.000223323
0.000179507
0.000149578
0.000132386
0.000127021
0.000132284
0.000155057
0.000224311
0.000430623
0.00106685
0.00273852
0.00473209
0.0024619
0.000671045
0.000641894
0.000527731
0.000447345
0.000390538
0.00033613
0.000280657
0.000229846
0.00019012
0.000162484
0.000145677
0.000140374
0.000144964
0.000164413
0.0002236
0.000413798
0.00100392
0.00269984
0.00488897
0.00245794
0.00059616
0.000622819
0.000530717
0.000449429
0.000392589
0.000339886
0.000288413
0.000243477
0.000207628
0.00018201
0.000165316
0.000160543
0.000165385
0.00018511
0.000242524
0.000417463
0.000979266
0.00268323
0.00494661
0.00244302
0.000508499
0.000592315
0.000537364
0.00046052
0.000403553
0.000352298
0.000304266
0.00026298
0.000229951
0.000206467
0.00019003
0.000187056
0.000193077
0.00021578
0.00027846
0.000459762
0.000995006
0.00268932
0.00486773
0.00241047
0.000422848
0.000575404
0.000554646
0.000495462
0.000435319
0.000383
0.000335422
0.00029424
0.000260971
0.000238029
0.000221175
0.000221509
0.000230574
0.000261208
0.000340328
0.000554729
0.00111239
0.00279788
0.00458287
0.00232894
0.000321577
0.000512981
0.000556495
0.000540844
0.000500106
0.000447898
0.000397746
0.000353032
0.000316883
0.000291743
0.000278532
0.000282814
0.000301758
0.000355317
0.00048062
0.000793931
0.00143884
0.00308548
0.00410373
0.00220542
0.000215344
0.000456606
0.00060973
0.00066203
0.000652782
0.000614025
0.00055772
0.000507312
0.000469023
0.000449934
0.000456987
0.000486865
0.000555022
0.000695477
0.000977308
0.00162911
0.00244329
0.00373533
0.00383288
0.00202443
0.000253668
0.000473417
0.000822324
0.000990622
0.00106043
0.00106954
0.00106738
0.00107582
0.00111081
0.00118918
0.00134037
0.00158262
0.00191389
0.00246122
0.00313375
0.00418217
0.00479218
0.00454152
0.00381211
0.0017705
0.000182826
0.000292592
0.000544932
0.000782116
0.000977653
0.00110285
0.00117719
0.00122431
0.00124947
0.0012736
0.0012876
0.00131562
0.00133848
0.00138845
0.00142432
0.00150344
0.00158102
0.00166752
0.00165038
0.00147626
)
;

boundaryField
{
    movingWall
    {
        type            epsilonWallFunction;
        value           nonuniform List<scalar> 
20
(
0.000182826
0.000292592
0.000544932
0.000782116
0.000977653
0.00110285
0.00117719
0.00122431
0.00124947
0.0012736
0.0012876
0.00131562
0.00133848
0.00138845
0.00142432
0.00150344
0.00158102
0.00166752
0.00165038
0.00147626
)
;
    }
    fixedWalls
    {
        type            epsilonWallFunction;
        value           nonuniform List<scalar> 
60
(
1.386e-05
6.70597e-05
0.000241457
0.000562859
0.000842136
0.00101392
0.00105301
0.00103798
0.000997616
0.000915197
0.000828431
0.000753196
0.000671045
0.00059616
0.000508499
0.000422848
0.000321577
0.000215344
0.000253668
0.000182826
0.000589762
0.00122028
0.00158363
0.00181786
0.00199452
0.0021354
0.00224503
0.00233267
0.00239331
0.00243563
0.00245512
0.0024619
0.00245794
0.00244302
0.00241047
0.00232894
0.00220542
0.00202443
0.0017705
0.00147626
1.386e-05
4.32031e-05
0.000214181
0.000515262
0.000736903
0.000897203
0.00102651
0.00114911
0.00125586
0.00136485
0.00146638
0.00157358
0.00168097
0.00175678
0.00179187
0.00179646
0.00167294
0.001329
0.000817594
0.000589762
)
;
    }
    frontAndBack
    {
        type            empty;
    }
}


// ************************************************************************* //
