/*--------------------------------*- C++ -*----------------------------------*\
  =========                 |
  \\      /  F ield         | OpenFOAM: The Open Source CFD Toolbox
   \\    /   O peration     | Website:  https://openfoam.org
    \\  /    A nd           | Version:  11
     \\/     M anipulation  |
\*---------------------------------------------------------------------------*/
FoamFile
{
    format      ascii;
    class       volScalarField;
    location    "6.5";
    object      k;
}
// * * * * * * * * * * * * * * * * * * * * * * * * * * * * * * * * * * * * * //

dimensions      [0 2 -2 0 0 0 0];

internalField   nonuniform List<scalar> 
400
(
4.33876e-06
1.35425e-05
6.7064e-05
0.000161147
0.00023035
0.000280422
0.000320815
0.000359118
0.000392468
0.00042652
0.00045824
0.000491734
0.000525291
0.000548978
0.000559941
0.000561375
0.000522771
0.000415291
0.000255487
0.000184296
2.09928e-05
7.97735e-05
0.000190208
0.00034773
0.000418864
0.000499648
0.000545571
0.000611499
0.000663733
0.000725324
0.000782719
0.000843044
0.000897429
0.00095465
0.00100643
0.00103235
0.00103876
0.000937922
0.000623668
0.000381276
7.55554e-05
0.000267853
0.000448484
0.000536377
0.000599625
0.000655617
0.000698262
0.000750923
0.000796959
0.000845393
0.000888609
0.000930264
0.000969417
0.00101443
0.00105987
0.00109447
0.00110654
0.00105976
0.000773152
0.000494773
0.000176114
0.000479402
0.000581826
0.000627345
0.000669076
0.000701344
0.000733432
0.000769707
0.000802418
0.000835146
0.000862229
0.000890131
0.00092659
0.000975219
0.00103918
0.00110746
0.0011399
0.0011421
0.000914273
0.000567943
0.000263391
0.000596428
0.000641342
0.00065279
0.000675047
0.000697063
0.000721126
0.000739042
0.000745953
0.000746914
0.000749605
0.000767
0.000805101
0.000869169
0.000967915
0.00109778
0.00119183
0.00121507
0.00104166
0.000623124
0.000317064
0.000639974
0.000650152
0.000650354
0.000666834
0.000674941
0.00067558
0.000658131
0.00063313
0.000617299
0.000611031
0.00061762
0.000654259
0.000726649
0.000849327
0.00102928
0.0012212
0.0012998
0.00118031
0.000667135
0.00032927
0.000635283
0.000643848
0.000640138
0.000642731
0.000629863
0.000606062
0.000568497
0.000530442
0.000503935
0.000492355
0.000491589
0.000522371
0.000592731
0.000723123
0.000935798
0.00122568
0.00137985
0.00131241
0.000701383
0.000324573
0.000619628
0.000627929
0.000618278
0.000609888
0.000584795
0.000546071
0.000498407
0.000454883
0.000423829
0.000409162
0.000406317
0.000428786
0.000488437
0.000609471
0.00082984
0.00117497
0.00144837
0.00145309
0.000728767
0.000311956
0.000586842
0.000600706
0.000592654
0.000579841
0.000548243
0.000502435
0.000451479
0.000407323
0.000375521
0.000359297
0.000355008
0.000370569
0.000418371
0.000522621
0.000730605
0.00109677
0.00149562
0.00157546
0.000747717
0.0002862
0.000557261
0.000574364
0.000569354
0.000555221
0.000521723
0.000474478
0.000424228
0.000381647
0.000351092
0.000334136
0.000329371
0.000340824
0.000378096
0.000465111
0.000656095
0.00102369
0.00151607
0.00170015
0.000760955
0.000259083
0.000517495
0.000544818
0.00054541
0.000534106
0.000503057
0.000458292
0.000411134
0.000371108
0.000342299
0.000325074
0.000320422
0.000329376
0.000359855
0.000433669
0.000603234
0.00096222
0.00152147
0.00180437
0.000767056
0.000235569
0.000483216
0.000522198
0.000526158
0.000517923
0.000491412
0.000450548
0.000408017
0.00037156
0.000343922
0.000326493
0.000321116
0.000327963
0.000354638
0.000421336
0.000574512
0.000910605
0.00151859
0.00189104
0.000769182
0.000209893
0.000438228
0.000493989
0.000504583
0.000500514
0.000482271
0.000447349
0.00040994
0.000376282
0.00035085
0.000334426
0.000330225
0.000336401
0.000359934
0.000420075
0.000564012
0.000877561
0.00150943
0.00193289
0.00076798
0.000186487
0.000408797
0.000477565
0.000492754
0.000489703
0.000476225
0.00044835
0.000415492
0.000386256
0.000363809
0.00034854
0.00034629
0.000353048
0.000376845
0.000434644
0.000567945
0.000864597
0.00149686
0.0019458
0.000763332
0.000159085
0.00036049
0.000449221
0.00047769
0.000480409
0.000473257
0.000452958
0.00042523
0.000399919
0.0003805
0.000366946
0.000367241
0.000375383
0.000401238
0.000460522
0.000592774
0.000864917
0.00148637
0.00189699
0.00075316
0.000132303
0.000331178
0.000433972
0.000476336
0.00048517
0.000479917
0.000464893
0.000441452
0.000418935
0.00040116
0.000389689
0.000391428
0.000402173
0.000432296
0.000497478
0.000642257
0.000896676
0.00148252
0.00180043
0.000727692
0.000100633
0.000266426
0.000394039
0.000474864
0.000501312
0.000499788
0.000490428
0.000470361
0.000449159
0.000431746
0.000423692
0.00042782
0.000443685
0.000483925
0.000564777
0.000746784
0.000992593
0.00150614
0.00163322
0.000689087
6.73734e-05
0.000237855
0.000404384
0.000504955
0.000557846
0.000561364
0.000555626
0.000540449
0.000522645
0.000510897
0.000514252
0.000529875
0.000566389
0.00064355
0.000767024
0.00103494
0.00130303
0.00159394
0.00145825
0.000632524
7.93248e-05
0.000261908
0.000464241
0.000582597
0.000662657
0.000694437
0.000715289
0.000731562
0.000759856
0.000799131
0.000866022
0.000957717
0.00108629
0.00127235
0.00148863
0.00180045
0.00187964
0.00173966
0.00135891
0.000553171
5.71697e-05
9.14868e-05
0.000170378
0.000244548
0.000305663
0.000344798
0.000368034
0.000382754
0.000390607
0.000398129
0.000402491
0.000411219
0.000418341
0.000433915
0.000445096
0.000469771
0.000493998
0.000521
0.000515635
0.000461213
)
;

boundaryField
{
    movingWall
    {
        type            kqRWallFunction;
        value           nonuniform List<scalar> 
20
(
5.71697e-05
9.14868e-05
0.000170378
0.000244548
0.000305663
0.000344798
0.000368034
0.000382754
0.000390607
0.000398129
0.000402491
0.000411219
0.000418341
0.000433915
0.000445096
0.000469771
0.000493998
0.000521
0.000515635
0.000461213
)
;
    }
    fixedWalls
    {
        type            kqRWallFunction;
        value           nonuniform List<scalar> 
60
(
4.33876e-06
2.09928e-05
7.55554e-05
0.000176114
0.000263391
0.000317064
0.00032927
0.000324573
0.000311956
0.0002862
0.000259083
0.000235569
0.000209893
0.000186487
0.000159085
0.000132303
0.000100633
6.73734e-05
7.93248e-05
5.71697e-05
0.000184296
0.000381276
0.000494773
0.000567943
0.000623124
0.000667135
0.000701383
0.000728767
0.000747717
0.000760955
0.000767056
0.000769182
0.00076798
0.000763332
0.00075316
0.000727692
0.000689087
0.000632524
0.000553171
0.000461213
4.33876e-06
1.35425e-05
6.7064e-05
0.000161147
0.00023035
0.000280422
0.000320815
0.000359118
0.000392468
0.00042652
0.00045824
0.000491734
0.000525291
0.000548978
0.000559941
0.000561375
0.000522771
0.000415291
0.000255487
0.000184296
)
;
    }
    frontAndBack
    {
        type            empty;
    }
}


// ************************************************************************* //
