/*--------------------------------*- C++ -*----------------------------------*\
  =========                 |
  \\      /  F ield         | OpenFOAM: The Open Source CFD Toolbox
   \\    /   O peration     | Website:  https://openfoam.org
    \\  /    A nd           | Version:  11
     \\/     M anipulation  |
\*---------------------------------------------------------------------------*/
FoamFile
{
    format      ascii;
    class       volScalarField;
    location    "6.5";
    object      nut;
}
// * * * * * * * * * * * * * * * * * * * * * * * * * * * * * * * * * * * * * //

dimensions      [0 2 -1 0 0 0 0];

internalField   nonuniform List<scalar> 
400
(
1.22239e-07
3.82052e-07
1.88991e-06
4.53588e-06
6.4805e-06
7.88817e-06
9.02379e-06
1.01007e-05
1.10385e-05
1.1996e-05
1.28879e-05
1.38298e-05
1.47734e-05
1.54395e-05
1.57478e-05
1.57881e-05
1.47022e-05
1.16795e-05
7.18527e-06
5.18317e-06
5.91456e-07
2.89574e-06
5.66359e-06
1.23299e-05
1.63835e-05
2.24905e-05
2.64814e-05
3.19323e-05
3.60568e-05
4.01e-05
4.30661e-05
4.53404e-05
4.6294e-05
4.68568e-05
4.65953e-05
4.42426e-05
4.27609e-05
3.46566e-05
1.91534e-05
1.07217e-05
2.12782e-06
9.92312e-06
1.98206e-05
2.69913e-05
3.37149e-05
4.03325e-05
4.5954e-05
5.10513e-05
5.4296e-05
5.69468e-05
5.8474e-05
5.93972e-05
5.94428e-05
5.92797e-05
5.82385e-05
5.53037e-05
5.1387e-05
4.53846e-05
2.59787e-05
1.39124e-05
4.95943e-06
2.20427e-05
3.08234e-05
3.78074e-05
4.44853e-05
5.04017e-05
5.53183e-05
5.88803e-05
6.1787e-05
6.44423e-05
6.59204e-05
6.64046e-05
6.63491e-05
6.59643e-05
6.49396e-05
6.23105e-05
5.63224e-05
5.30257e-05
3.43535e-05
1.59695e-05
7.41415e-06
2.96732e-05
3.8092e-05
4.40169e-05
5.11454e-05
5.70039e-05
6.23336e-05
6.61252e-05
6.81852e-05
6.86752e-05
6.84313e-05
6.82562e-05
6.83271e-05
6.84484e-05
6.87759e-05
6.8599e-05
6.22033e-05
5.6753e-05
4.10522e-05
1.75208e-05
8.92342e-06
3.40804e-05
4.13865e-05
4.90357e-05
5.6994e-05
6.27424e-05
6.70539e-05
6.83051e-05
6.82403e-05
6.83621e-05
6.83527e-05
6.81123e-05
6.77109e-05
6.7749e-05
6.8654e-05
7.01971e-05
6.7783e-05
6.04653e-05
4.74002e-05
1.87582e-05
9.26646e-06
3.46702e-05
4.47455e-05
5.33684e-05
6.05898e-05
6.47507e-05
6.73979e-05
6.80113e-05
6.8388e-05
6.90127e-05
6.94357e-05
6.95443e-05
6.85045e-05
6.75234e-05
6.79032e-05
7.03726e-05
7.30955e-05
6.38578e-05
5.25171e-05
1.97211e-05
9.13432e-06
3.55549e-05
4.70823e-05
5.54755e-05
6.182e-05
6.53833e-05
6.73164e-05
6.81658e-05
6.94888e-05
7.13151e-05
7.27264e-05
7.33462e-05
7.21359e-05
6.93405e-05
6.76491e-05
6.94483e-05
7.47393e-05
6.77639e-05
5.72101e-05
2.04911e-05
8.77943e-06
3.52921e-05
4.75426e-05
5.61264e-05
6.21791e-05
6.55008e-05
6.72969e-05
6.87031e-05
7.09973e-05
7.37507e-05
7.55922e-05
7.61374e-05
7.47889e-05
7.20545e-05
6.86056e-05
6.77711e-05
7.22387e-05
7.13466e-05
6.05665e-05
2.10241e-05
8.05504e-06
3.49628e-05
4.74022e-05
5.60645e-05
6.19648e-05
6.52783e-05
6.71866e-05
6.89982e-05
7.16493e-05
7.46474e-05
7.64925e-05
7.68021e-05
7.57326e-05
7.34599e-05
7.03556e-05
6.8204e-05
7.0797e-05
7.31942e-05
6.38096e-05
2.13968e-05
7.29227e-06
3.30921e-05
4.60966e-05
5.50421e-05
6.11968e-05
6.4701e-05
6.67496e-05
6.84905e-05
7.05338e-05
7.30508e-05
7.50474e-05
7.5756e-05
7.50586e-05
7.35925e-05
7.1146e-05
6.88202e-05
7.03389e-05
7.47975e-05
6.62052e-05
2.15686e-05
6.63088e-06
3.06575e-05
4.48031e-05
5.36548e-05
5.99497e-05
6.39062e-05
6.56536e-05
6.7091e-05
6.92181e-05
7.11699e-05
7.24683e-05
7.30619e-05
7.31785e-05
7.29998e-05
7.12277e-05
6.89833e-05
6.99522e-05
7.57897e-05
6.80128e-05
2.16287e-05
5.90863e-06
2.69265e-05
4.16165e-05
5.12231e-05
5.77313e-05
6.22755e-05
6.41741e-05
6.58031e-05
6.70258e-05
6.81826e-05
6.90961e-05
6.99162e-05
7.02584e-05
7.09173e-05
7.10272e-05
6.9188e-05
6.90397e-05
7.59509e-05
6.87768e-05
2.15958e-05
5.2502e-06
2.41489e-05
3.86763e-05
4.86229e-05
5.49755e-05
6.00528e-05
6.27282e-05
6.38131e-05
6.46706e-05
6.54479e-05
6.61351e-05
6.72249e-05
6.78286e-05
6.9046e-05
7.01061e-05
6.95404e-05
6.8702e-05
7.51536e-05
6.8886e-05
2.14655e-05
4.47933e-06
1.97459e-05
3.37982e-05
4.4595e-05
5.14712e-05
5.7217e-05
6.06884e-05
6.18823e-05
6.25966e-05
6.31103e-05
6.37711e-05
6.48892e-05
6.5684e-05
6.71483e-05
6.85457e-05
6.87841e-05
6.76653e-05
7.39357e-05
6.65341e-05
2.11794e-05
3.72559e-06
1.7155e-05
3.05598e-05
4.12154e-05
4.86657e-05
5.41222e-05
5.79906e-05
5.96084e-05
6.05263e-05
6.08483e-05
6.17937e-05
6.22523e-05
6.3133e-05
6.43899e-05
6.54475e-05
6.69236e-05
6.50516e-05
7.06995e-05
6.36586e-05
2.04635e-05
2.83427e-06
1.24536e-05
2.51107e-05
3.7524e-05
4.52269e-05
5.01922e-05
5.44237e-05
5.64017e-05
5.72985e-05
5.75041e-05
5.80052e-05
5.82455e-05
5.8713e-05
5.93176e-05
5.97304e-05
6.32192e-05
6.1627e-05
6.61685e-05
5.84994e-05
1.93776e-05
1.89709e-06
1.11512e-05
2.41375e-05
3.46633e-05
4.29044e-05
4.61898e-05
4.98186e-05
5.18175e-05
5.24156e-05
5.22108e-05
5.20823e-05
5.19015e-05
5.20189e-05
5.3595e-05
5.41787e-05
5.91726e-05
6.25426e-05
6.12152e-05
4.99324e-05
1.77866e-05
2.23251e-06
1.30406e-05
2.35877e-05
3.08369e-05
3.72682e-05
4.05801e-05
4.31406e-05
4.4772e-05
4.67807e-05
4.83317e-05
5.03588e-05
5.21604e-05
5.54902e-05
5.91974e-05
6.3643e-05
6.97592e-05
6.63525e-05
5.99748e-05
4.3597e-05
1.55548e-05
1.60893e-06
2.57452e-06
4.79435e-06
6.88179e-06
8.60091e-06
9.70185e-06
1.03555e-05
1.07694e-05
1.099e-05
1.12011e-05
1.13233e-05
1.1568e-05
1.17677e-05
1.22046e-05
1.25182e-05
1.32108e-05
1.38918e-05
1.46503e-05
1.44992e-05
1.29682e-05
)
;

boundaryField
{
    movingWall
    {
        type            nutkWallFunction;
        Cmu             0.09;
        kappa           0.41;
        E               9.8;
        value           uniform 0;
    }
    fixedWalls
    {
        type            nutkWallFunction;
        Cmu             0.09;
        kappa           0.41;
        E               9.8;
        value           uniform 0;
    }
    frontAndBack
    {
        type            empty;
    }
}


// ************************************************************************* //
