/*--------------------------------*- C++ -*----------------------------------*\
  =========                 |
  \\      /  F ield         | OpenFOAM: The Open Source CFD Toolbox
   \\    /   O peration     | Website:  https://openfoam.org
    \\  /    A nd           | Version:  11
     \\/     M anipulation  |
\*---------------------------------------------------------------------------*/
FoamFile
{
    format      ascii;
    class       volScalarField;
    location    "6.5";
    object      p;
}
// * * * * * * * * * * * * * * * * * * * * * * * * * * * * * * * * * * * * * //

dimensions      [0 2 -2 0 0 0 0];

internalField   nonuniform List<scalar> 
400
(
-8.24911e-09
-6.36328e-05
-0.000137296
-0.000255144
-0.000905695
-0.00211864
-0.00359077
-0.00502336
-0.00619236
-0.00697666
-0.00728273
-0.0070284
-0.00618971
-0.00474467
-0.00268677
-0.00012725
0.00266012
0.00513141
0.00666529
0.00699102
5.71889e-05
-1.68523e-05
-0.000172286
-0.000648597
-0.00156364
-0.00287552
-0.00432597
-0.00569547
-0.00681884
-0.00758744
-0.00790776
-0.00773445
-0.00703805
-0.00575379
-0.00388267
-0.00148298
0.00122707
0.00380253
0.00564051
0.00637686
0.000224765
-5.23594e-05
-0.000558338
-0.00142882
-0.00266554
-0.0041032
-0.00555051
-0.00686589
-0.00794206
-0.008662
-0.00896502
-0.00882546
-0.00821564
-0.00712494
-0.00553465
-0.00346656
-0.001037
0.00147786
0.00360015
0.00467443
7.38289e-05
-0.000408628
-0.0013043
-0.0025701
-0.00406645
-0.00560495
-0.00704315
-0.00827579
-0.00921661
-0.00982318
-0.0100762
-0.00996156
-0.00945794
-0.00855514
-0.00724118
-0.00552268
-0.00345268
-0.00118248
0.000939208
0.00207922
-0.0005871
-0.0012431
-0.00241888
-0.00392223
-0.0055326
-0.00707575
-0.0084392
-0.00955135
-0.0103717
-0.0108881
-0.0110968
-0.0109956
-0.0105793
-0.00984432
-0.00878221
-0.00739234
-0.00569599
-0.0037656
-0.00183818
-0.00076364
-0.00173856
-0.00247691
-0.00375742
-0.00531039
-0.00690539
-0.00837592
-0.00963033
-0.0106233
-0.0113406
-0.0117822
-0.0119531
-0.0118607
-0.0115117
-0.0109104
-0.0100552
-0.00894347
-0.00758252
-0.00601032
-0.00445183
-0.00343676
-0.00310801
-0.00385682
-0.0051021
-0.00658979
-0.00809355
-0.0094534
-0.0105917
-0.0114777
-0.0121084
-0.0124903
-0.0126338
-0.0125504
-0.0122522
-0.0117507
-0.011052
-0.0101564
-0.00906928
-0.00781406
-0.00661343
-0.00571279
-0.00440567
-0.00511471
-0.00626514
-0.00764887
-0.00903815
-0.0102837
-0.0113177
-0.0121162
-0.0126804
-0.0130197
-0.0131458
-0.0130714
-0.0128104
-0.0123785
-0.0117899
-0.0110512
-0.0101718
-0.00916996
-0.0082662
-0.00747298
-0.00542779
-0.00609054
-0.00713375
-0.00841717
-0.00970241
-0.0108536
-0.0118087
-0.0125456
-0.0130657
-0.0133784
-0.0134949
-0.0134273
-0.0131895
-0.0127998
-0.0122795
-0.0116441
-0.010915
-0.0100891
-0.00940055
-0.00870479
-0.00609713
-0.00668515
-0.00764479
-0.00885798
-0.0100668
-0.0111567
-0.0120655
-0.0127695
-0.0132677
-0.0135678
-0.0136802
-0.0136156
-0.0133878
-0.0130161
-0.0125275
-0.0119449
-0.0113222
-0.0105865
-0.0100735
-0.00940639
-0.0063743
-0.00689067
-0.0077941
-0.00895902
-0.0101258
-0.0111906
-0.0120869
-0.0127861
-0.0132835
-0.0135844
-0.0136972
-0.0136318
-0.0134015
-0.0130264
-0.012538
-0.0119594
-0.0114125
-0.0106648
-0.0103267
-0.00958779
-0.00625111
-0.00672609
-0.00759009
-0.00872602
-0.00988444
-0.0109553
-0.0118693
-0.0125905
-0.0131078
-0.0134225
-0.0135409
-0.0134714
-0.0132271
-0.012829
-0.0123122
-0.0117189
-0.0111574
-0.010361
-0.0102127
-0.00923857
-0.00579856
-0.00625435
-0.00708674
-0.00818652
-0.00935564
-0.010456
-0.0114126
-0.0121798
-0.0127371
-0.0130793
-0.0132094
-0.0131339
-0.012866
-0.0124278
-0.0118601
-0.0112119
-0.0105829
-0.0097375
-0.00971428
-0.00837395
-0.00513013
-0.00555149
-0.006335
-0.00738178
-0.0085543
-0.00969748
-0.0107182
-0.0115546
-0.0121724
-0.0125576
-0.0127082
-0.0126279
-0.0123295
-0.0118371
-0.0111973
-0.0104596
-0.00973278
-0.00882625
-0.00880346
-0.00704679
-0.00439918
-0.00474405
-0.00541644
-0.00637136
-0.00752066
-0.00870738
-0.00980685
-0.010732
-0.0114304
-0.0118754
-0.0120584
-0.0119795
-0.0116492
-0.0110928
-0.0103632
-0.00950651
-0.00864973
-0.00762209
-0.0074737
-0.0053018
-0.00376227
-0.00393122
-0.00438992
-0.00519536
-0.00629621
-0.00752328
-0.00871237
-0.00974408
-0.0105433
-0.0110674
-0.0112992
-0.0112342
-0.0108848
-0.0102654
-0.00943426
-0.00842622
-0.00738247
-0.00613213
-0.00570957
-0.00293739
-0.00335804
-0.00321939
-0.00335229
-0.00395313
-0.00498229
-0.0062415
-0.00752404
-0.00867425
-0.0095914
-0.0102143
-0.0105162
-0.0104863
-0.0101376
-0.00946463
-0.00852354
-0.00731881
-0.00597959
-0.00432339
-0.00326838
0.000866398
-0.00317068
-0.00257785
-0.00233957
-0.00272513
-0.00367742
-0.00496082
-0.0063321
-0.00760747
-0.00865837
-0.00940144
-0.00979608
-0.00982078
-0.00948505
-0.00878249
-0.00773853
-0.00628675
-0.00450892
-0.0020691
0.000473143
0.00793893
-0.00313808
-0.00201479
-0.00152635
-0.00175524
-0.00264066
-0.00394346
-0.0053937
-0.00678134
-0.00795171
-0.00881058
-0.00930308
-0.0094087
-0.00911169
-0.00839333
-0.00721352
-0.00548888
-0.00311336
0.000866382
0.00671896
0.0196347
-0.00375684
-0.000750632
-0.000145413
-0.000554327
-0.00149993
-0.00285629
-0.00441002
-0.00591642
-0.00720255
-0.00815775
-0.00872704
-0.0088744
-0.00858148
-0.00782138
-0.00655716
-0.00461071
-0.00116992
0.00537148
0.0170539
0.0348812
)
;

boundaryField
{
    movingWall
    {
        type            zeroGradient;
    }
    fixedWalls
    {
        type            zeroGradient;
    }
    frontAndBack
    {
        type            empty;
    }
}


// ************************************************************************* //
