/*--------------------------------*- C++ -*----------------------------------*\
  =========                 |
  \\      /  F ield         | OpenFOAM: The Open Source CFD Toolbox
   \\    /   O peration     | Website:  https://openfoam.org
    \\  /    A nd           | Version:  11
     \\/     M anipulation  |
\*---------------------------------------------------------------------------*/
FoamFile
{
    format      ascii;
    class       surfaceScalarField;
    location    "6.5";
    object      phi;
}
// * * * * * * * * * * * * * * * * * * * * * * * * * * * * * * * * * * * * * //

dimensions      [0 3 -1 0 0 0 0];

internalField   nonuniform List<scalar> 
760
(
1.41534e-07
-1.41533e-07
-5.56443e-08
1.97179e-07
-7.51704e-07
6.9606e-07
-1.94436e-06
1.19266e-06
-3.28036e-06
1.336e-06
-4.47872e-06
1.19836e-06
-5.50089e-06
1.02217e-06
-6.3133e-06
8.12415e-07
-6.91609e-06
6.02789e-07
-7.32172e-06
4.05628e-07
-7.5448e-06
2.23082e-07
-7.58035e-06
3.55517e-08
-7.41593e-06
-1.64421e-07
-7.0516e-06
-3.6433e-07
-6.42499e-06
-6.26609e-07
-5.50525e-06
-9.19741e-07
-4.24126e-06
-1.26399e-06
-2.67262e-06
-1.56864e-06
-1.01835e-06
-1.65427e-06
-1.01835e-06
-2.91832e-07
1.50298e-07
-1.16616e-06
1.07151e-06
-2.44783e-06
1.97773e-06
-3.67385e-06
2.41868e-06
-4.68567e-06
2.34782e-06
-5.58428e-06
2.09697e-06
-6.31714e-06
1.75502e-06
-6.89617e-06
1.39145e-06
-7.33247e-06
1.03909e-06
-7.62472e-06
6.97883e-07
-7.75927e-06
3.57625e-07
-7.71906e-06
-4.65861e-09
-7.54335e-06
-3.40126e-07
-7.18345e-06
-7.24229e-07
-6.63033e-06
-1.17973e-06
-5.83884e-06
-1.71123e-06
-4.76821e-06
-2.33463e-06
-3.35921e-06
-2.97763e-06
-1.64695e-06
-3.36654e-06
-2.66529e-06
-8.82614e-07
1.03291e-06
-2.1087e-06
2.2976e-06
-3.22825e-06
3.09728e-06
-4.1421e-06
3.33253e-06
-4.91262e-06
3.11833e-06
-5.55067e-06
2.73503e-06
-6.05344e-06
2.25779e-06
-6.41522e-06
1.75323e-06
-6.64961e-06
1.27348e-06
-6.7602e-06
8.08467e-07
-6.76715e-06
3.64581e-07
-6.69077e-06
-8.10434e-08
-6.50315e-06
-5.27745e-07
-6.19625e-06
-1.03113e-06
-5.75503e-06
-1.62095e-06
-5.14243e-06
-2.32384e-06
-4.32194e-06
-3.15511e-06
-3.22689e-06
-4.07268e-06
-1.78144e-06
-4.81199e-06
-4.44673e-06
-1.12792e-06
2.16083e-06
-2.27086e-06
3.44054e-06
-3.20167e-06
4.02809e-06
-3.91107e-06
4.04193e-06
-4.47042e-06
3.67768e-06
-4.89293e-06
3.15753e-06
-5.19303e-06
2.55789e-06
-5.39463e-06
1.95483e-06
-5.50732e-06
1.38617e-06
-5.54687e-06
8.48021e-07
-5.51679e-06
3.34493e-07
-5.42267e-06
-1.75163e-07
-5.25051e-06
-6.99906e-07
-4.99915e-06
-1.28248e-06
-4.65824e-06
-1.96186e-06
-4.20145e-06
-2.78063e-06
-3.58991e-06
-3.76665e-06
-2.76003e-06
-4.90256e-06
-1.58327e-06
-5.98876e-06
-6.03e-06
-1.08535e-06
3.24618e-06
-2.056e-06
4.41118e-06
-2.80336e-06
4.77546e-06
-3.35435e-06
4.59291e-06
-3.75886e-06
4.08219e-06
-4.03919e-06
3.43786e-06
-4.2241e-06
2.74281e-06
-4.33729e-06
2.06802e-06
-4.38729e-06
1.43617e-06
-4.38309e-06
8.43818e-07
-4.32755e-06
2.78953e-07
-4.22385e-06
-2.78863e-07
-4.06891e-06
-8.54845e-07
-3.86502e-06
-1.48637e-06
-3.6077e-06
-2.21918e-06
-3.27997e-06
-3.10836e-06
-2.84262e-06
-4.20399e-06
-2.22535e-06
-5.51984e-06
-1.32313e-06
-6.89098e-06
-7.35312e-06
-9.03418e-07
4.1496e-06
-1.67676e-06
5.18452e-06
-2.26218e-06
5.36088e-06
-2.68437e-06
5.0151e-06
-2.97875e-06
4.37657e-06
-3.17211e-06
3.63122e-06
-3.293e-06
2.86371e-06
-3.359e-06
2.13402e-06
-3.37843e-06
1.4556e-06
-3.3567e-06
8.22086e-07
-3.29614e-06
2.18388e-07
-3.19823e-06
-3.7677e-07
-3.06407e-06
-9.89007e-07
-2.89762e-06
-1.65281e-06
-2.70131e-06
-2.4155e-06
-2.46967e-06
-3.33999e-06
-2.18045e-06
-4.49322e-06
-1.76283e-06
-5.93746e-06
-1.06779e-06
-7.58602e-06
-8.42091e-06
-6.87213e-07
4.83681e-06
-1.25896e-06
5.75627e-06
-1.69492e-06
5.79684e-06
-2.00488e-06
5.32505e-06
-2.21824e-06
4.58994e-06
-2.35671e-06
3.76968e-06
-2.44216e-06
2.94916e-06
-2.48696e-06
2.17882e-06
-2.49797e-06
1.46661e-06
-2.47863e-06
8.02738e-07
-2.42939e-06
1.69152e-07
-2.34979e-06
-4.5637e-07
-2.24064e-06
-1.09816e-06
-2.10711e-06
-1.78635e-06
-1.95755e-06
-2.56506e-06
-1.79512e-06
-3.50242e-06
-1.60652e-06
-4.68182e-06
-1.33271e-06
-6.21128e-06
-8.75583e-07
-8.04314e-06
-9.29649e-06
-4.47659e-07
5.28447e-06
-8.45223e-07
6.15383e-06
-1.1444e-06
6.09602e-06
-1.35877e-06
5.53942e-06
-1.50876e-06
4.73993e-06
-1.60916e-06
3.87008e-06
-1.67442e-06
3.01441e-06
-1.712e-06
2.2164e-06
-1.72623e-06
1.48084e-06
-1.71856e-06
7.95072e-07
-1.68793e-06
1.38518e-07
-1.63281e-06
-5.11484e-07
-1.55318e-06
-1.17778e-06
-1.45396e-06
-1.88557e-06
-1.34715e-06
-2.67186e-06
-1.24454e-06
-3.60503e-06
-1.13941e-06
-4.78695e-06
-9.8026e-07
-6.37043e-06
-6.79457e-07
-8.34395e-06
-9.97595e-06
-2.39123e-07
5.52359e-06
-4.58882e-07
6.37359e-06
-6.27001e-07
6.26414e-06
-7.56116e-07
5.66853e-06
-8.51338e-07
4.83515e-06
-9.20763e-07
3.93951e-06
-9.71409e-07
3.06506e-06
-1.00606e-06
2.25105e-06
-1.02624e-06
1.50102e-06
-1.03177e-06
8.00605e-07
-1.02109e-06
1.27839e-07
-9.92586e-07
-5.39988e-07
-9.46292e-07
-1.22408e-06
-8.86699e-07
-1.94516e-06
-8.26052e-07
-2.73251e-06
-7.80617e-07
-3.65047e-06
-7.51282e-07
-4.81628e-06
-6.93754e-07
-6.42796e-06
-5.44314e-07
-8.49339e-06
-1.05203e-05
-2.32414e-08
5.54683e-06
-9.59037e-08
6.44626e-06
-1.49403e-07
6.31764e-06
-1.94536e-07
5.71367e-06
-2.34628e-07
4.87524e-06
-2.72159e-07
3.97704e-06
-3.07078e-07
3.09998e-06
-3.37371e-07
2.28135e-06
-3.61716e-07
1.52536e-06
-3.78949e-07
8.17838e-07
-3.87831e-07
1.36721e-07
-3.874e-07
-5.40419e-07
-3.78061e-07
-1.23342e-06
-3.63889e-07
-1.95934e-06
-3.56642e-07
-2.73976e-06
-3.69296e-07
-3.63781e-06
-4.22948e-07
-4.76263e-06
-4.57777e-07
-6.39313e-06
-4.15595e-07
-8.53557e-06
-1.09359e-05
1.7433e-07
5.3725e-06
2.61962e-07
6.35862e-06
3.28967e-07
6.25063e-06
3.54362e-07
5.68827e-06
3.64227e-07
4.86538e-06
3.5932e-07
3.98195e-06
3.43561e-07
3.11574e-06
3.21557e-07
2.30335e-06
2.96379e-07
1.55054e-06
2.69638e-07
8.44579e-07
2.41842e-07
1.64517e-07
2.12893e-07
-5.11469e-07
1.81733e-07
-1.20226e-06
1.4509e-07
-1.92269e-06
9.32705e-08
-2.68794e-06
-3.53657e-09
-3.54101e-06
-1.17179e-07
-4.64899e-06
-2.57157e-07
-6.25315e-06
-3.28773e-07
-8.46395e-06
-1.12646e-05
3.60864e-07
5.01164e-06
5.96065e-07
6.12342e-06
7.74974e-07
6.07172e-06
8.84736e-07
5.57851e-06
9.53398e-07
4.79672e-06
9.89345e-07
3.946e-06
1.0002e-06
3.10489e-06
9.92673e-07
2.31087e-06
9.71162e-07
1.57205e-06
9.37575e-07
8.78166e-07
8.91518e-07
2.10574e-07
8.31675e-07
-4.51626e-07
7.55886e-07
-1.12647e-06
6.61057e-07
-1.82786e-06
5.38877e-07
-2.56576e-06
3.81182e-07
-3.38331e-06
1.67084e-07
-4.43489e-06
-8.50788e-08
-6.00099e-06
-2.34906e-07
-8.31413e-06
-1.14995e-05
5.41432e-07
4.47021e-06
9.20955e-07
5.7439e-06
1.20652e-06
5.78616e-06
1.40605e-06
5.37898e-06
1.54176e-06
4.661e-06
1.62865e-06
3.85912e-06
1.67602e-06
3.05751e-06
1.69137e-06
2.29552e-06
1.6798e-06
1.58362e-06
1.64334e-06
9.1463e-07
1.5806e-06
2.73313e-07
1.48934e-06
-3.6037e-07
1.36602e-06
-1.00315e-06
1.20721e-06
-1.66905e-06
1.00874e-06
-2.36729e-06
7.62986e-07
-3.13756e-06
4.44646e-07
-4.11655e-06
9.45704e-08
-5.65091e-06
-1.2971e-07
-8.08984e-06
-1.16292e-05
6.92926e-07
3.77728e-06
1.20257e-06
5.23426e-06
1.59263e-06
5.3961e-06
1.89916e-06
5.07245e-06
2.12108e-06
4.43908e-06
2.27591e-06
3.70428e-06
2.37437e-06
2.95905e-06
2.42463e-06
2.24526e-06
2.43203e-06
1.57622e-06
2.39862e-06
9.48044e-07
2.32222e-06
3.49706e-07
2.1994e-06
-2.37548e-07
2.02655e-06
-8.3029e-07
1.7992e-06
-1.4417e-06
1.5152e-06
-2.08329e-06
1.17182e-06
-2.79418e-06
7.51979e-07
-3.69671e-06
3.24284e-07
-5.22322e-06
3.39785e-08
-7.79954e-06
-1.15953e-05
8.14561e-07
2.96272e-06
1.43727e-06
4.61155e-06
1.93885e-06
4.89452e-06
2.36104e-06
4.65026e-06
2.68692e-06
4.11321e-06
2.927e-06
3.4642e-06
3.09185e-06
2.79421e-06
3.19004e-06
2.14707e-06
3.22678e-06
1.53948e-06
3.20416e-06
9.70669e-07
3.11966e-06
4.34206e-07
2.96664e-06
-8.45331e-08
2.74434e-06
-6.07991e-07
2.44648e-06
-1.14384e-06
2.07146e-06
-1.70827e-06
1.62501e-06
-2.34772e-06
1.09731e-06
-3.16901e-06
5.72776e-07
-4.69868e-06
1.6603e-07
-7.39279e-06
-1.14292e-05
8.09968e-07
2.15275e-06
1.52442e-06
3.8971e-06
2.16178e-06
4.25717e-06
2.7223e-06
4.08974e-06
3.18143e-06
3.65408e-06
3.53594e-06
3.10969e-06
3.79266e-06
2.53748e-06
3.95957e-06
1.98016e-06
4.04164e-06
1.45741e-06
4.04132e-06
9.70979e-07
3.95723e-06
5.18296e-07
3.78542e-06
8.72806e-08
3.51793e-06
-3.40496e-07
3.15529e-06
-7.81203e-07
2.69293e-06
-1.24591e-06
2.14627e-06
-1.80106e-06
1.5103e-06
-2.53304e-06
8.7866e-07
-4.06704e-06
3.55619e-07
-6.86975e-06
-1.10736e-05
7.03268e-07
1.44948e-06
1.4932e-06
3.10716e-06
2.27959e-06
3.47078e-06
2.99143e-06
3.3779e-06
3.59641e-06
3.0491e-06
4.08325e-06
2.62285e-06
4.44918e-06
2.17155e-06
4.69943e-06
1.72991e-06
4.83958e-06
1.31726e-06
4.87337e-06
9.37182e-07
4.80315e-06
5.88523e-07
4.63026e-06
2.60172e-07
4.33822e-06
-4.84596e-08
3.94111e-06
-3.84091e-07
3.42106e-06
-7.25861e-07
2.79848e-06
-1.17849e-06
2.07946e-06
-1.81402e-06
1.33775e-06
-3.32533e-06
6.32777e-07
-6.16478e-06
-1.04408e-05
1.90115e-07
1.25937e-06
1.08924e-06
2.20804e-06
2.05867e-06
2.50135e-06
2.96858e-06
2.46799e-06
3.75866e-06
2.25901e-06
4.40934e-06
1.97217e-06
4.9175e-06
1.66339e-06
5.28415e-06
1.36326e-06
5.51802e-06
1.08339e-06
5.62594e-06
8.2926e-07
5.61472e-06
5.99748e-07
5.4901e-06
3.84786e-07
5.25596e-06
1.85681e-07
4.91311e-06
-4.12403e-08
4.42494e-06
-2.37687e-07
3.81954e-06
-5.73091e-07
3.07401e-06
-1.06848e-06
2.2458e-06
-2.49712e-06
1.16861e-06
-5.08759e-06
-9.27223e-06
-5.81287e-07
1.84066e-06
4.13511e-07
1.21324e-06
1.67633e-06
1.23853e-06
2.85569e-06
1.28863e-06
3.87755e-06
1.23716e-06
4.73631e-06
1.11341e-06
5.43724e-06
9.62459e-07
5.97644e-06
8.24063e-07
6.37249e-06
6.87334e-07
6.62979e-06
5.71966e-07
6.77351e-06
4.56031e-07
6.79819e-06
3.60104e-07
6.72555e-06
2.58323e-07
6.52185e-06
1.62459e-07
6.23004e-06
5.41217e-08
5.81941e-06
-1.62462e-07
5.22755e-06
-4.7662e-07
4.36619e-06
-1.63577e-06
2.59229e-06
-3.3137e-06
-6.67994e-06
1.84066e-06
3.0539e-06
4.29243e-06
5.58106e-06
6.81822e-06
7.93162e-06
8.89408e-06
9.71814e-06
1.04055e-05
1.09774e-05
1.14335e-05
1.17936e-05
1.20519e-05
1.22144e-05
1.22685e-05
1.2106e-05
1.16294e-05
9.99364e-06
6.67994e-06
)
;

boundaryField
{
    movingWall
    {
        type            calculated;
        value           uniform 0;
    }
    fixedWalls
    {
        type            calculated;
        value           uniform 0;
    }
    frontAndBack
    {
        type            empty;
    }
}


// ************************************************************************* //
