/*--------------------------------*- C++ -*----------------------------------*\
  =========                 |
  \\      /  F ield         | OpenFOAM: The Open Source CFD Toolbox
   \\    /   O peration     | Website:  https://openfoam.org
    \\  /    A nd           | Version:  11
     \\/     M anipulation  |
\*---------------------------------------------------------------------------*/
FoamFile
{
    format      ascii;
    class       volVectorField;
    location    "6.5";
    object      U;
}
// * * * * * * * * * * * * * * * * * * * * * * * * * * * * * * * * * * * * * //

dimensions      [0 1 -1 0 0 0 0];

internalField   nonuniform List<vector> 
400
(
(0.00206467 -0.00255777 0)
(0.00324378 -0.000728235 0)
(-0.00530253 0.00281574 0)
(-0.0222608 0.00927552 0)
(-0.0546933 0.0138518 0)
(-0.0800645 0.011799 0)
(-0.102977 0.0103203 0)
(-0.120441 0.00794312 0)
(-0.134307 0.00614203 0)
(-0.143932 0.0039552 0)
(-0.149832 0.00223668 0)
(-0.152242 0.000405215 0)
(-0.151435 -0.00244183 0)
(-0.145293 -0.00459696 0)
(-0.135035 -0.00777856 0)
(-0.118433 -0.0106842 0)
(-0.0962021 -0.0139666 0)
(-0.0677442 -0.0159181 0)
(-0.0361735 -0.0144017 0)
(-0.00849254 -0.00403453 0)
(-0.00123939 -0.00346747 0)
(-0.0102917 0.00927143 0)
(-0.0343311 0.0269143 0)
(-0.061862 0.0383123 0)
(-0.085739 0.0376128 0)
(-0.104842 0.0339429 0)
(-0.121261 0.0287155 0)
(-0.133314 0.0232283 0)
(-0.143637 0.0169842 0)
(-0.150608 0.0113933 0)
(-0.154871 0.0059477 0)
(-0.155833 0.000568696 0)
(-0.153616 -0.0053488 0)
(-0.148088 -0.0119202 0)
(-0.138661 -0.0199512 0)
(-0.124496 -0.029236 0)
(-0.105265 -0.0398445 0)
(-0.0806344 -0.0494046 0)
(-0.0503118 -0.0520885 0)
(-0.0184 -0.033912 0)
(-0.00712671 0.0105708 0)
(-0.0288726 0.0355402 0)
(-0.053795 0.0523223 0)
(-0.0752139 0.0579516 0)
(-0.092376 0.0546738 0)
(-0.106158 0.0481009 0)
(-0.117328 0.0396784 0)
(-0.125766 0.0307809 0)
(-0.131762 0.0227808 0)
(-0.134717 0.0148402 0)
(-0.135911 0.00703222 0)
(-0.135025 -0.000929072 0)
(-0.132698 -0.00930318 0)
(-0.127595 -0.0185324 0)
(-0.120063 -0.029357 0)
(-0.109136 -0.0422349 0)
(-0.0943183 -0.057472 0)
(-0.0749718 -0.0741037 0)
(-0.0495 -0.0862493 0)
(-0.021241 -0.0750895 0)
(-0.0111914 0.0324587 0)
(-0.0348314 0.0582568 0)
(-0.0566071 0.0717258 0)
(-0.0729505 0.0737043 0)
(-0.0853078 0.067957 0)
(-0.094848 0.0589611 0)
(-0.101821 0.0482067 0)
(-0.106639 0.0372139 0)
(-0.109506 0.0266371 0)
(-0.110944 0.0164891 0)
(-0.111044 0.00686747 0)
(-0.109797 -0.00271593 0)
(-0.107192 -0.0127223 0)
(-0.102926 -0.0238757 0)
(-0.0969885 -0.0368804 0)
(-0.0889152 -0.0524722 0)
(-0.0779498 -0.0710557 0)
(-0.0631189 -0.0919681 0)
(-0.0424131 -0.11073 0)
(-0.0193296 -0.108736 0)
(-0.0115143 0.053578 0)
(-0.0332169 0.0782721 0)
(-0.0507713 0.0878053 0)
(-0.0632843 0.0862634 0)
(-0.0724086 0.0777313 0)
(-0.0789159 0.0661827 0)
(-0.0832497 0.0532599 0)
(-0.086041 0.0404511 0)
(-0.0875456 0.0283273 0)
(-0.0879722 0.0169404 0)
(-0.0873667 0.00611131 0)
(-0.0857749 -0.00460417 0)
(-0.0832063 -0.0157133 0)
(-0.0796162 -0.0279876 0)
(-0.0749915 -0.0423177 0)
(-0.0691539 -0.0597111 0)
(-0.061492 -0.081017 0)
(-0.0505455 -0.106229 0)
(-0.0342814 -0.131329 0)
(-0.0170724 -0.136886 0)
(-0.00983808 0.073088 0)
(-0.0277985 0.0955175 0)
(-0.041268 0.101079 0)
(-0.0510147 0.0960846 0)
(-0.0576897 0.084748 0)
(-0.0621976 0.0708964 0)
(-0.0650451 0.0562552 0)
(-0.0667863 0.0421614 0)
(-0.0675721 0.029004 0)
(-0.0675222 0.0166975 0)
(-0.0666868 0.00496454 0)
(-0.0651035 -0.00659945 0)
(-0.062791 -0.0185046 0)
(-0.0597848 -0.0314913 0)
(-0.0561433 -0.0465167 0)
(-0.0518534 -0.0647747 0)
(-0.0466514 -0.0874809 0)
(-0.0390935 -0.11543 0)
(-0.0286299 -0.146585 0)
(-0.0116836 -0.159804 0)
(-0.00804069 0.0893766 0)
(-0.0209899 0.10913 0)
(-0.0310886 0.111523 0)
(-0.0383071 0.103492 0)
(-0.0430696 0.0898084 0)
(-0.0462565 0.0741524 0)
(-0.0482516 0.0582485 0)
(-0.0494572 0.0432129 0)
(-0.0499661 0.0292637 0)
(-0.0498699 0.0162425 0)
(-0.0491828 0.00382334 0)
(-0.0478972 -0.00841861 0)
(-0.0460075 -0.0209816 0)
(-0.0435707 -0.0345169 0)
(-0.0407146 -0.0499689 0)
(-0.0375482 -0.0686712 0)
(-0.0340846 -0.0921201 0)
(-0.0288408 -0.122117 0)
(-0.0230173 -0.157344 0)
(-0.0094297 -0.178559 0)
(-0.0052544 0.101239 0)
(-0.0139815 0.119356 0)
(-0.0211382 0.119215 0)
(-0.0260637 0.108862 0)
(-0.0293074 0.0934752 0)
(-0.0315449 0.0765271 0)
(-0.0330063 0.059722 0)
(-0.0339585 0.0439951 0)
(-0.0344447 0.0294721 0)
(-0.0345103 0.0159307 0)
(-0.0341343 0.0029859 0)
(-0.0332784 -0.00980587 0)
(-0.0319187 -0.0229139 0)
(-0.0301058 -0.0368865 0)
(-0.0280058 -0.0525485 0)
(-0.0258135 -0.0712998 0)
(-0.0238325 -0.0949595 0)
(-0.0205343 -0.126231 0)
(-0.0185571 -0.164461 0)
(-0.00610759 -0.193489 0)
(-0.00317148 0.108718 0)
(-0.00744201 0.125622 0)
(-0.0117404 0.123972 0)
(-0.0145597 0.112375 0)
(-0.0165113 0.0959553 0)
(-0.0179721 0.0782247 0)
(-0.0190242 0.0608629 0)
(-0.0198185 0.0446913 0)
(-0.0203483 0.029791 0)
(-0.0206119 0.0158883 0)
(-0.0205689 0.00255466 0)
(-0.0201741 -0.0106638 0)
(-0.0194019 -0.024203 0)
(-0.0183027 -0.0385165 0)
(-0.0170559 -0.0542669 0)
(-0.0158368 -0.0728218 0)
(-0.0154112 -0.0963427 0)
(-0.0135026 -0.128455 0)
(-0.0150412 -0.168816 0)
(-0.0044001 -0.205568 0)
(5.50961e-05 0.111635 0)
(-0.00128658 0.129198 0)
(-0.00296096 0.126548 0)
(-0.00375917 0.11425 0)
(-0.00450893 0.0974035 0)
(-0.00520441 0.0793369 0)
(-0.00583777 0.061731 0)
(-0.00644905 0.0453405 0)
(-0.00698467 0.030233 0)
(-0.00740716 0.0161127 0)
(-0.00767259 0.00253214 0)
(-0.00774817 -0.0109647 0)
(-0.00762132 -0.0247824 0)
(-0.0073336 -0.0392914 0)
(-0.00707433 -0.0549945 0)
(-0.00688304 -0.0731462 0)
(-0.00828738 -0.0961584 0)
(-0.00741081 -0.128633 0)
(-0.0122675 -0.170567 0)
(-0.00208399 -0.21507 0)
(0.00212236 0.110148 0)
(0.00429834 0.128917 0)
(0.00554863 0.126263 0)
(0.00659559 0.114355 0)
(0.00702539 0.0976512 0)
(0.00715484 0.0797482 0)
(0.00702519 0.0622423 0)
(0.00668427 0.0458761 0)
(0.00622167 0.0307414 0)
(0.00569944 0.0165622 0)
(0.00515652 0.00290368 0)
(0.00460567 -0.0106815 0)
(0.00403335 -0.0245758 0)
(0.00340761 -0.0390895 0)
(0.00252526 -0.0545787 0)
(0.00157834 -0.0721186 0)
(-0.00184271 -0.0945594 0)
(-0.00179267 -0.126812 0)
(-0.0102336 -0.17042 0)
(-0.000457388 -0.222508 0)
(0.00404253 0.105724 0)
(0.00976258 0.126233 0)
(0.0132995 0.124286 0)
(0.0163968 0.113432 0)
(0.0182632 0.0970801 0)
(0.0193804 0.0795728 0)
(0.0199249 0.0623867 0)
(0.0199988 0.0462367 0)
(0.0197229 0.0312543 0)
(0.0191775 0.0171991 0)
(0.0183935 0.00366488 0)
(0.0173661 -0.00977898 0)
(0.0160488 -0.0235035 0)
(0.014423 -0.0377857 0)
(0.0122926 -0.0528609 0)
(0.00984935 -0.0696081 0)
(0.00437834 -0.0911968 0)
(0.00381531 -0.12286 0)
(-0.00869806 -0.168264 0)
(0.00200757 -0.227836 0)
(0.00609371 0.0967126 0)
(0.0148234 0.119701 0)
(0.0210954 0.119063 0)
(0.0258546 0.110083 0)
(0.0294057 0.0949226 0)
(0.0316907 0.0783108 0)
(0.0331002 0.061823 0)
(0.0337774 0.0462033 0)
(0.0338415 0.0316376 0)
(0.0333795 0.0179503 0)
(0.0324099 0.00479588 0)
(0.0309202 -0.00822569 0)
(0.0288201 -0.0214715 0)
(0.026111 -0.035223 0)
(0.0225158 -0.0496483 0)
(0.0184511 -0.065558 0)
(0.0109095 -0.085869 0)
(0.00938375 -0.116935 0)
(-0.00749404 -0.164536 0)
(0.00482045 -0.231336 0)
(0.0078236 0.0846545 0)
(0.0192089 0.111819 0)
(0.0279348 0.113259 0)
(0.0346472 0.105632 0)
(0.0401289 0.0918833 0)
(0.0439698 0.0762905 0)
(0.046572 0.0606503 0)
(0.0481261 0.0457591 0)
(0.0487468 0.0318383 0)
(0.048523 0.0187705 0)
(0.0474579 0.00627564 0)
(0.0455401 -0.00601534 0)
(0.042625 -0.0184277 0)
(0.038783 -0.0312766 0)
(0.0335418 -0.0447534 0)
(0.0277754 -0.05961 0)
(0.0179971 -0.0784711 0)
(0.0152144 -0.109145 0)
(-0.00597602 -0.159123 0)
(0.00900871 -0.23311 0)
(0.00926795 0.0689067 0)
(0.0230224 0.0990362 0)
(0.033888 0.103296 0)
(0.042789 0.0976791 0)
(0.0503422 0.0860719 0)
(0.0561092 0.0722115 0)
(0.0602583 0.0579962 0)
(0.0629817 0.0443121 0)
(0.0644006 0.0314658 0)
(0.0646018 0.0194119 0)
(0.0635731 0.00796252 0)
(0.061305 -0.0032305 0)
(0.0575702 -0.0143815 0)
(0.0526091 -0.0259003 0)
(0.0455953 -0.0380386 0)
(0.0381202 -0.051624 0)
(0.0257937 -0.0690362 0)
(0.0216892 -0.0997389 0)
(-0.00388449 -0.153005 0)
(0.0141201 -0.233669 0)
(0.00909925 0.0517023 0)
(0.0244414 0.0870648 0)
(0.0372522 0.0936895 0)
(0.0486144 0.0893666 0)
(0.0587946 0.0793962 0)
(0.0670857 0.0671805 0)
(0.073352 0.0544944 0)
(0.0777191 0.0422212 0)
(0.0803017 0.0307122 0)
(0.081218 0.0199735 0)
(0.0804034 0.00989781 0)
(0.0779979 0.000160591 0)
(0.0735462 -0.00934093 0)
(0.0676356 -0.0191413 0)
(0.0588525 -0.029525 0)
(0.0498595 -0.0415807 0)
(0.0348267 -0.0573697 0)
(0.029599 -0.088478 0)
(-0.000952996 -0.144647 0)
(0.0209307 -0.232364 0)
(0.00703478 0.0339004 0)
(0.0232835 0.0681241 0)
(0.0382397 0.0771024 0)
(0.0524052 0.075107 0)
(0.0654675 0.0677078 0)
(0.076618 0.0580765 0)
(0.0853697 0.0477561 0)
(0.0917159 0.0376621 0)
(0.0957206 0.0282185 0)
(0.097623 0.0194667 0)
(0.0972218 0.0113655 0)
(0.0950259 0.00363055 0)
(0.0901371 -0.00384631 0)
(0.0838746 -0.011514 0)
(0.0737998 -0.0195862 0)
(0.0640294 -0.0297438 0)
(0.0465899 -0.043448 0)
(0.0407565 -0.0751523 0)
(0.00423546 -0.13458 0)
(0.030155 -0.225764 0)
(-0.00429581 0.0231498 0)
(0.0137221 0.056448 0)
(0.0317502 0.0637068 0)
(0.0498989 0.0622323 0)
(0.0668087 0.0563613 0)
(0.0814646 0.0488124 0)
(0.0932733 0.0409231 0)
(0.102249 0.0331297 0)
(0.108339 0.0258102 0)
(0.111994 0.0191309 0)
(0.112838 0.0130794 0)
(0.111847 0.00748708 0)
(0.107703 0.00228107 0)
(0.102779 -0.00303284 0)
(0.0931359 -0.00863672 0)
(0.0845468 -0.0163896 0)
(0.0659382 -0.0281324 0)
(0.0602235 -0.0594387 0)
(0.0172046 -0.119355 0)
(0.0457191 -0.204296 0)
(-0.0150489 0.0301372 0)
(-0.00406639 0.027092 0)
(0.0211497 0.0316955 0)
(0.0453145 0.0332248 0)
(0.0670318 0.031468 0)
(0.0858981 0.0278501 0)
(0.101716 0.0236525 0)
(0.11433 0.0196462 0)
(0.123802 0.0159345 0)
(0.130544 0.0125233 0)
(0.134442 0.00947493 0)
(0.136341 0.00653647 0)
(0.135401 0.0040425 0)
(0.133243 0.000801343 0)
(0.126929 -0.00199829 0)
(0.121465 -0.00786782 0)
(0.106077 -0.0171088 0)
(0.101343 -0.044521 0)
(0.0566251 -0.0925669 0)
(0.0773975 -0.156244 0)
(0.0400302 0.0380391 0)
(0.0459123 0.0273474 0)
(0.0695466 0.0238727 0)
(0.0980814 0.023522 0)
(0.123469 0.0227218 0)
(0.146497 0.0210125 0)
(0.167511 0.0186689 0)
(0.185656 0.0166482 0)
(0.201216 0.0144236 0)
(0.213976 0.0128559 0)
(0.224418 0.0109319 0)
(0.232547 0.00981421 0)
(0.238638 0.00800779 0)
(0.242676 0.00715195 0)
(0.244739 0.00500473 0)
(0.243173 0.00278019 0)
(0.235569 0.00204804 0)
(0.221234 -0.00932722 0)
(0.172488 -0.01284 0)
(0.145811 -0.0639886 0)
)
;

boundaryField
{
    movingWall
    {
        type            fixedValue;
        value           uniform (1 0 0);
    }
    fixedWalls
    {
        type            noSlip;
    }
    frontAndBack
    {
        type            empty;
    }
}


// ************************************************************************* //
