/*--------------------------------*- C++ -*----------------------------------*\
  =========                 |
  \\      /  F ield         | OpenFOAM: The Open Source CFD Toolbox
   \\    /   O peration     | Website:  https://openfoam.org
    \\  /    A nd           | Version:  11
     \\/     M anipulation  |
\*---------------------------------------------------------------------------*/
FoamFile
{
    format      ascii;
    class       volScalarField;
    location    "2";
    object      epsilon;
}
// * * * * * * * * * * * * * * * * * * * * * * * * * * * * * * * * * * * * * //

dimensions      [0 2 -3 0 0 0 0];

internalField   nonuniform List<scalar> 
400
(
5.56115e-05
0.000121105
0.000173402
0.000205297
0.00022436
0.000236987
0.000247799
0.000259637
0.000273705
0.000290599
0.000312647
0.000346152
0.000399871
0.000479236
0.000584794
0.000638106
0.00065223
0.000519813
0.000242293
0.000117546
0.000127671
0.000132961
0.000173103
0.000202664
0.000224082
0.000241708
0.000258643
0.000276395
0.000296243
0.00032193
0.000362925
0.00043676
0.000567574
0.000771936
0.00102111
0.00123414
0.00132932
0.00133226
0.000918581
0.000571295
0.000228149
0.000176798
0.00020554
0.000235424
0.000259938
0.000281625
0.000302745
0.000324402
0.000350146
0.000391681
0.000473388
0.000630129
0.000887924
0.00122873
0.0015929
0.00192772
0.00216447
0.00225277
0.00208447
0.00160638
0.000313023
0.000219658
0.000240186
0.000269868
0.000297651
0.000324166
0.000351141
0.000381277
0.000422715
0.000495131
0.000631303
0.000863939
0.00119366
0.00156901
0.0019255
0.00225431
0.0025676
0.00272109
0.0027304
0.00254208
0.000380183
0.000253783
0.000266865
0.000295596
0.00032555
0.00035653
0.000390513
0.000431735
0.000490962
0.000590041
0.000759602
0.00102098
0.00135709
0.00171247
0.00204869
0.00238745
0.00272853
0.00295108
0.0030118
0.00302725
0.000430674
0.000279471
0.000286278
0.000313635
0.000344803
0.000379191
0.000419093
0.000469246
0.000539994
0.000650363
0.000825058
0.00107828
0.00139817
0.00173972
0.00207991
0.00245664
0.00286232
0.00318561
0.00331378
0.00344144
0.000466562
0.000297709
0.000299381
0.000325049
0.000356533
0.000392863
0.000436273
0.000490836
0.00056389
0.000667048
0.000821688
0.00105687
0.00136154
0.00169442
0.00205162
0.00248293
0.00301226
0.00346358
0.00364567
0.0037838
0.00049005
0.000309617
0.00030732
0.0003309
0.000361758
0.000398294
0.000442222
0.000496008
0.000563238
0.00065607
0.00079332
0.000996997
0.0012721
0.00159062
0.0019657
0.00246886
0.00314063
0.00377386
0.00400539
0.00405247
0.000503343
0.000316797
0.000311122
0.00033205
0.000361216
0.00039675
0.000439561
0.000491198
0.000553149
0.000628977
0.000734457
0.000898059
0.00113771
0.0014399
0.00182853
0.00239577
0.00321013
0.00411148
0.00447655
0.00428899
0.000508684
0.000320529
0.0003118
0.000330484
0.00035814
0.000391879
0.000432223
0.000479429
0.000532359
0.000591862
0.000668632
0.000790605
0.00098738
0.00126378
0.00165744
0.00228069
0.00323231
0.00440707
0.00498636
0.00446016
0.000507711
0.000321786
0.000310752
0.000326883
0.000352018
0.00038324
0.000420359
0.000462812
0.000508507
0.000555748
0.000609902
0.000693377
0.000842477
0.00108285
0.00146864
0.00213172
0.00321317
0.00463848
0.00552449
0.00459306
0.000504654
0.000321457
0.000308514
0.000322102
0.000344825
0.000373481
0.000407417
0.000445599
0.000485491
0.000524129
0.000562889
0.000617054
0.000720471
0.000916033
0.00127642
0.00194829
0.00311123
0.00476218
0.0060603
0.00467037
0.000499319
0.000320298
0.000305631
0.000317309
0.000338112
0.000364691
0.000396028
0.000430742
0.00046616
0.000498874
0.000528018
0.000562776
0.000631229
0.000779117
0.00109392
0.00173734
0.00293977
0.00480555
0.00655053
0.00470638
0.000496945
0.000318434
0.000303498
0.00031483
0.00033541
0.000361705
0.000392366
0.000425686
0.000458828
0.000488179
0.000511547
0.000533679
0.00057746
0.000684712
0.000942092
0.00151566
0.00270327
0.00477013
0.00689084
0.00471696
0.000499228
0.000317658
0.000304045
0.000316939
0.000339446
0.00036785
0.000400557
0.000435623
0.000470082
0.000500266
0.000523548
0.000542852
0.000575797
0.000654071
0.000857924
0.00136464
0.00247356
0.00464645
0.00703001
0.00471158
0.000509023
0.000319365
0.00031074
0.000330977
0.0003623
0.000400538
0.000443567
0.000488908
0.000533165
0.000572513
0.000603818
0.000628629
0.000660228
0.000731475
0.000907193
0.00134546
0.00237887
0.00458656
0.00701077
0.00469072
0.000536882
0.000332203
0.000342792
0.000390023
0.000453347
0.000527464
0.000609037
0.000694369
0.000778444
0.000857138
0.00092595
0.000987018
0.00104846
0.00114285
0.00132981
0.00174019
0.00264661
0.00471628
0.00653389
0.00462507
0.000607443
0.00039011
0.000486012
0.000641583
0.000827455
0.00103433
0.00125501
0.00148271
0.0017049
0.00191933
0.00211328
0.00229862
0.00246902
0.00266847
0.00291891
0.00336041
0.00409564
0.00568323
0.00622242
0.00455082
0.000667058
0.000589421
0.00107809
0.00170475
0.00234252
0.00298962
0.00363308
0.00426904
0.00485303
0.00540905
0.00588417
0.00634202
0.00672436
0.00711999
0.0074665
0.00786209
0.00774063
0.007406
0.00639731
0.00439922
0.000539491
0.000747493
0.00115296
0.00155535
0.00194215
0.00230464
0.00265413
0.00297906
0.00330843
0.00359697
0.00390475
0.00413958
0.00441338
0.00457577
0.00478388
0.00485758
0.00489465
0.00487268
0.00474109
0.00419538
)
;

boundaryField
{
    movingWall
    {
        type            epsilonWallFunction;
        value           nonuniform List<scalar> 
20
(
0.000539491
0.000747493
0.00115296
0.00155535
0.00194215
0.00230464
0.00265413
0.00297906
0.00330843
0.00359697
0.00390475
0.00413958
0.00441338
0.00457577
0.00478388
0.00485758
0.00489465
0.00487268
0.00474109
0.00419538
)
;
    }
    fixedWalls
    {
        type            epsilonWallFunction;
        value           nonuniform List<scalar> 
60
(
5.56115e-05
0.000127671
0.000228149
0.000313023
0.000380183
0.000430674
0.000466562
0.00049005
0.000503343
0.000508684
0.000507711
0.000504654
0.000499319
0.000496945
0.000499228
0.000509023
0.000536882
0.000607443
0.000667058
0.000539491
0.000117546
0.000571295
0.00160638
0.00254208
0.00302725
0.00344144
0.0037838
0.00405247
0.00428899
0.00446016
0.00459306
0.00467037
0.00470638
0.00471696
0.00471158
0.00469072
0.00462507
0.00455082
0.00439922
0.00419538
5.56115e-05
0.000121105
0.000173402
0.000205297
0.00022436
0.000236987
0.000247799
0.000259637
0.000273705
0.000290599
0.000312647
0.000346152
0.000399871
0.000479236
0.000584794
0.000638106
0.00065223
0.000519813
0.000242293
0.000117546
)
;
    }
    frontAndBack
    {
        type            empty;
    }
}


// ************************************************************************* //
