/*--------------------------------*- C++ -*----------------------------------*\
  =========                 |
  \\      /  F ield         | OpenFOAM: The Open Source CFD Toolbox
   \\    /   O peration     | Website:  https://openfoam.org
    \\  /    A nd           | Version:  11
     \\/     M anipulation  |
\*---------------------------------------------------------------------------*/
FoamFile
{
    format      ascii;
    class       volScalarField;
    location    "2";
    object      k;
}
// * * * * * * * * * * * * * * * * * * * * * * * * * * * * * * * * * * * * * //

dimensions      [0 2 -2 0 0 0 0];

internalField   nonuniform List<scalar> 
400
(
1.72006e-05
3.75489e-05
5.37889e-05
6.36859e-05
6.95951e-05
7.35062e-05
7.68596e-05
8.05443e-05
8.49469e-05
9.02908e-05
9.73881e-05
0.000108317
0.000125847
0.000151537
0.000185341
0.000202177
0.000206617
0.000164675
7.66965e-05
3.71417e-05
3.96082e-05
0.000126919
0.00017021
0.000194125
0.000208259
0.000216882
0.000223062
0.000229335
0.000238399
0.000254291
0.000283826
0.000336858
0.000422376
0.000537242
0.000652525
0.000716003
0.000737817
0.000658208
0.00036751
0.000181441
7.09343e-05
0.00021386
0.000281813
0.000321476
0.000347405
0.000365254
0.000377752
0.00038646
0.000394453
0.000409553
0.000446576
0.00052591
0.000660418
0.000830868
0.000986409
0.00107698
0.00111308
0.0010857
0.000791436
0.000506335
9.74265e-05
0.000277932
0.000362294
0.000413242
0.000448288
0.000473553
0.000491083
0.000501636
0.000509099
0.000526086
0.000577556
0.000693511
0.000877396
0.00108165
0.00124796
0.00134559
0.00138449
0.00136715
0.0010995
0.000795702
0.0001184
0.000326261
0.000423026
0.000482719
0.000524939
0.000556168
0.000578028
0.000590783
0.00059896
0.000618853
0.000682817
0.000823606
0.00103078
0.00124384
0.00141544
0.00152321
0.00156623
0.00154844
0.00127735
0.000945776
0.000134164
0.000361412
0.000467648
0.000534261
0.000582115
0.000618037
0.000643502
0.00065824
0.000666545
0.00068585
0.000752701
0.000901925
0.00111721
0.00133764
0.00152694
0.00167015
0.00173312
0.00173295
0.00147153
0.00107505
0.000145358
0.000385582
0.000498801
0.000570826
0.0006231
0.000662695
0.000691109
0.000706941
0.000714246
0.000728881
0.000788584
0.000929782
0.00114114
0.00136711
0.00157303
0.00176649
0.00188238
0.00190502
0.00165995
0.00118118
0.000152669
0.00040083
0.000518853
0.000594906
0.000650543
0.000692989
0.000723848
0.000740349
0.000745884
0.000752481
0.000794979
0.000917592
0.00111905
0.0013463
0.00157386
0.00180657
0.00200682
0.0020732
0.00184312
0.00126494
0.000156788
0.000409091
0.000530109
0.000608909
0.000666959
0.000711561
0.000744451
0.000761891
0.0007654
0.000764748
0.000789754
0.000887484
0.00106646
0.00128903
0.00153563
0.0018135
0.00209871
0.00223398
0.00203941
0.00133845
0.000158414
0.000412077
0.000534688
0.000615076
0.00067462
0.000720701
0.000755099
0.000774387
0.000778261
0.000773078
0.000780823
0.000845417
0.000993141
0.00120536
0.00146881
0.00178987
0.00214162
0.00237181
0.00222627
0.00139167
0.00015807
0.000411195
0.000534154
0.000615209
0.000675699
0.000722988
0.000758939
0.000781011
0.000787504
0.000781391
0.000778933
0.000812364
0.000920484
0.00111372
0.00138587
0.0017424
0.00215359
0.00248144
0.00240307
0.00143304
0.000157074
0.000408807
0.000531757
0.000613009
0.000673864
0.000721898
0.000759193
0.000784365
0.000794806
0.000791206
0.000783597
0.000799137
0.000868668
0.00102922
0.0012977
0.00167495
0.00213061
0.00253768
0.00256051
0.00145702
0.000155359
0.000404818
0.000527324
0.000608712
0.000670323
0.00071995
0.00075965
0.00078796
0.000802917
0.000803542
0.000796836
0.000802753
0.000844809
0.000966177
0.00121156
0.00158796
0.00207134
0.00255565
0.00269383
0.00146818
0.000154575
0.000401441
0.000523963
0.000606337
0.000669615
0.000721065
0.000763228
0.000795633
0.000815588
0.000821757
0.000818392
0.000818847
0.00084517
0.000931945
0.00113282
0.00148437
0.00197348
0.00253372
0.00277506
0.00147144
0.000155265
0.000401251
0.000524468
0.000608463
0.000674153
0.000729165
0.000775983
0.00081408
0.000840841
0.000853852
0.000855012
0.000854386
0.000868215
0.00092852
0.00107957
0.00138237
0.00184908
0.00246512
0.00280429
0.00146968
0.000158287
0.000404702
0.000531283
0.000620309
0.000692509
0.000755242
0.000810756
0.000858378
0.00089562
0.000919704
0.000930213
0.000933105
0.000942203
0.00098131
0.00109196
0.00133704
0.00177346
0.00239284
0.00274637
0.00146319
0.000166945
0.000419908
0.000556673
0.000658989
0.000747188
0.00082771
0.000902252
0.000969846
0.00102783
0.00107345
0.00110472
0.00112454
0.00114192
0.00117805
0.00126188
0.00144486
0.00177997
0.00236273
0.00257449
0.00144274
0.000188922
0.000464687
0.00063962
0.000785147
0.000919902
0.00104799
0.0011701
0.00128492
0.00138869
0.0014801
0.00155531
0.00161806
0.00166971
0.00172795
0.00180703
0.00194537
0.00213598
0.00247479
0.00236877
0.00141957
0.000207715
0.000542198
0.000871454
0.00116667
0.00142665
0.00166316
0.00188029
0.00208099
0.00225751
0.00241699
0.00254953
0.00266907
0.00276499
0.00285335
0.00293235
0.00299167
0.00293166
0.0027574
0.00228731
0.00137226
0.000167965
0.000232862
0.000359361
0.000484911
0.00060559
0.000718658
0.000827681
0.000929004
0.00103172
0.00112166
0.00121765
0.00129079
0.00137617
0.00142679
0.00149182
0.00151491
0.00152665
0.00151983
0.0014788
0.00130856
)
;

boundaryField
{
    movingWall
    {
        type            kqRWallFunction;
        value           nonuniform List<scalar> 
20
(
0.000167965
0.000232862
0.000359361
0.000484911
0.00060559
0.000718658
0.000827681
0.000929004
0.00103172
0.00112166
0.00121765
0.00129079
0.00137617
0.00142679
0.00149182
0.00151491
0.00152665
0.00151983
0.0014788
0.00130856
)
;
    }
    fixedWalls
    {
        type            kqRWallFunction;
        value           nonuniform List<scalar> 
60
(
1.72006e-05
3.96082e-05
7.09343e-05
9.74265e-05
0.0001184
0.000134164
0.000145358
0.000152669
0.000156788
0.000158414
0.00015807
0.000157074
0.000155359
0.000154575
0.000155265
0.000158287
0.000166945
0.000188922
0.000207715
0.000167965
3.71417e-05
0.000181441
0.000506335
0.000795702
0.000945776
0.00107505
0.00118118
0.00126494
0.00133845
0.00139167
0.00143304
0.00145702
0.00146818
0.00147144
0.00146968
0.00146319
0.00144274
0.00141957
0.00137226
0.00130856
1.72006e-05
3.75489e-05
5.37889e-05
6.36859e-05
6.95951e-05
7.35062e-05
7.68596e-05
8.05443e-05
8.49469e-05
9.02908e-05
9.73881e-05
0.000108317
0.000125847
0.000151537
0.000185341
0.000202177
0.000206617
0.000164675
7.66965e-05
3.71417e-05
)
;
    }
    frontAndBack
    {
        type            empty;
    }
}


// ************************************************************************* //
