/*--------------------------------*- C++ -*----------------------------------*\
  =========                 |
  \\      /  F ield         | OpenFOAM: The Open Source CFD Toolbox
   \\    /   O peration     | Website:  https://openfoam.org
    \\  /    A nd           | Version:  11
     \\/     M anipulation  |
\*---------------------------------------------------------------------------*/
FoamFile
{
    format      ascii;
    class       volScalarField;
    location    "2";
    object      nut;
}
// * * * * * * * * * * * * * * * * * * * * * * * * * * * * * * * * * * * * * //

dimensions      [0 2 -1 0 0 0 0];

internalField   nonuniform List<scalar> 
400
(
4.78812e-07
1.04779e-06
1.50166e-06
1.77806e-06
1.94291e-06
2.05194e-06
2.14556e-06
2.24877e-06
2.37276e-06
2.52485e-06
2.73024e-06
3.05047e-06
3.56459e-06
4.31252e-06
5.28669e-06
5.76519e-06
5.89079e-06
4.69514e-06
2.18501e-06
1.05623e-06
1.10591e-06
1.09037e-05
1.50628e-05
1.6735e-05
1.74198e-05
1.75146e-05
1.73138e-05
1.71259e-05
1.72664e-05
1.80777e-05
1.99771e-05
2.33827e-05
2.82891e-05
3.36513e-05
3.75288e-05
3.73858e-05
3.68563e-05
2.9267e-05
1.32332e-05
5.18627e-06
1.98488e-06
2.32823e-05
3.47753e-05
3.95084e-05
4.17873e-05
4.26344e-05
4.24208e-05
4.1435e-05
3.9993e-05
3.85416e-05
3.79154e-05
3.95035e-05
4.42084e-05
5.05649e-05
5.49752e-05
5.41515e-05
5.15166e-05
4.70921e-05
2.70444e-05
1.43638e-05
2.72911e-06
3.16498e-05
4.91832e-05
5.69509e-05
6.07645e-05
6.22605e-05
6.18119e-05
5.93992e-05
5.51823e-05
5.03079e-05
4.75546e-05
5.01033e-05
5.80434e-05
6.71099e-05
7.2795e-05
7.22867e-05
6.71881e-05
6.18201e-05
3.98482e-05
2.24158e-05
3.31858e-06
3.77493e-05
6.03511e-05
7.09466e-05
7.61804e-05
7.80835e-05
7.70026e-05
7.27581e-05
6.57644e-05
5.84166e-05
5.52415e-05
5.97949e-05
7.04643e-05
8.13113e-05
8.80142e-05
8.74638e-05
8.09138e-05
7.31221e-05
4.8757e-05
2.65932e-05
3.76155e-06
4.2064e-05
6.87532e-05
8.19077e-05
8.84483e-05
9.06594e-05
8.89268e-05
8.31017e-05
7.4048e-05
6.50946e-05
6.18021e-05
6.7897e-05
8.0343e-05
9.25633e-05
0.000100888
0.000102191
9.44453e-05
8.48438e-05
5.88107e-05
3.02245e-05
4.07579e-06
4.49453e-05
7.47951e-05
9.02197e-05
9.80071e-05
0.000100607
9.8532e-05
9.16375e-05
8.14225e-05
7.16801e-05
6.81132e-05
7.36177e-05
8.60772e-05
9.9272e-05
0.000108548
0.00011311
0.000105868
9.43006e-05
6.80227e-05
3.31852e-05
4.28062e-06
4.67023e-05
7.88391e-05
9.62592e-05
0.000105287
0.000108515
0.000106634
9.9455e-05
8.88981e-05
7.76754e-05
7.16976e-05
7.6006e-05
8.85965e-05
0.000102556
0.000113411
0.000118974
0.000115409
0.000102504
7.63319e-05
3.55354e-05
4.39548e-06
4.75445e-05
8.1291e-05
0.000100495
0.000110834
0.000114855
0.000113474
0.000106358
9.53186e-05
8.36845e-05
7.64293e-05
7.8933e-05
8.99706e-05
0.000103857
0.000116069
0.000123547
0.000123488
0.000109246
8.36199e-05
3.75918e-05
4.44e-06
4.76795e-05
8.25213e-05
0.000103027
0.000114369
0.000119289
0.000118725
0.000112573
0.000102397
9.088e-05
8.20654e-05
8.13626e-05
8.99041e-05
0.000103468
0.000117149
0.000126421
0.000127706
0.000114882
8.94569e-05
3.9081e-05
4.42922e-06
4.72901e-05
8.26343e-05
0.000104207
0.00011673
0.000122753
0.000123321
0.000118619
0.000109762
9.88785e-05
8.9533e-05
8.56592e-05
9.05142e-05
0.000103092
0.000117699
0.000128177
0.000129907
0.000119475
9.40767e-05
4.024e-05
4.40003e-06
4.67903e-05
8.24888e-05
0.000104998
0.000118519
0.000125582
0.000127323
0.000124261
0.000117107
0.000107494
9.81758e-05
9.31456e-05
9.42614e-05
0.000104075
0.000118739
0.000129596
0.000131316
0.000121706
9.73646e-05
4.09091e-05
4.3505e-06
4.60477e-05
8.18841e-05
0.000105095
0.000119605
0.000127915
0.000131143
0.000129728
0.000124465
0.000116485
0.000108226
0.000103055
0.000101759
0.000107833
0.000120766
0.000130628
0.00013135
0.000122322
9.97029e-05
4.12205e-05
4.32724e-06
4.55477e-05
8.1412e-05
0.000105098
0.000120314
0.000129371
0.000133617
0.000133838
0.000130477
0.000124494
0.000117837
0.000113075
0.000111329
0.00011416
0.000122596
0.000130834
0.000129664
0.000121123
0.000100581
4.13109e-05
4.34602e-06
4.56158e-05
8.1422e-05
0.000105132
0.0001205
0.000130084
0.000135295
0.00013692
0.000135362
0.000131161
0.00012567
0.000121023
0.000117822
0.000118631
0.000122264
0.000126029
0.000124404
0.000117706
0.000100678
4.1259e-05
4.4299e-06
4.61557e-05
8.17519e-05
0.000104631
0.000119131
0.000128165
0.000133372
0.000135635
0.000135403
0.00013297
0.000128974
0.000124655
0.000121015
0.000118483
0.000118292
0.000119581
0.00011899
0.000112353
9.68268e-05
4.10776e-05
4.67208e-06
4.77692e-05
8.13602e-05
0.000100209
0.000110834
0.000116898
0.000120297
0.000121915
0.00012214
0.000120992
0.00011862
0.00011531
0.000111934
0.00010929
0.000107767
0.000107968
0.00010774
0.00010653
9.1296e-05
4.0504e-05
5.28815e-06
4.98168e-05
7.57599e-05
8.64752e-05
9.2041e-05
9.55647e-05
9.81843e-05
0.000100216
0.000101802
0.000102724
0.000103019
0.00010251
0.000101625
0.000100703
0.000100683
0.000101357
0.000100257
9.69894e-05
8.11579e-05
3.98533e-05
5.82122e-06
4.48883e-05
6.33983e-05
7.18588e-05
7.81979e-05
8.32716e-05
8.7583e-05
9.1296e-05
9.4512e-05
9.72009e-05
9.94208e-05
0.000101096
0.000102324
0.000102914
0.000103647
0.000102455
9.99296e-05
9.2397e-05
7.36031e-05
3.85245e-05
4.70649e-06
6.5288e-06
1.00807e-05
1.36063e-05
1.69948e-05
2.01689e-05
2.32298e-05
2.60735e-05
2.89565e-05
3.14794e-05
3.41738e-05
3.62241e-05
3.86201e-05
4.00406e-05
4.18693e-05
4.25203e-05
4.28548e-05
4.2664e-05
4.15128e-05
3.6733e-05
)
;

boundaryField
{
    movingWall
    {
        type            nutkWallFunction;
        Cmu             0.09;
        kappa           0.41;
        E               9.8;
        value           uniform 0;
    }
    fixedWalls
    {
        type            nutkWallFunction;
        Cmu             0.09;
        kappa           0.41;
        E               9.8;
        value           uniform 0;
    }
    frontAndBack
    {
        type            empty;
    }
}


// ************************************************************************* //
