/*--------------------------------*- C++ -*----------------------------------*\
  =========                 |
  \\      /  F ield         | OpenFOAM: The Open Source CFD Toolbox
   \\    /   O peration     | Website:  https://openfoam.org
    \\  /    A nd           | Version:  11
     \\/     M anipulation  |
\*---------------------------------------------------------------------------*/
FoamFile
{
    format      ascii;
    class       volScalarField;
    location    "2";
    object      p;
}
// * * * * * * * * * * * * * * * * * * * * * * * * * * * * * * * * * * * * * //

dimensions      [0 2 -2 0 0 0 0];

internalField   nonuniform List<scalar> 
400
(
1.85089e-11
-1.1484e-05
-1.56484e-05
-1.57878e-05
-1.35123e-05
-9.8815e-06
-5.38778e-06
-3.2427e-07
5.93866e-06
1.73284e-05
4.44905e-05
0.000110682
0.00028783
0.00069332
0.00135713
0.00223651
0.00319885
0.00395539
0.00435879
0.0044064
1.33658e-05
9.71819e-07
-1.64259e-06
1.38691e-06
6.17612e-06
1.00729e-05
1.03169e-05
3.43739e-06
-1.37463e-05
-4.20152e-05
-7.40752e-05
-7.83659e-05
2.61632e-05
0.000348707
0.000937871
0.00179198
0.00277149
0.0036201
0.00414685
0.00434287
1.00951e-05
-1.08939e-05
-1.89827e-05
-1.78662e-05
-1.5976e-05
-1.90561e-05
-3.29467e-05
-6.56539e-05
-0.000126945
-0.000226225
-0.000362493
-0.000498627
-0.000536751
-0.000351844
0.000129758
0.00091447
0.00190479
0.00289628
0.00366553
0.00405184
-2.44099e-05
-5.81755e-05
-7.98145e-05
-8.95066e-05
-0.000100217
-0.000121954
-0.000164294
-0.000239857
-0.000365361
-0.000560824
-0.00083385
-0.00114078
-0.00136227
-0.00134992
-0.00100674
-0.000320942
0.000645504
0.00173876
0.0027119
0.00319471
-9.9483e-05
-0.000146035
-0.00018544
-0.000213507
-0.000245989
-0.000296862
-0.000379315
-0.000510277
-0.000713171
-0.00101834
-0.00144052
-0.00192748
-0.00233832
-0.0024981
-0.00229423
-0.00172137
-0.000827542
0.000270937
0.00132798
0.0018403
-0.000214389
-0.000270269
-0.00032623
-0.000375161
-0.000433696
-0.000518544
-0.000645825
-0.000836213
-0.00111825
-0.00152822
-0.00208524
-0.00272687
-0.00328839
-0.00358001
-0.00349835
-0.00304575
-0.00226824
-0.00125676
-0.00020967
0.000289968
-0.00036101
-0.000421627
-0.000490226
-0.000558562
-0.000642642
-0.000760433
-0.000929843
-0.00117417
-0.0015249
-0.00201502
-0.00266997
-0.00341651
-0.00407676
-0.00446001
-0.00447612
-0.00413496
-0.00348699
-0.00261477
-0.00169589
-0.00119418
-0.000527146
-0.000588209
-0.000664575
-0.000748274
-0.000853679
-0.000998587
-0.0012012
-0.00148529
-0.00188546
-0.00242461
-0.00312419
-0.00391775
-0.00462427
-0.00506012
-0.00514972
-0.00490736
-0.00438674
-0.00366224
-0.00291187
-0.00244306
-0.000699934
-0.000757901
-0.000836938
-0.000930419
-0.00105059
-0.00121398
-0.0014381
-0.00174503
-0.00216361
-0.00271922
-0.00341607
-0.00420026
-0.00490712
-0.00536171
-0.00550035
-0.00534025
-0.0049322
-0.0043452
-0.00376169
-0.00333041
-0.000867962
-0.000920339
-0.000997235
-0.00109433
-0.0012216
-0.00139355
-0.00162605
-0.00193793
-0.00235123
-0.00288851
-0.0035435
-0.00427611
-0.00494624
-0.00539039
-0.00555695
-0.00546165
-0.00514723
-0.00467178
-0.00422662
-0.00383518
-0.00102296
-0.00106784
-0.00113833
-0.00123289
-0.00135951
-0.00153037
-0.00175876
-0.00206068
-0.0024519
-0.0029478
-0.0035389
-0.00418929
-0.00478791
-0.00520214
-0.00538055
-0.00533239
-0.0050881
-0.0046818
-0.00434299
-0.00395621
-0.00116009
-0.00119576
-0.00125607
-0.00134226
-0.00146118
-0.00162323
-0.00183725
-0.00211916
-0.00247778
-0.0029207
-0.00343758
-0.00399406
-0.00451068
-0.00488127
-0.00505291
-0.00502738
-0.0048305
-0.00442952
-0.00419043
-0.00372659
-0.00127841
-0.00130269
-0.00134915
-0.00142136
-0.00152642
-0.00167276
-0.00186893
-0.00212454
-0.00244606
-0.00283521
-0.00328014
-0.00375038
-0.00418612
-0.00450611
-0.00465642
-0.00462785
-0.00443211
-0.00399576
-0.00386225
-0.00317679
-0.00137951
-0.00139091
-0.00141951
-0.00147204
-0.00155804
-0.00168479
-0.00185936
-0.00208813
-0.0023745
-0.00271649
-0.00310106
-0.00350019
-0.00386583
-0.00413422
-0.00425277
-0.00419816
-0.00396974
-0.00345633
-0.003411
-0.00235325
-0.00147021
-0.00146165
-0.00146726
-0.00149533
-0.00155837
-0.00166325
-0.00181567
-0.00201979
-0.00227653
-0.00258129
-0.00292001
-0.00326592
-0.00357685
-0.00379765
-0.00387672
-0.00377672
-0.00348664
-0.00285702
-0.00283049
-0.00128261
-0.00156345
-0.00152005
-0.00149372
-0.0014902
-0.00152585
-0.00160688
-0.0017377
-0.00192064
-0.00215468
-0.00243312
-0.00274078
-0.00305065
-0.00332296
-0.00350407
-0.00354066
-0.00337575
-0.0029814
-0.00214255
-0.00200572
0.000188594
-0.00168833
-0.00157837
-0.00150108
-0.00145364
-0.00145557
-0.00151033
-0.00162021
-0.00178579
-0.00200455
-0.00226789
-0.00255934
-0.00284904
-0.00309619
-0.00324188
-0.00322737
-0.00295864
-0.00238136
-0.00117468
-0.000638369
0.00299927
-0.00188731
-0.00166065
-0.00150295
-0.00139248
-0.00135919
-0.00139182
-0.00148629
-0.00164079
-0.0018516
-0.00210776
-0.00239228
-0.00267095
-0.00290058
-0.00300474
-0.002905
-0.00245306
-0.00159252
0.000194062
0.00191962
0.00907969
-0.00229649
-0.00184401
-0.00160005
-0.00144843
-0.00139364
-0.00141461
-0.00150043
-0.0016473
-0.00185116
-0.00209909
-0.0023776
-0.00264394
-0.00286455
-0.00293456
-0.00277854
-0.002151
-0.000795107
0.00195144
0.00613711
0.0189621
-0.00235861
8.00379e-06
0.000157191
6.96177e-05
4.49043e-06
-8.2668e-05
-0.000235523
-0.000454716
-0.000730188
-0.00104715
-0.00138555
-0.00171499
-0.00197014
-0.00207666
-0.00186737
-0.00119581
0.000504501
0.00445265
0.0119177
0.0265584
)
;

boundaryField
{
    movingWall
    {
        type            zeroGradient;
    }
    fixedWalls
    {
        type            zeroGradient;
    }
    frontAndBack
    {
        type            empty;
    }
}


// ************************************************************************* //
