/*--------------------------------*- C++ -*----------------------------------*\
  =========                 |
  \\      /  F ield         | OpenFOAM: The Open Source CFD Toolbox
   \\    /   O peration     | Website:  https://openfoam.org
    \\  /    A nd           | Version:  11
     \\/     M anipulation  |
\*---------------------------------------------------------------------------*/
FoamFile
{
    format      ascii;
    class       surfaceScalarField;
    location    "2";
    object      phi;
}
// * * * * * * * * * * * * * * * * * * * * * * * * * * * * * * * * * * * * * //

dimensions      [0 3 -1 0 0 0 0];

internalField   nonuniform List<scalar> 
760
(
-2.44436e-08
2.44436e-08
-1.26254e-07
1.01811e-07
-2.78726e-07
1.52472e-07
-4.58511e-07
1.79785e-07
-6.59419e-07
2.00908e-07
-8.85493e-07
2.26074e-07
-1.1448e-06
2.59308e-07
-1.44562e-06
3.00819e-07
-1.79246e-06
3.46843e-07
-2.18072e-06
3.88257e-07
-2.58831e-06
4.07592e-07
-2.96487e-06
3.76558e-07
-3.23622e-06
2.71351e-07
-3.33383e-06
9.76117e-08
-3.16388e-06
-1.69949e-07
-2.7148e-06
-4.49078e-07
-2.00388e-06
-7.10929e-07
-1.13797e-06
-8.65904e-07
-3.70204e-07
-7.67769e-07
-3.70204e-07
-1.04846e-07
1.29289e-07
-2.87963e-07
2.84928e-07
-5.14669e-07
3.79178e-07
-7.73784e-07
4.389e-07
-1.06318e-06
4.90303e-07
-1.38527e-06
5.48161e-07
-1.74245e-06
6.16495e-07
-2.13328e-06
6.9165e-07
-2.5504e-06
7.63956e-07
-2.97941e-06
8.17267e-07
-3.39556e-06
8.23741e-07
-3.75824e-06
7.39244e-07
-4.00508e-06
5.18189e-07
-4.05283e-06
1.45363e-07
-3.87449e-06
-3.48294e-07
-3.44244e-06
-8.81125e-07
-2.75768e-06
-1.39569e-06
-1.83063e-06
-1.79296e-06
-7.5918e-07
-1.83921e-06
-1.12938e-06
-1.67058e-07
2.96347e-07
-3.81921e-07
4.99791e-07
-6.21961e-07
6.19218e-07
-8.90567e-07
7.07505e-07
-1.18987e-06
7.89604e-07
-1.52117e-06
8.79466e-07
-1.88451e-06
9.79832e-07
-2.27726e-06
1.0844e-06
-2.69377e-06
1.18046e-06
-3.12432e-06
1.24782e-06
-3.5482e-06
1.24762e-06
-3.91942e-06
1.11047e-06
-4.16459e-06
7.63358e-07
-4.21889e-06
1.99659e-07
-4.07564e-06
-4.91548e-07
-3.71742e-06
-1.23935e-06
-3.1238e-06
-1.98931e-06
-2.28168e-06
-2.63507e-06
-1.17527e-06
-2.94563e-06
-2.30465e-06
-1.95395e-07
4.91742e-07
-4.19709e-07
7.24105e-07
-6.5649e-07
8.55999e-07
-9.1412e-07
9.65135e-07
-1.19764e-06
1.07312e-06
-1.50898e-06
1.19081e-06
-1.84869e-06
1.31954e-06
-2.21671e-06
1.45243e-06
-2.61222e-06
1.57596e-06
-3.02892e-06
1.66453e-06
-3.44099e-06
1.65969e-06
-3.78889e-06
1.45837e-06
-4.0024e-06
9.76866e-07
-4.04465e-06
2.41916e-07
-3.91559e-06
-6.20617e-07
-3.60514e-06
-1.54979e-06
-3.0934e-06
-2.50104e-06
-2.3539e-06
-3.37457e-06
-1.34078e-06
-3.95875e-06
-3.64543e-06
-1.98242e-07
6.89984e-07
-4.16786e-07
9.4265e-07
-6.40281e-07
1.07949e-06
-8.76661e-07
1.20152e-06
-1.13179e-06
1.32825e-06
-1.4085e-06
1.46751e-06
-1.70856e-06
1.61961e-06
-2.0342e-06
1.77806e-06
-2.38656e-06
1.92832e-06
-2.75747e-06
2.03544e-06
-3.11457e-06
2.01679e-06
-3.39669e-06
1.74049e-06
-3.54891e-06
1.12908e-06
-3.56066e-06
2.53667e-07
-3.43605e-06
-7.45221e-07
-3.17147e-06
-1.81438e-06
-2.75102e-06
-2.92149e-06
-2.12827e-06
-3.99732e-06
-1.22688e-06
-4.86015e-06
-4.87231e-06
-1.84486e-07
8.74469e-07
-3.86031e-07
1.1442e-06
-5.88019e-07
1.28148e-06
-7.95868e-07
1.40936e-06
-1.01461e-06
1.547e-06
-1.2471e-06
1.7e-06
-1.49539e-06
1.86789e-06
-1.76177e-06
2.04444e-06
-2.04646e-06
2.21302e-06
-2.33813e-06
2.32711e-06
-2.60644e-06
2.2851e-06
-2.80402e-06
1.93807e-06
-2.89985e-06
1.22492e-06
-2.89555e-06
2.4936e-07
-2.79281e-06
-8.47955e-07
-2.59091e-06
-2.01628e-06
-2.27236e-06
-3.24004e-06
-1.78578e-06
-4.4839e-06
-1.04704e-06
-5.59889e-06
-5.91935e-06
-1.60638e-07
1.03511e-06
-3.37192e-07
1.32075e-06
-5.11501e-07
1.45579e-06
-6.85683e-07
1.58355e-06
-8.62892e-07
1.72421e-06
-1.04499e-06
1.8821e-06
-1.23299e-06
2.05589e-06
-1.42757e-06
2.23902e-06
-1.62894e-06
2.41438e-06
-1.82225e-06
2.52043e-06
-1.99204e-06
2.45488e-06
-2.11297e-06
2.059e-06
-2.17117e-06
1.28312e-06
-2.16808e-06
2.46271e-07
-2.10376e-06
-9.12275e-07
-1.97922e-06
-2.14082e-06
-1.77867e-06
-3.44059e-06
-1.44767e-06
-4.8149e-06
-8.67527e-07
-6.17904e-06
-6.78687e-06
-1.31172e-07
1.16628e-06
-2.77786e-07
1.46736e-06
-4.20558e-07
1.59856e-06
-5.58197e-07
1.72119e-06
-6.91527e-07
1.85753e-06
-8.20855e-07
2.01143e-06
-9.45735e-07
2.18077e-06
-1.06508e-06
2.35837e-06
-1.17583e-06
2.52513e-06
-1.26749e-06
2.61209e-06
-1.34365e-06
2.53103e-06
-1.39959e-06
2.11494e-06
-1.43459e-06
1.31812e-06
-1.44598e-06
2.57655e-07
-1.43036e-06
-9.27894e-07
-1.3851e-06
-2.18608e-06
-1.29295e-06
-3.53274e-06
-1.10068e-06
-5.00717e-06
-7.13921e-07
-6.5658e-06
-7.5008e-06
-9.95822e-08
1.26586e-06
-2.14095e-07
1.58188e-06
-3.23795e-07
1.70826e-06
-4.24334e-07
1.82173e-06
-5.14236e-07
1.94744e-06
-5.92114e-07
2.08931e-06
-6.55937e-07
2.2446e-06
-7.02639e-07
2.40507e-06
-7.27574e-07
2.55006e-06
-7.29703e-07
2.61422e-06
-7.19998e-07
2.52133e-06
-7.19123e-07
2.11407e-06
-7.38313e-07
1.33731e-06
-7.72174e-07
2.91516e-07
-8.12212e-07
-8.87857e-07
-8.50393e-07
-2.1479e-06
-8.64322e-07
-3.51881e-06
-7.98705e-07
-5.07279e-06
-5.67443e-07
-6.79706e-06
-8.06824e-06
-6.86646e-08
1.33453e-06
-1.51462e-07
1.66467e-06
-2.28561e-07
1.78536e-06
-2.93311e-07
1.88648e-06
-3.42345e-07
1.99647e-06
-3.72871e-07
2.11984e-06
-3.81643e-07
2.25337e-06
-3.64534e-07
2.38796e-06
-3.17491e-07
2.50302e-06
-2.4718e-07
2.54391e-06
-1.66722e-07
2.44087e-06
-1.16808e-07
2.06415e-06
-1.1846e-07
1.33897e-06
-1.73232e-07
3.46289e-07
-2.68528e-07
-7.9256e-07
-3.88151e-07
-2.02827e-06
-5.01294e-07
-3.40567e-06
-5.49314e-07
-5.02477e-06
-4.50514e-07
-6.89586e-06
-8.51875e-06
-4.08326e-08
1.37536e-06
-9.44543e-08
1.7183e-06
-1.41063e-07
1.83197e-06
-1.72694e-07
1.91811e-06
-1.84686e-07
2.00846e-06
-1.73572e-07
2.10872e-06
-1.35782e-07
2.21558e-06
-6.74436e-08
2.31962e-06
3.44616e-08
2.40111e-06
1.60961e-07
2.41741e-06
2.95303e-07
2.30653e-06
3.91168e-07
1.96829e-06
4.05607e-07
1.32453e-06
3.32908e-07
4.18988e-07
1.8939e-07
-6.49042e-07
-1.28277e-09
-1.8376e-06
-2.02902e-07
-3.20405e-06
-3.46038e-07
-4.88164e-06
-3.604e-07
-6.88149e-06
-8.87915e-06
-1.84218e-08
1.39378e-06
-4.71664e-08
1.74704e-06
-6.66304e-08
1.85143e-06
-6.85899e-08
1.92007e-06
-4.77431e-08
1.98762e-06
-7.38665e-10
2.06172e-06
7.50732e-08
2.13977e-06
1.82407e-07
2.21229e-06
3.2229e-07
2.26123e-06
4.86282e-07
2.25342e-06
6.54411e-07
2.1384e-06
7.81895e-07
1.8408e-06
8.15033e-07
1.29139e-06
7.35449e-07
4.98571e-07
5.5783e-07
-4.71423e-07
3.12821e-07
-1.59259e-06
4.57328e-08
-2.93696e-06
-1.85624e-07
-4.65028e-06
-2.94647e-07
-6.77247e-06
-9.1738e-06
-4.61492e-09
1.3984e-06
-1.38781e-08
1.7563e-06
-1.00312e-08
1.84759e-06
1.45983e-08
1.89544e-06
6.40024e-08
1.93821e-06
1.41222e-07
1.9845e-06
2.48009e-07
2.03298e-06
3.85076e-07
2.07522e-06
5.5074e-07
2.09557e-06
7.36267e-07
2.06789e-06
9.21333e-07
1.95333e-06
1.06581e-06
1.69633e-06
1.11631e-06
1.24088e-06
1.042e-06
5.72884e-07
8.49633e-07
-2.79054e-07
5.69132e-07
-1.31209e-06
2.41619e-07
-2.60945e-06
-5.9694e-08
-4.34897e-06
-2.40177e-07
-6.59199e-06
-9.41398e-06
-3.82488e-09
1.40222e-06
-7.38964e-10
1.75322e-06
2.31142e-08
1.82373e-06
7.17944e-08
1.84676e-06
1.48156e-07
1.86185e-06
2.53115e-07
1.87954e-06
3.86632e-07
1.89946e-06
5.47401e-07
1.91445e-06
7.3169e-07
1.91128e-06
9.30035e-07
1.86954e-06
1.12307e-06
1.7603e-06
1.27581e-06
1.54359e-06
1.34073e-06
1.17595e-06
1.28145e-06
6.3217e-07
1.09305e-06
-9.0661e-08
7.98518e-07
-1.01755e-06
4.33878e-07
-2.2448e-06
7.36246e-08
-3.98871e-06
-1.62455e-07
-6.35591e-06
-9.57643e-06
-2.00667e-08
1.42229e-06
-1.01069e-08
1.74326e-06
2.9972e-08
1.78365e-06
1.03098e-07
1.77363e-06
2.06756e-07
1.75819e-06
3.39321e-07
1.74697e-06
4.98671e-07
1.74011e-06
6.81552e-07
1.73157e-06
8.82477e-07
1.71035e-06
1.09147e-06
1.66055e-06
1.29075e-06
1.56103e-06
1.45083e-06
1.38351e-06
1.53135e-06
1.09543e-06
1.49557e-06
6.67957e-07
1.32704e-06
7.78691e-08
1.03609e-06
-7.26609e-07
6.51204e-07
-1.85992e-06
2.55409e-07
-3.59292e-06
-1.79595e-08
-6.08254e-06
-9.59439e-06
-5.94884e-08
1.48178e-06
-5.03054e-08
1.73407e-06
1.04237e-08
1.72293e-06
1.12211e-07
1.67184e-06
2.48077e-07
1.62233e-06
4.12556e-07
1.5825e-06
6.01549e-07
1.55112e-06
8.10392e-07
1.52273e-06
1.03242e-06
1.48833e-06
1.25744e-06
1.43553e-06
1.46926e-06
1.3492e-06
1.64367e-06
1.2091e-06
1.74704e-06
9.9206e-07
1.74542e-06
6.69576e-07
1.61173e-06
2.11552e-07
1.34231e-06
-4.57184e-07
9.45667e-07
-1.46327e-06
4.96936e-07
-3.14419e-06
1.22458e-07
-5.70806e-06
-9.47193e-06
-1.64425e-07
1.6462e-06
-1.39432e-07
1.70908e-06
-3.17308e-08
1.61522e-06
1.22875e-07
1.51724e-06
3.0796e-07
1.43724e-06
5.18021e-07
1.37243e-06
7.49245e-07
1.31989e-06
9.96947e-07
1.27503e-06
1.25409e-06
1.23119e-06
1.51107e-06
1.17855e-06
1.75297e-06
1.1073e-06
1.96005e-06
1.00203e-06
2.10262e-06
8.49481e-07
2.15125e-06
6.20953e-07
2.07047e-06
2.92329e-07
1.84039e-06
-2.27104e-07
1.42969e-06
-1.05258e-06
8.88671e-07
-2.60317e-06
3.2455e-07
-5.14394e-06
-9.14738e-06
-3.11125e-07
1.95733e-06
-1.90522e-07
1.58848e-06
3.22005e-08
1.3925e-06
2.84501e-07
1.26494e-06
5.57623e-07
1.16412e-06
8.49401e-07
1.08066e-06
1.15638e-06
1.01292e-06
1.47368e-06
9.57729e-07
1.79415e-06
9.10719e-07
2.10984e-06
8.62859e-07
2.40662e-06
8.10517e-07
2.67035e-06
7.38298e-07
2.87392e-06
6.45913e-07
2.99346e-06
5.01406e-07
2.98373e-06
3.02061e-07
2.83001e-06
-7.33824e-08
2.4014e-06
-6.23963e-07
1.71117e-06
-1.91294e-06
7.72714e-07
-4.20549e-06
-8.37467e-06
-2.28079e-07
2.1854e-06
1.16106e-07
1.24429e-06
5.54295e-07
9.54313e-07
1.00225e-06
8.16984e-07
1.4468e-06
7.19572e-07
1.88822e-06
6.39227e-07
2.3274e-06
5.73745e-07
2.76083e-06
5.24293e-07
3.18374e-06
4.87808e-07
3.59395e-06
4.52651e-07
3.97633e-06
4.2814e-07
4.33117e-06
3.83453e-07
4.62136e-06
3.55722e-07
4.8532e-06
2.6957e-07
4.94211e-06
2.13152e-07
4.85345e-06
1.5276e-08
4.52639e-06
-2.96903e-07
3.73891e-06
-1.12546e-06
2.12219e-06
-2.58876e-06
-6.25248e-06
2.1854e-06
3.4297e-06
4.38401e-06
5.20099e-06
5.92057e-06
6.55979e-06
7.13354e-06
7.65783e-06
8.14564e-06
8.59829e-06
9.02643e-06
9.40988e-06
9.76561e-06
1.00352e-05
1.02483e-05
1.02636e-05
9.9667e-06
8.84124e-06
6.25248e-06
)
;

boundaryField
{
    movingWall
    {
        type            calculated;
        value           uniform 0;
    }
    fixedWalls
    {
        type            calculated;
        value           uniform 0;
    }
    frontAndBack
    {
        type            empty;
    }
}


// ************************************************************************* //
