/*--------------------------------*- C++ -*----------------------------------*\
  =========                 |
  \\      /  F ield         | OpenFOAM: The Open Source CFD Toolbox
   \\    /   O peration     | Website:  https://openfoam.org
    \\  /    A nd           | Version:  11
     \\/     M anipulation  |
\*---------------------------------------------------------------------------*/
FoamFile
{
    format      ascii;
    class       volVectorField;
    location    "2";
    object      U;
}
// * * * * * * * * * * * * * * * * * * * * * * * * * * * * * * * * * * * * * //

dimensions      [0 1 -1 0 0 0 0];

internalField   nonuniform List<vector> 
400
(
(5.49778e-05 -7.97474e-05 0)
(-0.0011231 0.000608506 0)
(-0.0038848 0.00113015 0)
(-0.00727072 0.00137388 0)
(-0.0110848 0.00153436 0)
(-0.0153269 0.0017391 0)
(-0.0201462 0.00205357 0)
(-0.0257321 0.00251859 0)
(-0.0322459 0.00313328 0)
(-0.0397199 0.00381117 0)
(-0.0479512 0.00431514 0)
(-0.0564407 0.0042368 0)
(-0.0634233 0.00328963 0)
(-0.0664897 0.00175861 0)
(-0.0661801 -0.00144077 0)
(-0.0586172 -0.00417814 0)
(-0.047104 -0.00682752 0)
(-0.0313031 -0.0076767 0)
(-0.0141823 -0.00550844 0)
(-0.00200309 -0.00218191 0)
(-0.000734866 0.00117215 0)
(-0.00364426 0.0037045 0)
(-0.00782015 0.0052837 0)
(-0.012721 0.00618512 0)
(-0.0182115 0.00691593 0)
(-0.0243077 0.00776605 0)
(-0.0310963 0.00882892 0)
(-0.0386087 0.0100642 0)
(-0.0467678 0.0113121 0)
(-0.0553838 0.0122814 0)
(-0.0641541 0.0124953 0)
(-0.0724618 0.0112637 0)
(-0.0789478 0.00794446 0)
(-0.0818369 0.00231787 0)
(-0.0802543 -0.0053916 0)
(-0.0734043 -0.0136275 0)
(-0.061988 -0.0212059 0)
(-0.046518 -0.0262859 0)
(-0.0267002 -0.0245852 0)
(-0.00481341 -0.0117345 0)
(-0.00156471 0.00415139 0)
(-0.00538907 0.00782518 0)
(-0.00985083 0.0100128 0)
(-0.0149451 0.0115296 0)
(-0.0206311 0.0128884 0)
(-0.0269266 0.0143871 0)
(-0.0338725 0.0160927 0)
(-0.0414532 0.017892 0)
(-0.0495917 0.0195428 0)
(-0.058183 0.0206773 0)
(-0.0670587 0.020661 0)
(-0.0755957 0.0184107 0)
(-0.0822153 0.0127131 0)
(-0.08508 0.00328844 0)
(-0.0837984 -0.00871283 0)
(-0.0784675 -0.0217676 0)
(-0.068554 -0.034486 0)
(-0.0546389 -0.0446245 0)
(-0.0355097 -0.0471096 0)
(-0.0112063 -0.0310802 0)
(-0.0019713 0.00784925 0)
(-0.00617867 0.0122262 0)
(-0.0106169 0.0147583 0)
(-0.0155404 0.016758 0)
(-0.0209548 0.0186789 0)
(-0.0268934 0.020767 0)
(-0.0333946 0.0230588 0)
(-0.0404621 0.0254128 0)
(-0.0480966 0.0275608 0)
(-0.0563254 0.0290578 0)
(-0.0650437 0.0289674 0)
(-0.073358 0.025573 0)
(-0.0793089 0.0172253 0)
(-0.081586 0.00414193 0)
(-0.08043 -0.0117184 0)
(-0.0758103 -0.0288388 0)
(-0.067305 -0.0461196 0)
(-0.054759 -0.0613369 0)
(-0.0369873 -0.0701379 0)
(-0.0162751 -0.0603729 0)
(-0.00204484 0.01181 0)
(-0.0062467 0.0166914 0)
(-0.0104703 0.0194024 0)
(-0.015034 0.0217416 0)
(-0.0199475 0.024115 0)
(-0.0252522 0.0267043 0)
(-0.0309997 0.0295222 0)
(-0.0372235 0.0324316 0)
(-0.0439776 0.0351519 0)
(-0.0513424 0.0370799 0)
(-0.0591514 0.0367997 0)
(-0.0662544 0.0319377 0)
(-0.0707932 0.0208721 0)
(-0.0720723 0.00474136 0)
(-0.0705704 -0.0141425 0)
(-0.0666063 -0.0344883 0)
(-0.0595512 -0.0554309 0)
(-0.0489892 -0.0752497 0)
(-0.0332702 -0.090129 0)
(-0.0159914 -0.088 0)
(-0.00190855 0.0156546 0)
(-0.00582727 0.0209245 0)
(-0.0096789 0.0236926 0)
(-0.01374 0.0262208 0)
(-0.0180027 0.028896 0)
(-0.0225 0.0318485 0)
(-0.0272833 0.0350749 0)
(-0.0323917 0.0384467 0)
(-0.0378771 0.0416507 0)
(-0.0437942 0.0438589 0)
(-0.049944 0.0431973 0)
(-0.0552241 0.036827 0)
(-0.0581675 0.0234144 0)
(-0.0586532 0.00481468 0)
(-0.0572905 -0.0163702 0)
(-0.0541923 -0.0390071 0)
(-0.0489595 -0.0626168 0)
(-0.0408347 -0.0861952 0)
(-0.0278509 -0.105982 0)
(-0.014463 -0.109733 0)
(-0.00165075 0.0191256 0)
(-0.00509994 0.0247319 0)
(-0.0084575 0.0274813 0)
(-0.0119111 0.0300658 0)
(-0.015424 0.0328822 0)
(-0.0190056 0.0360281 0)
(-0.0226856 0.0394846 0)
(-0.026483 0.0431223 0)
(-0.0304271 0.0465887 0)
(-0.0345179 0.0488435 0)
(-0.0386266 0.0476797 0)
(-0.0420061 0.0400863 0)
(-0.043697 0.0250234 0)
(-0.0438445 0.00477382 0)
(-0.0429245 -0.0179648 0)
(-0.0409828 -0.0421159 0)
(-0.0377794 -0.0675767 0)
(-0.0324635 -0.0940695 0)
(-0.0233038 -0.119474 0)
(-0.0108811 -0.128859 0)
(-0.00132752 0.0220627 0)
(-0.00419666 0.0279851 0)
(-0.00698024 0.0306705 0)
(-0.00976359 0.0331997 0)
(-0.0124772 0.0360026 0)
(-0.0150994 0.0391596 0)
(-0.0176272 0.0426363 0)
(-0.020045 0.0462956 0)
(-0.0224178 0.04978 0)
(-0.024427 0.0517321 0)
(-0.0265204 0.0502271 0)
(-0.0281426 0.0419707 0)
(-0.0289156 0.0260637 0)
(-0.0290353 0.00492845 0)
(-0.0288 -0.0186647 0)
(-0.0281588 -0.0436737 0)
(-0.0268939 -0.0702825 0)
(-0.0240029 -0.0989344 0)
(-0.0185934 -0.128485 0)
(-0.00892817 -0.144138 0)
(-0.000981701 0.0243829 0)
(-0.00322262 0.0306109 0)
(-0.00539655 0.0332064 0)
(-0.00749038 0.0355894 0)
(-0.00940471 0.0382393 0)
(-0.0110859 0.0412333 0)
(-0.0125007 0.0445227 0)
(-0.0136013 0.0479575 0)
(-0.014379 0.0511485 0)
(-0.0146314 0.0526561 0)
(-0.0147552 0.0509472 0)
(-0.0148091 0.0426285 0)
(-0.0148546 0.026723 0)
(-0.0151237 0.00547246 0)
(-0.0157271 -0.0183384 0)
(-0.0165253 -0.0436624 0)
(-0.0171806 -0.0709361 0)
(-0.0166287 -0.101339 0)
(-0.0145747 -0.134336 0)
(-0.00686736 -0.156505 0)
(-0.000647459 0.0260851 0)
(-0.00226345 0.032588 0)
(-0.00383469 0.0350767 0)
(-0.00525607 0.0372402 0)
(-0.00640901 0.0396211 0)
(-0.00721482 0.0423037 0)
(-0.007618 0.0452276 0)
(-0.00754634 0.0482203 0)
(-0.00691511 0.0508667 0)
(-0.00577603 0.0519542 0)
(-0.00425341 0.0500422 0)
(-0.00290946 0.0421688 0)
(-0.00228311 0.0270227 0)
(-0.00271657 0.00643842 0)
(-0.00416768 -0.0169048 0)
(-0.00638562 -0.0419883 0)
(-0.00889668 -0.0695597 0)
(-0.0104515 -0.101386 0)
(-0.0113465 -0.137381 0)
(-0.00536969 -0.166372 0)
(-0.000348648 0.0271828 0)
(-0.00139554 0.0339492 0)
(-0.00240351 0.0363086 0)
(-0.00319857 0.0381965 0)
(-0.00365334 0.0402196 0)
(-0.00367587 0.0424787 0)
(-0.00320203 0.0449071 0)
(-0.00215704 0.0473178 0)
(-0.00046416 0.0493003 0)
(0.00182289 0.0499179 0)
(0.00449975 0.0477985 0)
(0.00689804 0.0407064 0)
(0.00818447 0.0269468 0)
(0.0077442 0.00778109 0)
(0.00559215 -0.0144388 0)
(0.00212278 -0.0387957 0)
(-0.00211916 -0.0663407 0)
(-0.00535493 -0.0993537 0)
(-0.00892648 -0.138007 0)
(-0.00409556 -0.174179 0)
(-0.000110779 0.0277893 0)
(-0.000688217 0.0347641 0)
(-0.00119946 0.0369585 0)
(-0.00143348 0.0385204 0)
(-0.00126438 0.0401153 0)
(-0.000603241 0.0418742 0)
(0.000609167 0.0437365 0)
(0.00243143 0.0455111 0)
(0.00490426 0.0468186 0)
(0.00795691 0.0469162 0)
(0.0113587 0.0446754 0)
(0.0144551 0.0383574 0)
(0.0162814 0.026439 0)
(0.0159886 0.00934597 0)
(0.0134115 -0.0111661 0)
(0.00902591 -0.0343644 0)
(0.0033454 -0.0615627 0)
(-0.00104014 -0.0955036 0)
(-0.00728482 -0.136705 0)
(-0.00281817 -0.180622 0)
(1.37174e-05 0.02799 0)
(-0.000219521 0.0351272 0)
(-0.000316926 0.0371118 0)
(-6.03769e-05 0.0382847 0)
(0.000662581 0.0394004 0)
(0.00192559 0.0406141 0)
(0.00375985 0.0418836 0)
(0.00619344 0.0430278 0)
(0.00922636 0.0437096 0)
(0.0127645 0.043342 0)
(0.0165591 0.0410413 0)
(0.0200185 0.0355146 0)
(0.0221963 0.0255097 0)
(0.0221374 0.0108822 0)
(0.0194696 -0.00742359 0)
(0.0145688 -0.0290472 0)
(0.00790606 -0.0555675 0)
(0.0029322 -0.0901587 0)
(-0.0062281 -0.133872 0)
(-0.00122633 -0.185845 0)
(5.3742e-06 0.0280885 0)
(-0.000142202 0.035154 0)
(0.000126773 0.0367876 0)
(0.000828644 0.0375396 0)
(0.00207196 0.0381357 0)
(0.00388352 0.0387812 0)
(0.00626865 0.0394624 0)
(0.00921526 0.0400229 0)
(0.0126795 0.0401738 0)
(0.0165417 0.0394551 0)
(0.0205434 0.037198 0)
(0.0241622 0.0324654 0)
(0.0265551 0.0242765 0)
(0.0267882 0.0121982 0)
(0.0243333 -0.00358895 0)
(0.0193781 -0.0232609 0)
(0.0121246 -0.0486154 0)
(0.00701676 -0.083572 0)
(-0.00541514 -0.129853 0)
(0.00131238 -0.19039 0)
(-0.000286766 0.0282562 0)
(-0.000435816 0.0350041 0)
(5.60507e-05 0.0361634 0)
(0.0011877 0.0363187 0)
(0.00296277 0.0363284 0)
(0.00533196 0.0363934 0)
(0.00825977 0.0365139 0)
(0.0116945 0.0365596 0)
(0.0155539 0.0362895 0)
(0.0196933 0.0353457 0)
(0.0238561 0.0332382 0)
(0.027588 0.029302 0)
(0.0301836 0.0227883 0)
(0.030807 0.0131325 0)
(0.0288198 1.19459e-05 0)
(0.0241957 -0.0173816 0)
(0.0166482 -0.0411796 0)
(0.0117974 -0.0762397 0)
(-0.00444109 -0.125024 0)
(0.00516785 -0.194331 0)
(-0.000762175 0.0290873 0)
(-0.00138945 0.0348211 0)
(-0.000597869 0.0352026 0)
(0.00104551 0.0346225 0)
(0.00346131 0.0339797 0)
(0.00648225 0.0334635 0)
(0.0100321 0.0330694 0)
(0.0140287 0.0326841 0)
(0.0183635 0.0321081 0)
(0.0228747 0.031061 0)
(0.0273106 0.0291876 0)
(0.0312843 0.0260172 0)
(0.0342115 0.0209953 0)
(0.0354033 0.0135345 0)
(0.0341257 0.00303479 0)
(0.0301923 -0.011842 0)
(0.0226138 -0.0335438 0)
(0.0183475 -0.0681395 0)
(-0.00290405 -0.119929 0)
(0.0108864 -0.197136 0)
(-0.00234135 0.0307575 0)
(-0.00366354 0.0347297 0)
(-0.00194401 0.033779 0)
(0.000751284 0.0322639 0)
(0.00418004 0.0309622 0)
(0.00814867 0.0299168 0)
(0.0125772 0.0290768 0)
(0.0173845 0.0283374 0)
(0.0224584 0.0275384 0)
(0.0276353 0.0264635 0)
(0.0326733 0.0248632 0)
(0.0372522 0.0223993 0)
(0.040859 0.0187102 0)
(0.042939 0.0132206 0)
(0.0426308 0.0052935 0)
(0.0398914 -0.00674998 0)
(0.0323332 -0.0254182 0)
(0.0288378 -0.0583454 0)
(-0.000132895 -0.111796 0)
(0.0193684 -0.194672 0)
(-0.00521239 0.0365661 0)
(-0.0061139 0.0342454 0)
(-0.00163227 0.0314378 0)
(0.00301272 0.0291563 0)
(0.00830186 0.0272798 0)
(0.0139818 0.0257357 0)
(0.0199882 0.0244652 0)
(0.0262527 0.023391 0)
(0.0326437 0.0224059 0)
(0.0390393 0.0213354 0)
(0.0451819 0.0200516 0)
(0.0508606 0.0182647 0)
(0.0555551 0.0158517 0)
(0.0589765 0.0122272 0)
(0.0599833 0.00708455 0)
(0.0590416 -0.0015287 0)
(0.0518228 -0.0158739 0)
(0.0480666 -0.045652 0)
(0.00913719 -0.096477 0)
(0.0348901 -0.175937 0)
(-0.00518023 0.0380463 0)
(-0.00243423 0.022846 0)
(0.00669331 0.0186568 0)
(0.0154979 0.0165913 0)
(0.0244547 0.0148457 0)
(0.0333501 0.0133121 0)
(0.0421613 0.01211 0)
(0.0509146 0.0112059 0)
(0.059451 0.0105276 0)
(0.0678281 0.00989846 0)
(0.0756896 0.00928073 0)
(0.0831697 0.00841229 0)
(0.0894888 0.00731882 0)
(0.0949227 0.00548836 0)
(0.0978608 0.00303306 0)
(0.098498 -0.0024013 0)
(0.0927123 -0.0106409 0)
(0.0881262 -0.0323349 0)
(0.0440408 -0.0708025 0)
(0.0684356 -0.133264 0)
(0.0470003 0.0516298 0)
(0.0522748 0.0353421 0)
(0.0760731 0.0268741 0)
(0.0965968 0.022408 0)
(0.1121 0.0196067 0)
(0.125355 0.0174665 0)
(0.137082 0.0156423 0)
(0.148168 0.0142113 0)
(0.157986 0.0131258 0)
(0.167636 0.0120564 0)
(0.175961 0.0114643 0)
(0.184341 0.0102319 0)
(0.191156 0.0100273 0)
(0.197623 0.00795679 0)
(0.202177 0.00792407 0)
(0.204716 0.00373951 0)
(0.201701 0.00136967 0)
(0.192428 -0.00630116 0)
(0.149397 -0.0180219 0)
(0.142775 -0.0976756 0)
)
;

boundaryField
{
    movingWall
    {
        type            fixedValue;
        value           uniform (1 0 0);
    }
    fixedWalls
    {
        type            noSlip;
    }
    frontAndBack
    {
        type            empty;
    }
}


// ************************************************************************* //
