/*--------------------------------*- C++ -*----------------------------------*\
  =========                 |
  \\      /  F ield         | OpenFOAM: The Open Source CFD Toolbox
   \\    /   O peration     | Website:  https://openfoam.org
    \\  /    A nd           | Version:  11
     \\/     M anipulation  |
\*---------------------------------------------------------------------------*/
FoamFile
{
    format      ascii;
    class       volScalarField;
    location    "7";
    object      epsilon;
}
// * * * * * * * * * * * * * * * * * * * * * * * * * * * * * * * * * * * * * //

dimensions      [0 2 -3 0 0 0 0];

internalField   nonuniform List<scalar> 
400
(
1.6386e-05
5.43982e-05
0.000244083
0.000540598
0.000749606
0.000906014
0.00103264
0.00115335
0.00125909
0.00136721
0.00146848
0.00157553
0.00168326
0.00175909
0.00179429
0.00179893
0.00167415
0.00132946
0.000816757
0.000588838
7.73448e-05
0.000223569
0.00061488
0.000902587
0.000976509
0.00100761
0.00101878
0.00106137
0.00110761
0.00118991
0.00129101
0.00142328
0.00158037
0.0017675
0.00197592
0.0021885
0.0022914
0.00230378
0.00183326
0.00121035
0.000265777
0.000705376
0.000940199
0.000978791
0.000971437
0.000967444
0.000963108
0.0010016
0.00106
0.00113593
0.00122092
0.0013155
0.00142676
0.00156612
0.00174045
0.0019552
0.0021506
0.00223256
0.00207122
0.00156672
0.000612794
0.000980655
0.00101543
0.000954186
0.000915088
0.000885947
0.000881924
0.000909465
0.000939453
0.000971638
0.00100958
0.00106667
0.00115698
0.00129067
0.00149155
0.0017685
0.00207572
0.00221513
0.00218828
0.001799
0.000894578
0.00112108
0.000996099
0.000885
0.000809369
0.000771017
0.000751738
0.000740479
0.000726757
0.000720935
0.00072372
0.000759335
0.000836633
0.000976781
0.00121102
0.00156889
0.00204752
0.00233645
0.00237483
0.00197404
0.00106067
0.00111953
0.00093904
0.000787155
0.000706765
0.000654123
0.000609028
0.000562306
0.000515866
0.000485607
0.000473901
0.000483953
0.000548476
0.000680165
0.000923417
0.00133551
0.00196009
0.00250344
0.0026384
0.00211531
0.00109587
0.00108238
0.000851115
0.000699897
0.000616275
0.000549631
0.000483992
0.000416641
0.000356034
0.000315043
0.000297132
0.000295096
0.000339993
0.00044838
0.000669522
0.00109105
0.00181724
0.00266196
0.00293956
0.00222548
0.0010803
0.00100145
0.000769519
0.000627787
0.00054315
0.000467579
0.000390882
0.000316396
0.00025439
0.000212992
0.00019391
0.000189696
0.000216659
0.000294427
0.00047396
0.000862607
0.00162098
0.00275007
0.0033033
0.00231528
0.00103944
0.000905162
0.00069839
0.000570791
0.00048825
0.000409504
0.000329649
0.000255965
0.000198062
0.000160744
0.000143621
0.000139841
0.000157128
0.000209771
0.000344448
0.000684534
0.00145961
0.00277696
0.00366236
0.00237845
0.000956863
0.000823943
0.000641258
0.000528165
0.000449681
0.000372088
0.000294207
0.000224566
0.00017206
0.000138779
0.000123108
0.000120226
0.000132483
0.000170121
0.0002694
0.00054951
0.00129377
0.00277791
0.00404323
0.00242622
0.000870142
0.00075263
0.000595144
0.000495685
0.000423099
0.000350298
0.000276919
0.000213974
0.000166872
0.000136015
0.000119513
0.00011614
0.00012553
0.000155399
0.000234682
0.000466639
0.00115369
0.00273429
0.00438323
0.00244941
0.000795099
0.000708421
0.000563775
0.000474425
0.000407095
0.000339384
0.000274782
0.000216548
0.000171765
0.000142143
0.000126022
0.000122447
0.000128898
0.000153069
0.000223354
0.000427235
0.00104811
0.00269633
0.00468232
0.00245942
0.000713104
0.000668941
0.000544619
0.000460419
0.000398906
0.000339653
0.000279047
0.00022548
0.000184626
0.000156981
0.000140934
0.000137505
0.000143239
0.000164549
0.000225266
0.000413868
0.00099659
0.00267127
0.0048363
0.00246104
0.000637932
0.000650762
0.000549512
0.000463823
0.000402536
0.000345425
0.000290186
0.000242891
0.000205637
0.000179707
0.000163339
0.000160288
0.000166131
0.000187762
0.000247875
0.000424799
0.000978627
0.00266293
0.00489424
0.00245279
0.000550591
0.000623603
0.000560048
0.000477768
0.000416468
0.000361162
0.000310263
0.000266787
0.000232462
0.000208628
0.000192273
0.000190691
0.000197539
0.000221972
0.00028748
0.000472541
0.00100898
0.00269549
0.00483877
0.0024167
0.000463173
0.000610426
0.000585036
0.000518279
0.000453318
0.000396819
0.000346511
0.000303577
0.000269289
0.000245985
0.000229464
0.000230204
0.000240104
0.000272248
0.000353936
0.000572501
0.00113348
0.00281534
0.00456372
0.00233702
0.00036167
0.000556362
0.000592349
0.000572102
0.000525223
0.000469304
0.000415893
0.000369175
0.000331956
0.000306297
0.000293189
0.000297689
0.000317148
0.000371533
0.000498052
0.000813391
0.00146194
0.00310917
0.00410338
0.00220908
0.00024087
0.000494883
0.000653973
0.000705209
0.000693052
0.000649252
0.000589027
0.000535646
0.000495667
0.000474121
0.000480196
0.000508361
0.000573692
0.000711526
0.00098925
0.00163158
0.00244294
0.00372951
0.00382626
0.00202638
0.000269564
0.000507578
0.000872483
0.00104481
0.00111278
0.00111733
0.00111124
0.00111718
0.00114751
0.00121876
0.00135985
0.0015912
0.00190593
0.00242424
0.00306705
0.00406669
0.00470172
0.00448229
0.00379898
0.0017717
0.000194426
0.000307956
0.000568934
0.000820504
0.00101843
0.00114678
0.00122332
0.00127228
0.00129723
0.00132019
0.00133243
0.00135644
0.00137567
0.0014178
0.00144766
0.00151605
0.0015903
0.00166911
0.00165018
0.00147105
)
;

boundaryField
{
    movingWall
    {
        type            epsilonWallFunction;
        value           nonuniform List<scalar> 
20
(
0.000194426
0.000307956
0.000568934
0.000820504
0.00101843
0.00114678
0.00122332
0.00127228
0.00129723
0.00132019
0.00133243
0.00135644
0.00137567
0.0014178
0.00144766
0.00151605
0.0015903
0.00166911
0.00165018
0.00147105
)
;
    }
    fixedWalls
    {
        type            epsilonWallFunction;
        value           nonuniform List<scalar> 
60
(
1.6386e-05
7.73448e-05
0.000265777
0.000612794
0.000894578
0.00106067
0.00109587
0.0010803
0.00103944
0.000956863
0.000870142
0.000795099
0.000713104
0.000637932
0.000550591
0.000463173
0.00036167
0.00024087
0.000269564
0.000194426
0.000588838
0.00121035
0.00156672
0.001799
0.00197404
0.00211531
0.00222548
0.00231528
0.00237845
0.00242622
0.00244941
0.00245942
0.00246104
0.00245279
0.0024167
0.00233702
0.00220908
0.00202638
0.0017717
0.00147105
1.6386e-05
5.43982e-05
0.000244083
0.000540598
0.000749606
0.000906014
0.00103264
0.00115335
0.00125909
0.00136721
0.00146848
0.00157553
0.00168326
0.00175909
0.00179429
0.00179893
0.00167415
0.00132946
0.000816757
0.000588838
)
;
    }
    frontAndBack
    {
        type            empty;
    }
}


// ************************************************************************* //
