/*--------------------------------*- C++ -*----------------------------------*\
  =========                 |
  \\      /  F ield         | OpenFOAM: The Open Source CFD Toolbox
   \\    /   O peration     | Website:  https://openfoam.org
    \\  /    A nd           | Version:  11
     \\/     M anipulation  |
\*---------------------------------------------------------------------------*/
FoamFile
{
    format      ascii;
    class       volScalarField;
    location    "7";
    object      k;
}
// * * * * * * * * * * * * * * * * * * * * * * * * * * * * * * * * * * * * * //

dimensions      [0 2 -2 0 0 0 0];

internalField   nonuniform List<scalar> 
400
(
5.12803e-06
1.70265e-05
7.6338e-05
0.000168988
0.000234285
0.00028316
0.000322728
0.000360453
0.000393497
0.000427287
0.00045894
0.000492397
0.000526072
0.000549772
0.000560775
0.000562225
0.000523228
0.0004155
0.000255256
0.000184021
2.41957e-05
8.88464e-05
0.000201505
0.000355076
0.000423647
0.000501089
0.000546276
0.000610673
0.000662431
0.000723285
0.000780549
0.00084059
0.000894982
0.000952582
0.0010049
0.00103159
0.00103828
0.000938004
0.000622527
0.000378252
8.31073e-05
0.000289448
0.000459806
0.000543478
0.000603054
0.000655785
0.000696975
0.000747869
0.000792849
0.000839751
0.000882551
0.000923532
0.000962805
0.00100806
0.00105398
0.00108937
0.00110218
0.00105715
0.000770805
0.000489628
0.000191596
0.000497551
0.000591542
0.000633013
0.000669309
0.00069805
0.000728353
0.000762431
0.000793571
0.000824712
0.000849209
0.00087619
0.000913081
0.000962949
0.00102902
0.00109973
0.00113345
0.00113655
0.000912495
0.000562224
0.000279669
0.000611596
0.000648716
0.000656029
0.000672936
0.000693018
0.000714544
0.000728036
0.000731945
0.000729343
0.000729053
0.000746012
0.000784672
0.000850475
0.000951897
0.0010851
0.00118263
0.00120739
0.0010385
0.000616929
0.000331558
0.000651234
0.000656892
0.000653298
0.000664015
0.000669433
0.000665389
0.000641879
0.000613748
0.000594676
0.000587039
0.000592212
0.000629805
0.000703752
0.000828595
0.00101134
0.00120797
0.00128983
0.00117673
0.000661083
0.000342544
0.00064594
0.000650768
0.000642266
0.000639287
0.000621956
0.00059308
0.000549992
0.000508871
0.000479933
0.000467312
0.000466175
0.000497641
0.000569303
0.000700864
0.000915285
0.00120996
0.00136796
0.00130722
0.000695514
0.000337674
0.000629782
0.000635086
0.000619655
0.000606214
0.000575992
0.000532027
0.000479523
0.000433356
0.000400827
0.000385785
0.000382932
0.000406214
0.000467123
0.000587891
0.000806973
0.00115282
0.00143494
0.00144673
0.000723585
0.000324902
0.000596465
0.000608131
0.000594703
0.000576664
0.000539626
0.000488738
0.000433623
0.000387346
0.000354891
0.000339287
0.000335867
0.000352789
0.000401193
0.000505357
0.000710997
0.00107504
0.0014804
0.00156821
0.000743336
0.000299094
0.000567204
0.00058247
0.00057257
0.000553359
0.000514454
0.000462285
0.000408435
0.000364251
0.000333434
0.000317591
0.000314369
0.000327647
0.000366325
0.000452575
0.000640928
0.00100439
0.0015007
0.00169218
0.000758277
0.000271993
0.000527809
0.000553766
0.000550584
0.000534133
0.000497616
0.000448448
0.000398352
0.000357505
0.000328445
0.000311762
0.000308285
0.000319219
0.000351676
0.00042642
0.000593853
0.000947421
0.00150698
0.00179546
0.000765534
0.000248542
0.000494459
0.000532164
0.000533047
0.000520992
0.000488903
0.000444113
0.000399223
0.000360585
0.000332737
0.000316236
0.000312356
0.000320287
0.000348475
0.00041725
0.000570884
0.000901596
0.00150768
0.0018817
0.000768669
0.000222921
0.000450313
0.00050546
0.00051353
0.00050681
0.000483215
0.000445225
0.000404368
0.000369634
0.000344162
0.000328452
0.000325639
0.000332916
0.000358201
0.000419777
0.000563687
0.000876844
0.00150439
0.00192336
0.000769183
0.000199432
0.000421761
0.000490335
0.000503234
0.000498694
0.000482339
0.000449659
0.000415048
0.000384825
0.000362215
0.000347519
0.000346492
0.000354147
0.000379579
0.000439575
0.000574734
0.000868468
0.00149834
0.00193639
0.000766625
0.000172143
0.000374939
0.000464382
0.000491618
0.000493275
0.000484116
0.000459813
0.000430326
0.000404252
0.000384867
0.000372028
0.000372829
0.000381856
0.000409008
0.000470149
0.000604769
0.000877116
0.00149499
0.00189448
0.00075533
0.000144825
0.000346608
0.000450647
0.000492588
0.000499818
0.000493909
0.000477738
0.000453218
0.000430179
0.000412571
0.000401437
0.000403407
0.00041456
0.000445375
0.000511818
0.000659286
0.0009136
0.00149452
0.00180068
0.000730435
0.000113117
0.000284493
0.00041411
0.000494572
0.000519524
0.000517801
0.000508016
0.00048719
0.00046567
0.000448484
0.000440587
0.000444831
0.000460845
0.000501123
0.000582033
0.000764522
0.00101099
0.00152231
0.00163815
0.000690439
7.53422e-05
0.000249862
0.000424514
0.000526672
0.000584765
0.000586122
0.000579619
0.000563366
0.000545021
0.000532381
0.00053519
0.000549795
0.000584515
0.000659037
0.000780337
0.00104465
0.00131196
0.00159839
0.00146185
0.000633344
8.42815e-05
0.000271326
0.000480287
0.000602498
0.000680645
0.000714675
0.000736624
0.000753095
0.000778816
0.000816642
0.000878772
0.000966945
0.00108845
0.00126666
0.00147405
0.00177668
0.00186314
0.00173013
0.00135836
0.000553749
6.07911e-05
9.6277e-05
0.000177852
0.0002565
0.000318365
0.000358476
0.000382395
0.000397704
0.000405503
0.000412679
0.000416502
0.000424005
0.000430009
0.000443169
0.000452492
0.000473852
0.000497055
0.000521679
0.000515762
0.000459768
)
;

boundaryField
{
    movingWall
    {
        type            kqRWallFunction;
        value           nonuniform List<scalar> 
20
(
6.07911e-05
9.6277e-05
0.000177852
0.0002565
0.000318365
0.000358476
0.000382395
0.000397704
0.000405503
0.000412679
0.000416502
0.000424005
0.000430009
0.000443169
0.000452492
0.000473852
0.000497055
0.000521679
0.000515762
0.000459768
)
;
    }
    fixedWalls
    {
        type            kqRWallFunction;
        value           nonuniform List<scalar> 
60
(
5.12803e-06
2.41957e-05
8.31073e-05
0.000191596
0.000279669
0.000331558
0.000342544
0.000337674
0.000324902
0.000299094
0.000271993
0.000248542
0.000222921
0.000199432
0.000172143
0.000144825
0.000113117
7.53422e-05
8.42815e-05
6.07911e-05
0.000184021
0.000378252
0.000489628
0.000562224
0.000616929
0.000661083
0.000695514
0.000723585
0.000743336
0.000758277
0.000765534
0.000768669
0.000769183
0.000766625
0.00075533
0.000730435
0.000690439
0.000633344
0.000553749
0.000459768
5.12803e-06
1.70265e-05
7.6338e-05
0.000168988
0.000234285
0.00028316
0.000322728
0.000360453
0.000393497
0.000427287
0.00045894
0.000492397
0.000526072
0.000549772
0.000560775
0.000562225
0.000523228
0.0004155
0.000255256
0.000184021
)
;
    }
    frontAndBack
    {
        type            empty;
    }
}


// ************************************************************************* //
