/*--------------------------------*- C++ -*----------------------------------*\
  =========                 |
  \\      /  F ield         | OpenFOAM: The Open Source CFD Toolbox
   \\    /   O peration     | Website:  https://openfoam.org
    \\  /    A nd           | Version:  11
     \\/     M anipulation  |
\*---------------------------------------------------------------------------*/
FoamFile
{
    format      ascii;
    class       volScalarField;
    location    "7";
    object      nut;
}
// * * * * * * * * * * * * * * * * * * * * * * * * * * * * * * * * * * * * * //

dimensions      [0 2 -1 0 0 0 0];

internalField   nonuniform List<scalar> 
400
(
1.44434e-07
4.79632e-07
2.14876e-06
4.75422e-06
6.59018e-06
7.96471e-06
9.07753e-06
1.01386e-05
1.1068e-05
1.20184e-05
1.29088e-05
1.38499e-05
1.47973e-05
1.54639e-05
1.57735e-05
1.58143e-05
1.47174e-05
1.16872e-05
7.17963e-06
5.17586e-06
6.8122e-07
3.17768e-06
5.94324e-06
1.25718e-05
1.65415e-05
2.24274e-05
2.63626e-05
3.16223e-05
3.56563e-05
3.95684e-05
4.2473e-05
4.46808e-05
4.56154e-05
4.62049e-05
4.59956e-05
4.37636e-05
4.23423e-05
3.43725e-05
1.90254e-05
1.06389e-05
2.33885e-06
1.06897e-05
2.02382e-05
2.71592e-05
3.3693e-05
4.00074e-05
4.53943e-05
5.02574e-05
5.33723e-05
5.58717e-05
5.74164e-05
5.83518e-05
5.84747e-05
5.83968e-05
5.74438e-05
5.46268e-05
5.08385e-05
4.50519e-05
2.58169e-05
1.37716e-05
5.3914e-06
2.27197e-05
3.10143e-05
3.7795e-05
4.40588e-05
4.95003e-05
5.41371e-05
5.75252e-05
6.03307e-05
6.30003e-05
6.4288e-05
6.4775e-05
6.4854e-05
6.46599e-05
6.38927e-05
6.15474e-05
5.57031e-05
5.24834e-05
3.42452e-05
1.58136e-05
7.86886e-06
3.00287e-05
3.80233e-05
4.37669e-05
5.0355e-05
5.60619e-05
6.11272e-05
6.44222e-05
6.63453e-05
6.64064e-05
6.60983e-05
6.5963e-05
6.62344e-05
6.66451e-05
6.73397e-05
6.75444e-05
6.1477e-05
5.61541e-05
4.08718e-05
1.73523e-05
9.32778e-06
3.40942e-05
4.13568e-05
4.87984e-05
5.61465e-05
6.16592e-05
6.5427e-05
6.59441e-05
6.57183e-05
6.55418e-05
6.54468e-05
6.52219e-05
6.50875e-05
6.55341e-05
6.69159e-05
6.89274e-05
6.70007e-05
5.98094e-05
4.72346e-05
1.85943e-05
9.6364e-06
3.46932e-05
4.47824e-05
5.30442e-05
5.96843e-05
6.33419e-05
6.5408e-05
6.53422e-05
6.54586e-05
6.58012e-05
6.61466e-05
6.62792e-05
6.55547e-05
6.50554e-05
6.60306e-05
6.91054e-05
7.2506e-05
6.32683e-05
5.2319e-05
1.95628e-05
9.49936e-06
3.56447e-05
4.71724e-05
5.50466e-05
6.08939e-05
6.38587e-05
6.51725e-05
6.5408e-05
6.64406e-05
6.78882e-05
6.9077e-05
6.95711e-05
6.8545e-05
6.67002e-05
6.56288e-05
6.79434e-05
7.37878e-05
6.73853e-05
5.70259e-05
2.03526e-05
9.14007e-06
3.53741e-05
4.76583e-05
5.57655e-05
6.1298e-05
6.39987e-05
6.52143e-05
6.61127e-05
6.81774e-05
7.05175e-05
7.21373e-05
7.26011e-05
7.12882e-05
6.90565e-05
6.67291e-05
6.64635e-05
7.12616e-05
7.10285e-05
6.04348e-05
2.09083e-05
8.41413e-06
3.51418e-05
4.76165e-05
5.58637e-05
6.12847e-05
6.40163e-05
6.53745e-05
6.68567e-05
6.94006e-05
7.21005e-05
7.37381e-05
7.39813e-05
7.2928e-05
7.09933e-05
6.84267e-05
6.72798e-05
7.0176e-05
7.2964e-05
6.3739e-05
2.13289e-05
7.65188e-06
3.33131e-05
4.63738e-05
5.50406e-05
6.06874e-05
6.36198e-05
6.53603e-05
6.67443e-05
6.89324e-05
7.13807e-05
7.31934e-05
7.36492e-05
7.30587e-05
7.16277e-05
6.97331e-05
6.80173e-05
7.00229e-05
7.47506e-05
6.61909e-05
2.15333e-05
6.99234e-06
3.10607e-05
4.52094e-05
5.3902e-05
6.00079e-05
6.33863e-05
6.46015e-05
6.62399e-05
6.81275e-05
7.01002e-05
7.14202e-05
7.17124e-05
7.16267e-05
7.13997e-05
7.01524e-05
6.86549e-05
6.98008e-05
7.58733e-05
6.80584e-05
2.16217e-05
6.27182e-06
2.72824e-05
4.22205e-05
5.15491e-05
5.79512e-05
6.1871e-05
6.39329e-05
6.5266e-05
6.6603e-05
6.79082e-05
6.88921e-05
6.94064e-05
6.96386e-05
7.0178e-05
7.04016e-05
6.90966e-05
6.94338e-05
7.62506e-05
6.88415e-05
2.16363e-05
5.61121e-06
2.46011e-05
3.93777e-05
4.91394e-05
5.5604e-05
6.0617e-05
6.27094e-05
6.38307e-05
6.48137e-05
6.57068e-05
6.6544e-05
6.74105e-05
6.79451e-05
6.90619e-05
7.01576e-05
6.9983e-05
6.93638e-05
7.58753e-05
6.8951e-05
2.15649e-05
4.84389e-06
2.02887e-05
3.46551e-05
4.55282e-05
5.25823e-05
5.84036e-05
6.13303e-05
6.24702e-05
6.32697e-05
6.38985e-05
6.47851e-05
6.56041e-05
6.6434e-05
6.7828e-05
6.92e-05
6.96596e-05
6.86234e-05
7.46241e-05
6.67553e-05
2.12468e-05
4.07553e-06
1.77128e-05
3.12416e-05
4.21354e-05
4.95979e-05
5.53278e-05
5.92796e-05
6.08957e-05
6.18476e-05
6.22774e-05
6.32068e-05
6.36233e-05
6.44196e-05
6.55737e-05
6.66115e-05
6.83303e-05
6.62737e-05
7.14025e-05
6.39432e-05
2.05467e-05
3.18409e-06
1.30926e-05
2.60553e-05
3.84794e-05
4.62498e-05
5.14178e-05
5.58491e-05
5.78638e-05
5.87919e-05
5.9101e-05
5.95879e-05
5.98233e-05
6.02685e-05
6.08322e-05
6.12158e-05
6.46731e-05
6.29219e-05
6.70819e-05
5.88581e-05
1.94215e-05
2.12098e-06
1.13538e-05
2.48008e-05
3.54002e-05
4.44058e-05
4.76217e-05
5.13325e-05
5.33267e-05
5.3936e-05
5.3802e-05
5.36834e-05
5.35144e-05
5.35988e-05
5.49377e-05
5.53988e-05
6.0197e-05
6.34116e-05
6.16535e-05
5.02659e-05
1.78156e-05
2.37162e-06
1.30534e-05
2.37951e-05
3.12692e-05
3.74693e-05
4.11414e-05
4.39468e-05
4.56897e-05
4.75724e-05
4.9248e-05
5.11098e-05
5.28838e-05
5.59441e-05
5.95645e-05
6.37597e-05
6.98583e-05
6.64474e-05
6.01037e-05
4.37121e-05
1.55768e-05
1.71068e-06
2.70894e-06
5.0038e-06
7.21666e-06
8.95702e-06
1.00851e-05
1.07579e-05
1.11887e-05
1.14081e-05
1.161e-05
1.17174e-05
1.19284e-05
1.20972e-05
1.24671e-05
1.27291e-05
1.33295e-05
1.39821e-05
1.46745e-05
1.4508e-05
1.29328e-05
)
;

boundaryField
{
    movingWall
    {
        type            nutkWallFunction;
        Cmu             0.09;
        kappa           0.41;
        E               9.8;
        value           uniform 0;
    }
    fixedWalls
    {
        type            nutkWallFunction;
        Cmu             0.09;
        kappa           0.41;
        E               9.8;
        value           uniform 0;
    }
    frontAndBack
    {
        type            empty;
    }
}


// ************************************************************************* //
