/*--------------------------------*- C++ -*----------------------------------*\
  =========                 |
  \\      /  F ield         | OpenFOAM: The Open Source CFD Toolbox
   \\    /   O peration     | Website:  https://openfoam.org
    \\  /    A nd           | Version:  11
     \\/     M anipulation  |
\*---------------------------------------------------------------------------*/
FoamFile
{
    format      ascii;
    class       volScalarField;
    location    "7";
    object      p;
}
// * * * * * * * * * * * * * * * * * * * * * * * * * * * * * * * * * * * * * //

dimensions      [0 2 -2 0 0 0 0];

internalField   nonuniform List<scalar> 
400
(
-1.11345e-08
-7.02701e-05
-0.000144216
-0.000302479
-0.00101882
-0.00230316
-0.00384221
-0.00533289
-0.00654708
-0.00736263
-0.00768157
-0.00741867
-0.00654807
-0.00504646
-0.00290791
-0.000249141
0.00264675
0.00521689
0.00681489
0.00715905
6.90601e-05
-1.51786e-05
-0.000193811
-0.000719568
-0.00170179
-0.00308333
-0.00460031
-0.00602582
-0.00719511
-0.00799493
-0.00832953
-0.00815161
-0.00742677
-0.00609019
-0.00414449
-0.00165224
0.00116067
0.00383459
0.00574589
0.00651772
0.000236551
-6.26574e-05
-0.000611528
-0.00154366
-0.00285015
-0.00435698
-0.00586813
-0.00723906
-0.00836046
-0.00910974
-0.00942639
-0.00928186
-0.00864831
-0.00751257
-0.00585719
-0.00370743
-0.00118659
0.00142018
0.00362145
0.00474137
5.07306e-05
-0.000462138
-0.00141197
-0.00274613
-0.00431219
-0.00591762
-0.007415
-0.00869734
-0.00967629
-0.010309
-0.0105751
-0.0104578
-0.00993417
-0.00899261
-0.00762229
-0.00583352
-0.00368508
-0.00133457
0.00085978
0.00204498
-0.00067018
-0.00136327
-0.00259664
-0.00416478
-0.00584051
-0.00744413
-0.00885939
-0.0100144
-0.0108684
-0.0114089
-0.0116307
-0.0115291
-0.0110968
-0.0103289
-0.00921824
-0.00776793
-0.00600465
-0.0040065
-0.00201887
-0.000901787
-0.00190016
-0.00267212
-0.00400454
-0.00561596
-0.00726841
-0.00879127
-0.0100903
-0.0111209
-0.0118688
-0.0123336
-0.0125185
-0.0124285
-0.0120678
-0.0114392
-0.0105423
-0.00937809
-0.00795978
-0.00633063
-0.00472567
-0.00367167
-0.00334283
-0.00412085
-0.00540956
-0.00694821
-0.00850119
-0.00990589
-0.011083
-0.0120029
-0.0126626
-0.013068
-0.0132275
-0.0131499
-0.0128446
-0.0123211
-0.0115865
-0.0106448
-0.00950746
-0.00820393
-0.00696588
-0.00603145
-0.00469738
-0.00543275
-0.00661955
-0.00804722
-0.00947867
-0.0107633
-0.0118321
-0.0126624
-0.0132554
-0.0136195
-0.0137642
-0.0136992
-0.0134352
-0.0129861
-0.0123663
-0.0115864
-0.0106622
-0.00961789
-0.00868202
-0.00785972
-0.0057572
-0.00644435
-0.00751912
-0.00884134
-0.0101639
-0.0113506
-0.0123383
-0.0131063
-0.0136559
-0.013995
-0.0141325
-0.0140774
-0.0138404
-0.0134372
-0.0128893
-0.0122158
-0.0114459
-0.0105802
-0.00986288
-0.00914131
-0.00644613
-0.00705583
-0.00804491
-0.00929383
-0.0105377
-0.0116618
-0.0126028
-0.0133381
-0.0138666
-0.0141947
-0.0143301
-0.0142803
-0.0140557
-0.0136731
-0.0131591
-0.0125396
-0.0118774
-0.0111015
-0.0105638
-0.00987052
-0.00672464
-0.00726039
-0.00819362
-0.00939324
-0.0105953
-0.0116947
-0.0126241
-0.0133555
-0.0138842
-0.0142139
-0.0143508
-0.0143013
-0.0140752
-0.0136899
-0.0131765
-0.0125599
-0.011973
-0.011181
-0.0108245
-0.0100535
-0.00658471
-0.00707867
-0.00797373
-0.00914662
-0.0103422
-0.0114498
-0.0123986
-0.0131533
-0.0137026
-0.0140466
-0.0141889
-0.0141348
-0.013894
-0.0134845
-0.0129409
-0.0123074
-0.0116994
-0.010859
-0.0106934
-0.00967835
-0.00609909
-0.00657441
-0.00743998
-0.00858151
-0.00979158
-0.0109319
-0.0119261
-0.0127286
-0.0133184
-0.0136897
-0.0138428
-0.0137808
-0.0135138
-0.0130608
-0.012462
-0.0117688
-0.0110863
-0.0101995
-0.010143
-0.0087648
-0.00538244
-0.00582492
-0.00664531
-0.00773923
-0.00895841
-0.0101462
-0.0112082
-0.0120819
-0.0127331
-0.0131467
-0.0133184
-0.0132485
-0.0129466
-0.0124337
-0.0117562
-0.0109657
-0.0101783
-0.00922621
-0.00915389
-0.00737326
-0.00459047
-0.00495834
-0.00567247
-0.00668025
-0.00788321
-0.0091206
-0.0102658
-0.0112312
-0.0119638
-0.0124363
-0.012638
-0.0125655
-0.0122258
-0.0116414
-0.0108652
-0.00994545
-0.00901885
-0.0079366
-0.00772973
-0.0055444
-0.00388772
-0.00408141
-0.00458429
-0.00544684
-0.00660778
-0.00789214
-0.00913252
-0.0102081
-0.0110431
-0.011594
-0.0118418
-0.0117786
-0.0114135
-0.0107576
-0.00986979
-0.00878711
-0.00766226
-0.00634393
-0.00585634
-0.00307556
-0.00342895
-0.00330775
-0.00348295
-0.0041418
-0.00523662
-0.00656
-0.00789964
-0.00909786
-0.0100532
-0.010703
-0.0110188
-0.0109863
-0.0106157
-0.00989839
-0.00889112
-0.00760055
-0.00616913
-0.00442776
-0.00329821
0.000851398
-0.00321407
-0.00261995
-0.00241161
-0.00285117
-0.00387147
-0.00522354
-0.00665771
-0.00798594
-0.00907836
-0.0098496
-0.0102573
-0.010277
-0.00991659
-0.00916578
-0.00804822
-0.00650148
-0.00461755
-0.00207631
0.000556214
0.00805182
-0.00318213
-0.00203133
-0.00155712
-0.00183339
-0.00278541
-0.00415825
-0.005675
-0.00712028
-0.00833647
-0.00922648
-0.00973329
-0.00983333
-0.00950813
-0.00873654
-0.00748209
-0.00565475
-0.00315504
0.000940672
0.0068956
0.0198474
-0.00376216
-0.000728334
-0.0001389
-0.000594722
-0.00160381
-0.00303027
-0.0046528
-0.00622163
-0.00755895
-0.00855054
-0.00913915
-0.0092869
-0.00897264
-0.00816697
-0.0068295
-0.00478204
-0.00119893
0.00547215
0.0172577
0.035118
)
;

boundaryField
{
    movingWall
    {
        type            zeroGradient;
    }
    fixedWalls
    {
        type            zeroGradient;
    }
    frontAndBack
    {
        type            empty;
    }
}


// ************************************************************************* //
