/*--------------------------------*- C++ -*----------------------------------*\
  =========                 |
  \\      /  F ield         | OpenFOAM: The Open Source CFD Toolbox
   \\    /   O peration     | Website:  https://openfoam.org
    \\  /    A nd           | Version:  11
     \\/     M anipulation  |
\*---------------------------------------------------------------------------*/
FoamFile
{
    format      ascii;
    class       surfaceScalarField;
    location    "7";
    object      phi;
}
// * * * * * * * * * * * * * * * * * * * * * * * * * * * * * * * * * * * * * //

dimensions      [0 3 -1 0 0 0 0];

internalField   nonuniform List<scalar> 
760
(
1.32908e-07
-1.32907e-07
-8.75133e-08
2.20422e-07
-8.26666e-07
7.39152e-07
-2.05213e-06
1.22546e-06
-3.39998e-06
1.34785e-06
-4.61168e-06
1.2117e-06
-5.64373e-06
1.03205e-06
-6.46585e-06
8.22124e-07
-7.07437e-06
6.08513e-07
-7.48465e-06
4.10278e-07
-7.70899e-06
2.2434e-07
-7.74271e-06
3.3723e-08
-7.57274e-06
-1.69965e-07
-7.19945e-06
-3.73292e-07
-6.55895e-06
-6.405e-07
-5.62066e-06
-9.38288e-07
-4.33214e-06
-1.28853e-06
-2.73298e-06
-1.59916e-06
-1.04398e-06
-1.689e-06
-1.04398e-06
-3.27343e-07
1.94436e-07
-1.24169e-06
1.13477e-06
-2.54489e-06
2.04236e-06
-3.77314e-06
2.45371e-06
-4.80424e-06
2.37895e-06
-5.71508e-06
2.12254e-06
-6.45913e-06
1.77611e-06
-7.04603e-06
1.40902e-06
-7.48928e-06
1.05177e-06
-7.78481e-06
7.05806e-07
-7.91929e-06
3.58823e-07
-7.87665e-06
-8.91937e-09
-7.69469e-06
-3.51925e-07
-7.32471e-06
-7.43275e-07
-6.75789e-06
-1.20732e-06
-5.94904e-06
-1.74714e-06
-4.85713e-06
-2.38044e-06
-3.42217e-06
-3.03413e-06
-1.67853e-06
-3.43264e-06
-2.72251e-06
-9.21553e-07
1.11599e-06
-2.17656e-06
2.38978e-06
-3.30526e-06
3.17106e-06
-4.23565e-06
3.38409e-06
-5.02034e-06
3.16365e-06
-5.66897e-06
2.77117e-06
-6.17972e-06
2.28686e-06
-6.54513e-06
1.77443e-06
-6.78168e-06
1.28832e-06
-6.89182e-06
8.15953e-07
-6.89781e-06
3.64803e-07
-6.81797e-06
-8.87555e-08
-6.62509e-06
-5.44803e-07
-6.30967e-06
-1.0587e-06
-5.85722e-06
-1.65976e-06
-5.23013e-06
-2.37423e-06
-4.39301e-06
-3.21756e-06
-3.27898e-06
-4.14815e-06
-1.81148e-06
-4.90014e-06
-4.53398e-06
-1.1597e-06
2.27569e-06
-2.32033e-06
3.5504e-06
-3.26338e-06
4.11411e-06
-3.9867e-06
4.10741e-06
-4.5562e-06
3.73315e-06
-4.98546e-06
3.20043e-06
-5.28939e-06
2.59079e-06
-5.49363e-06
1.97866e-06
-5.60832e-06
1.40301e-06
-5.64963e-06
8.57266e-07
-5.62031e-06
3.35477e-07
-5.52487e-06
-1.8419e-07
-5.34879e-06
-7.20888e-07
-5.09046e-06
-1.31703e-06
-4.73958e-06
-2.01064e-06
-4.27025e-06
-2.84356e-06
-3.6446e-06
-3.84321e-06
-2.80003e-06
-4.99272e-06
-1.60583e-06
-6.09434e-06
-6.13981e-06
-1.1069e-06
3.38259e-06
-2.08993e-06
4.53343e-06
-2.84827e-06
4.87246e-06
-3.41052e-06
4.66966e-06
-3.82183e-06
4.14446e-06
-4.10651e-06
3.48511e-06
-4.2946e-06
2.77887e-06
-4.41131e-06
2.09538e-06
-4.46491e-06
1.4566e-06
-4.46425e-06
8.56612e-07
-4.41139e-06
2.82613e-07
-4.30848e-06
-2.87102e-07
-4.15147e-06
-8.77896e-07
-3.94192e-06
-1.52657e-06
-3.67535e-06
-2.27721e-06
-3.33576e-06
-3.18315e-06
-2.88551e-06
-4.29345e-06
-2.25497e-06
-5.62326e-06
-1.34001e-06
-7.0093e-06
-7.47983e-06
-9.15661e-07
4.29825e-06
-1.69896e-06
5.31673e-06
-2.29436e-06
5.46786e-06
-2.72363e-06
5.09892e-06
-3.02253e-06
4.44336e-06
-3.21936e-06
3.68193e-06
-3.34382e-06
2.90333e-06
-3.41428e-06
2.16584e-06
-3.43875e-06
1.48107e-06
-3.4223e-06
8.40166e-07
-3.36631e-06
2.26625e-07
-3.27114e-06
-3.82274e-07
-3.13658e-06
-1.01246e-06
-2.96553e-06
-1.69762e-06
-2.7603e-06
-2.48244e-06
-2.51667e-06
-3.42678e-06
-2.21475e-06
-4.59537e-06
-1.78554e-06
-6.05247e-06
-1.08039e-06
-7.71446e-06
-8.56021e-06
-6.94714e-07
4.99297e-06
-1.2737e-06
5.89572e-06
-1.716e-06
5.91015e-06
-2.03074e-06
5.41367e-06
-2.24718e-06
4.6598e-06
-2.38876e-06
3.82352e-06
-2.47809e-06
2.99266e-06
-2.52798e-06
2.21573e-06
-2.54504e-06
1.49813e-06
-2.53217e-06
8.27296e-07
-2.48876e-06
1.83222e-07
-2.41319e-06
-4.57845e-07
-2.3049e-06
-1.12075e-06
-2.16782e-06
-1.8347e-06
-2.00987e-06
-2.64039e-06
-1.83546e-06
-3.60119e-06
-1.63399e-06
-4.79684e-06
-1.34905e-06
-6.33741e-06
-8.84239e-07
-8.17927e-06
-9.44445e-06
-4.51998e-07
5.44496e-06
-8.54299e-07
6.29802e-06
-1.15721e-06
6.21306e-06
-1.3745e-06
5.63096e-06
-1.52656e-06
4.81186e-06
-1.62971e-06
3.92667e-06
-1.69872e-06
3.06167e-06
-1.74131e-06
2.25832e-06
-1.76155e-06
1.51837e-06
-1.76031e-06
8.26055e-07
-1.73559e-06
1.58499e-07
-1.68484e-06
-5.08596e-07
-1.60693e-06
-1.19865e-06
-1.50562e-06
-1.93601e-06
-1.39188e-06
-2.75413e-06
-1.27811e-06
-3.71497e-06
-1.16037e-06
-4.91458e-06
-9.90926e-07
-6.50686e-06
-6.8426e-07
-8.48593e-06
-1.01287e-05
-2.41571e-07
5.68653e-06
-4.64002e-07
6.52045e-06
-6.3396e-07
6.38302e-06
-7.64387e-07
5.76139e-06
-8.60714e-07
4.90818e-06
-9.32179e-07
3.99813e-06
-9.85828e-07
3.11532e-06
-1.02449e-06
2.29698e-06
-1.04947e-06
1.54334e-06
-1.06016e-06
8.3675e-07
-1.05437e-06
1.52709e-07
-1.02984e-06
-5.33124e-07
-9.85728e-07
-1.24277e-06
-9.25459e-07
-1.99628e-06
-8.60194e-07
-2.81939e-06
-8.0583e-07
-3.76933e-06
-7.65472e-07
-4.95494e-06
-6.99549e-07
-6.57278e-06
-5.4603e-07
-8.63945e-06
-1.06747e-05
-2.42946e-08
5.71083e-06
-9.74613e-08
6.59361e-06
-1.5186e-07
6.43742e-06
-1.96702e-07
5.80623e-06
-2.37001e-07
4.94848e-06
-2.75524e-07
4.03666e-06
-3.12157e-07
3.15196e-06
-3.44773e-07
2.3296e-06
-3.71918e-07
1.57049e-06
-3.92249e-07
8.57082e-07
-4.04296e-07
1.64756e-07
-4.06781e-07
-5.30639e-07
-3.99641e-07
-1.24991e-06
-3.85973e-07
-2.00995e-06
-3.76387e-07
-2.82898e-06
-3.82896e-07
-3.76282e-06
-4.28883e-07
-4.90895e-06
-4.57783e-07
-6.54388e-06
-4.13864e-07
-8.68337e-06
-1.10886e-05
1.74681e-07
5.53615e-06
2.63665e-07
6.50463e-06
3.30571e-07
6.37051e-06
3.57584e-07
5.77922e-06
3.68487e-07
4.93758e-06
3.63871e-07
4.04127e-06
3.47994e-07
3.16783e-06
3.2565e-07
2.35194e-06
2.99986e-07
1.59615e-06
2.72531e-07
8.84537e-07
2.43681e-07
1.93606e-07
2.13363e-07
-5.0032e-07
1.80595e-07
-1.21714e-06
1.42603e-07
-1.97196e-06
9.10762e-08
-2.77745e-06
-3.59989e-09
-3.66815e-06
-1.12115e-07
-4.80044e-06
-2.51036e-07
-6.40496e-06
-3.24177e-07
-8.61023e-06
-1.14128e-05
3.63211e-07
5.17294e-06
6.017e-07
6.26614e-06
7.82047e-07
6.19017e-06
8.94062e-07
5.6672e-06
9.64865e-07
4.86678e-06
1.00242e-06
4.00372e-06
1.01478e-06
3.15548e-06
1.00889e-06
2.35783e-06
9.89115e-07
1.61593e-06
9.57103e-07
9.16549e-07
9.12137e-07
2.38571e-07
8.5256e-07
-4.40744e-07
7.75902e-07
-1.14048e-06
6.7919e-07
-1.87525e-06
5.54725e-07
-2.65299e-06
3.96354e-07
-3.50978e-06
1.81428e-07
-4.58551e-06
-7.48575e-08
-6.14867e-06
-2.25177e-07
-8.45991e-06
-1.1638e-05
5.4622e-07
4.62672e-06
9.30709e-07
5.88165e-06
1.22049e-06
5.90038e-06
1.42311e-06
5.46459e-06
1.56198e-06
4.72791e-06
1.65186e-06
3.91383e-06
1.70213e-06
3.10521e-06
1.72072e-06
2.33924e-06
1.71271e-06
1.62394e-06
1.67974e-06
9.49518e-07
1.61997e-06
2.98345e-07
1.53054e-06
-3.51318e-07
1.40743e-06
-1.01737e-06
1.2468e-06
-1.71461e-06
1.04448e-06
-2.45067e-06
7.9448e-07
-3.25977e-06
4.71289e-07
-4.26232e-06
1.18631e-07
-5.79602e-06
-1.11717e-07
-8.22956e-06
-1.17497e-05
7.01225e-07
3.92549e-06
1.21954e-06
5.36334e-06
1.61628e-06
5.50364e-06
1.92684e-06
5.15403e-06
2.15272e-06
4.50203e-06
2.31154e-06
3.75501e-06
2.41415e-06
3.0026e-06
2.46896e-06
2.28443e-06
2.4813e-06
1.6116e-06
2.45285e-06
9.77964e-07
2.38091e-06
3.70289e-07
2.26119e-06
-2.31597e-07
2.08948e-06
-8.45666e-07
1.86048e-06
-1.48562e-06
1.57131e-06
-2.1615e-06
1.22026e-06
-2.90872e-06
7.91358e-07
-3.83341e-06
3.54304e-07
-5.35896e-06
4.94927e-08
-7.92475e-06
-1.17002e-05
8.30327e-07
3.09517e-06
1.46475e-06
4.72892e-06
1.97502e-06
4.99337e-06
2.40298e-06
4.72606e-06
2.7336e-06
4.17141e-06
2.9782e-06
3.5104e-06
3.14811e-06
2.83269e-06
3.25197e-06
2.18058e-06
3.29477e-06
1.56879e-06
3.27826e-06
9.9448e-07
3.19928e-06
4.49265e-07
3.05018e-06
-8.24951e-08
2.82957e-06
-6.25053e-07
2.52992e-06
-1.18597e-06
2.14819e-06
-1.77977e-06
1.69081e-06
-2.45134e-06
1.14898e-06
-3.29159e-06
6.08809e-07
-4.81879e-06
1.835e-07
-7.49944e-06
-1.15167e-05
8.32744e-07
2.26242e-06
1.56627e-06
3.99539e-06
2.21628e-06
4.34337e-06
2.78486e-06
4.15748e-06
3.25016e-06
3.7061e-06
3.60971e-06
3.15085e-06
3.87153e-06
2.57088e-06
4.0442e-06
2.00791e-06
4.13258e-06
1.48041e-06
4.13877e-06
9.88294e-07
4.06047e-06
5.27557e-07
3.89299e-06
8.49913e-08
3.62697e-06
-3.59033e-07
3.26162e-06
-8.20622e-07
2.79039e-06
-1.30855e-06
2.22937e-06
-1.89031e-06
1.57266e-06
-2.63488e-06
9.19907e-07
-4.16604e-06
3.75735e-07
-6.95527e-06
-1.11409e-05
7.41189e-07
1.52123e-06
1.54995e-06
3.18663e-06
2.35228e-06
3.54104e-06
3.07518e-06
3.43458e-06
3.68871e-06
3.09257e-06
4.1825e-06
2.65706e-06
4.55469e-06
2.19869e-06
4.81142e-06
1.75118e-06
4.95821e-06
1.33361e-06
4.99864e-06
9.47873e-07
4.9339e-06
5.92288e-07
4.76441e-06
2.54491e-07
4.47272e-06
-6.73502e-08
4.07035e-06
-4.18251e-07
3.53825e-06
-7.76442e-07
2.89735e-06
-1.24941e-06
2.14994e-06
-1.88747e-06
1.38224e-06
-3.39834e-06
6.53022e-07
-6.22605e-06
-1.04879e-05
2.39938e-07
1.28129e-06
1.17019e-06
2.25637e-06
2.15971e-06
2.55152e-06
3.08425e-06
2.51004e-06
3.88378e-06
2.29304e-06
4.5418e-06
1.99905e-06
5.0565e-06
1.68399e-06
5.42959e-06
1.37809e-06
5.66939e-06
1.09381e-06
5.78244e-06
8.34821e-07
5.77452e-06
6.00213e-07
5.65133e-06
3.77676e-07
5.41374e-06
1.70238e-07
5.05884e-06
-6.33435e-08
4.55318e-06
-2.70781e-07
3.92336e-06
-6.19594e-07
3.14606e-06
-1.11017e-06
2.29021e-06
-2.54249e-06
1.18758e-06
-5.12342e-06
-9.30035e-06
-5.54441e-07
1.83573e-06
4.76597e-07
1.22534e-06
1.76847e-06
1.25965e-06
2.96639e-06
1.31212e-06
4.00312e-06
1.25631e-06
4.87416e-06
1.12801e-06
5.58457e-06
9.73581e-07
6.13106e-06
8.316e-07
6.53268e-06
6.92194e-07
6.79359e-06
5.73905e-07
6.93788e-06
4.55924e-07
6.95909e-06
3.56468e-07
6.87663e-06
2.52699e-07
6.66088e-06
1.52407e-07
6.34765e-06
4.24423e-08
5.91015e-06
-1.82089e-07
5.29107e-06
-4.91093e-07
4.40634e-06
-1.65776e-06
2.61015e-06
-3.32724e-06
-6.6902e-06
1.83573e-06
3.06107e-06
4.32072e-06
5.63284e-06
6.88915e-06
8.01716e-06
8.99074e-06
9.82234e-06
1.05145e-05
1.10884e-05
1.15444e-05
1.19008e-05
1.21535e-05
1.23059e-05
1.23484e-05
1.21663e-05
1.16752e-05
1.00174e-05
6.6902e-06
)
;

boundaryField
{
    movingWall
    {
        type            calculated;
        value           uniform 0;
    }
    fixedWalls
    {
        type            calculated;
        value           uniform 0;
    }
    frontAndBack
    {
        type            empty;
    }
}


// ************************************************************************* //
