/*--------------------------------*- C++ -*----------------------------------*\
  =========                 |
  \\      /  F ield         | OpenFOAM: The Open Source CFD Toolbox
   \\    /   O peration     | Website:  https://openfoam.org
    \\  /    A nd           | Version:  11
     \\/     M anipulation  |
\*---------------------------------------------------------------------------*/
FoamFile
{
    format      ascii;
    class       volVectorField;
    location    "7";
    object      U;
}
// * * * * * * * * * * * * * * * * * * * * * * * * * * * * * * * * * * * * * //

dimensions      [0 1 -1 0 0 0 0];

internalField   nonuniform List<vector> 
400
(
(0.00225273 -0.00273223 0)
(0.00267989 -0.00062424 0)
(-0.00583404 0.00322158 0)
(-0.024658 0.00994371 0)
(-0.057035 0.0138569 0)
(-0.0826263 0.0119455 0)
(-0.105791 0.0103782 0)
(-0.123395 0.00804914 0)
(-0.137462 0.00620889 0)
(-0.147155 0.00402356 0)
(-0.153124 0.00228236 0)
(-0.155541 0.000429603 0)
(-0.154666 -0.00248021 0)
(-0.148341 -0.00465127 0)
(-0.137837 -0.00787952 0)
(-0.120871 -0.0108513 0)
(-0.0982014 -0.0142013 0)
(-0.0691788 -0.0162147 0)
(-0.0370374 -0.014721 0)
(-0.00876698 -0.00412048 0)
(-0.00162552 -0.00283906 0)
(-0.0112913 0.0102123 0)
(-0.0362276 0.0282931 0)
(-0.0639435 0.0388328 0)
(-0.0879897 0.0380678 0)
(-0.1074 0.0343257 0)
(-0.124013 0.0290391 0)
(-0.136221 0.0235136 0)
(-0.146762 0.0171385 0)
(-0.153781 0.0114999 0)
(-0.158124 0.00594109 0)
(-0.159033 0.000471982 0)
(-0.156737 -0.00557166 0)
(-0.151016 -0.0122757 0)
(-0.141343 -0.0204775 0)
(-0.126831 -0.0298986 0)
(-0.107199 -0.0406929 0)
(-0.0820884 -0.0504307 0)
(-0.0512561 -0.0532317 0)
(-0.0187535 -0.0347534 0)
(-0.0075382 0.0118875 0)
(-0.0300439 0.0372256 0)
(-0.0553506 0.0536129 0)
(-0.0769973 0.0587711 0)
(-0.0944226 0.0554014 0)
(-0.108466 0.0486686 0)
(-0.119787 0.040136 0)
(-0.128372 0.0311239 0)
(-0.134398 0.0230467 0)
(-0.137365 0.0149789 0)
(-0.138555 0.00704133 0)
(-0.137618 -0.00107075 0)
(-0.135216 -0.00960414 0)
(-0.129952 -0.0190165 0)
(-0.122215 -0.0300411 0)
(-0.111009 -0.0431381 0)
(-0.0958679 -0.0586163 0)
(-0.0761505 -0.0755225 0)
(-0.0502667 -0.0879294 0)
(-0.0214959 -0.0767145 0)
(-0.0116049 0.0344667 0)
(-0.0357595 0.0602014 0)
(-0.057793 0.0732427 0)
(-0.0743467 0.0748414 0)
(-0.0869725 0.0689377 0)
(-0.0966631 0.0597275 0)
(-0.10373 0.0488079 0)
(-0.108611 0.0376524 0)
(-0.111504 0.0269351 0)
(-0.112996 0.0166358 0)
(-0.113125 0.00686109 0)
(-0.111875 -0.00290363 0)
(-0.109216 -0.0131246 0)
(-0.10483 -0.0245176 0)
(-0.0987105 -0.037776 0)
(-0.0904005 -0.0536268 0)
(-0.0791592 -0.0724717 0)
(-0.0640147 -0.0936624 0)
(-0.0430007 -0.11272 0)
(-0.0195093 -0.1108 0)
(-0.0118171 0.0559995 0)
(-0.0338882 0.0805342 0)
(-0.0515546 0.089572 0)
(-0.0643417 0.0876735 0)
(-0.0736437 0.0788996 0)
(-0.0802355 0.0670812 0)
(-0.0846319 0.0539454 0)
(-0.0874878 0.0409562 0)
(-0.0890637 0.028687 0)
(-0.089572 0.017148 0)
(-0.0890331 0.00614762 0)
(-0.0874804 -0.00478603 0)
(-0.0848975 -0.0161599 0)
(-0.0812214 -0.0287375 0)
(-0.0764357 -0.0433851 0)
(-0.0703752 -0.0610885 0)
(-0.0624565 -0.0826864 0)
(-0.0512276 -0.108191 0)
(-0.0347202 -0.133645 0)
(-0.0171755 -0.139319 0)
(-0.0100425 0.0758974 0)
(-0.0281632 0.0980101 0)
(-0.0418694 0.103117 0)
(-0.0517548 0.0976873 0)
(-0.05855 0.0860373 0)
(-0.0631131 0.0718744 0)
(-0.0660218 0.0570093 0)
(-0.0678444 0.0427494 0)
(-0.0687311 0.0294582 0)
(-0.0687888 0.017 0)
(-0.0680603 0.00507563 0)
(-0.0665548 -0.00674436 0)
(-0.0642662 -0.0189756 0)
(-0.0612028 -0.0323444 0)
(-0.0574138 -0.0477649 0)
(-0.0529001 -0.0663842 0)
(-0.0474441 -0.0893893 0)
(-0.0396014 -0.117616 0)
(-0.0290246 -0.149059 0)
(-0.0116769 -0.162501 0)
(-0.00819242 0.0923994 0)
(-0.0211962 0.111843 0)
(-0.0315076 0.113724 0)
(-0.0387897 0.105217 0)
(-0.0436374 0.0911763 0)
(-0.0468643 0.0751982 0)
(-0.0489248 0.0590803 0)
(-0.0502216 0.0439003 0)
(-0.050849 0.0298322 0)
(-0.050883 0.0166657 0)
(-0.0503275 0.00404059 0)
(-0.0491449 -0.00849802 0)
(-0.0473049 -0.0214551 0)
(-0.0448356 -0.035464 0)
(-0.0418493 -0.0514061 0)
(-0.0384602 -0.0705382 0)
(-0.0347442 -0.0942978 0)
(-0.0292216 -0.12454 0)
(-0.0233174 -0.160012 0)
(-0.00938268 -0.181465 0)
(-0.00537708 0.104439 0)
(-0.0140823 0.12219 0)
(-0.0214104 0.121522 0)
(-0.0263522 0.110673 0)
(-0.0296563 0.0948986 0)
(-0.0319222 0.0776352 0)
(-0.0334476 0.0606327 0)
(-0.0344902 0.0447857 0)
(-0.0350937 0.0301632 0)
(-0.0352891 0.0164848 0)
(-0.0350432 0.00332227 0)
(-0.0342936 -0.00980062 0)
(-0.0329935 -0.0233626 0)
(-0.0311722 -0.0378928 0)
(-0.0289748 -0.0541443 0)
(-0.0265823 -0.0734047 0)
(-0.0243691 -0.0974029 0)
(-0.0207869 -0.128876 0)
(-0.0188006 -0.167246 0)
(-0.00598875 -0.196531 0)
(-0.00326879 0.111961 0)
(-0.00748231 0.128555 0)
(-0.0119051 0.126344 0)
(-0.0147083 0.114225 0)
(-0.016697 0.0974098 0)
(-0.018173 0.0793808 0)
(-0.0192764 0.0618422 0)
(-0.020145 0.0455743 0)
(-0.020769 0.0305935 0)
(-0.0211367 0.016562 0)
(-0.0211984 0.00300271 0)
(-0.0208941 -0.0105723 0)
(-0.0201827 -0.0246121 0)
(-0.0190923 -0.0395538 0)
(-0.0177858 -0.0559861 0)
(-0.0164148 -0.0751395 0)
(-0.0158186 -0.0990343 0)
(-0.0136157 -0.131302 0)
(-0.0152008 -0.17172 0)
(-0.00425934 -0.208693 0)
(-1.30257e-05 0.114919 0)
(-0.00127733 0.132152 0)
(-0.00303838 0.128937 0)
(-0.00379774 0.116121 0)
(-0.0045606 0.0988734 0)
(-0.0052554 0.0805255 0)
(-0.00591895 0.0627591 0)
(-0.0065741 0.0462887 0)
(-0.00716589 0.0311149 0)
(-0.00765052 0.0168734 0)
(-0.00798051 0.00306597 0)
(-0.00811652 -0.0107985 0)
(-0.00803939 -0.0251415 0)
(-0.00777339 -0.0403237 0)
(-0.00749565 -0.0567799 0)
(-0.00720107 -0.0756134 0)
(-0.00851285 -0.0990383 0)
(-0.00737479 -0.131608 0)
(-0.0123469 -0.173525 0)
(-0.00189403 -0.218192 0)
(0.00206327 0.113427 0)
(0.0043502 0.131874 0)
(0.00554802 0.12866 0)
(0.00664906 0.116194 0)
(0.00709639 0.099111 0)
(0.00724757 0.0809409 0)
(0.00711699 0.0632881 0)
(0.00676632 0.0468515 0)
(0.00629211 0.031657 0)
(0.00575589 0.0173634 0)
(0.00519517 0.00348327 0)
(0.00462203 -0.0104676 0)
(0.00402245 -0.0248905 0)
(0.00337372 -0.0400972 0)
(0.00246885 -0.0563823 0)
(0.00156279 -0.0746618 0)
(-0.00183305 -0.0975662 0)
(-0.00159027 -0.129848 0)
(-0.0102229 -0.173408 0)
(-0.000244353 -0.225544 0)
(0.00399996 0.108983 0)
(0.00986746 0.129112 0)
(0.0133918 0.126687 0)
(0.0165642 0.115226 0)
(0.0184667 0.0985051 0)
(0.0196279 0.0807501 0)
(0.0202012 0.0634204 0)
(0.020302 0.0472 0)
(0.0200564 0.0321587 0)
(0.019542 0.0179927 0)
(0.0187857 0.00424617 0)
(0.0177759 -0.00954982 0)
(0.0164577 -0.0237874 0)
(0.0148169 -0.0387545 0)
(0.0126419 -0.0546418 0)
(0.0101725 -0.0721661 0)
(0.00467075 -0.0942343 0)
(0.00417562 -0.125884 0)
(-0.0085891 -0.171213 0)
(0.00228639 -0.230681 0)
(0.00608013 0.0999149 0)
(0.0149916 0.122527 0)
(0.0212876 0.121413 0)
(0.0261727 0.11183 0)
(0.0297732 0.0962953 0)
(0.0321251 0.0794396 0)
(0.0335927 0.0628095 0)
(0.0343271 0.0471154 0)
(0.034455 0.0324865 0)
(0.0340609 0.0186917 0)
(0.0331578 0.00533628 0)
(0.031722 -0.00801669 0)
(0.0296467 -0.0217445 0)
(0.0269428 -0.0361454 0)
(0.0232868 -0.0513547 0)
(0.0191521 -0.0680585 0)
(0.0115277 -0.0888505 0)
(0.00988432 -0.119881 0)
(-0.00725112 -0.167357 0)
(0.0051437 -0.233916 0)
(0.00783539 0.0877631 0)
(0.019484 0.11452 0)
(0.0282996 0.115486 0)
(0.0351619 0.107314 0)
(0.040721 0.0931821 0)
(0.0446409 0.0773468 0)
(0.0473257 0.0615707 0)
(0.048963 0.0465972 0)
(0.0496736 0.0326051 0)
(0.0495453 0.0194284 0)
(0.0485758 0.00674267 0)
(0.046742 -0.00585653 0)
(0.0438725 -0.0187135 0)
(0.0400552 -0.0321618 0)
(0.0347393 -0.0463642 0)
(0.0288739 -0.06198 0)
(0.0189332 -0.0813132 0)
(0.0158755 -0.111982 0)
(-0.00556289 -0.161817 0)
(0.00935798 -0.235371 0)
(0.00937769 0.0718501 0)
(0.0234431 0.1016 0)
(0.0344807 0.105406 0)
(0.0435649 0.0992741 0)
(0.0512312 0.0872856 0)
(0.0570877 0.073174 0)
(0.0613313 0.0588098 0)
(0.064161 0.0450351 0)
(0.0656916 0.032113 0)
(0.0660111 0.0199538 0)
(0.0650969 0.00832602 0)
(0.0629356 -0.00314701 0)
(0.0592571 -0.0146961 0)
(0.0543336 -0.0267488 0)
(0.0472268 -0.0395243 0)
(0.039622 -0.053795 0)
(0.0270398 -0.0716198 0)
(0.0225189 -0.102286 0)
(-0.00335942 -0.155297 0)
(0.0144567 -0.235631 0)
(0.00930522 0.0542741 0)
(0.0251129 0.0892974 0)
(0.0381817 0.0955839 0)
(0.0497735 0.0908242 0)
(0.0601083 0.0805236 0)
(0.068514 0.0680742 0)
(0.0748787 0.0552261 0)
(0.0793527 0.0428432 0)
(0.0820494 0.0312443 0)
(0.0830921 0.0203943 0)
(0.0823956 0.0101511 0)
(0.0801062 0.000163447 0)
(0.075711 -0.00968541 0)
(0.0698367 -0.0199403 0)
(0.0609245 -0.0308466 0)
(0.0517606 -0.0434862 0)
(0.0363713 -0.0595943 0)
(0.0305633 -0.0906361 0)
(-0.000328526 -0.146563 0)
(0.0212347 -0.233901 0)
(0.0076691 0.0360205 0)
(0.0242355 0.0700589 0)
(0.0395204 0.0787595 0)
(0.0539495 0.0764128 0)
(0.0672164 0.0686825 0)
(0.0785381 0.058825 0)
(0.0874221 0.0483517 0)
(0.0938922 0.0381436 0)
(0.0980202 0.0286034 0)
(0.100055 0.0197397 0)
(0.099769 0.0114889 0)
(0.0976808 0.00353874 0)
(0.0928243 -0.00420995 0)
(0.0865691 -0.0122334 0)
(0.0763037 -0.0206983 0)
(0.0663047 -0.03132 0)
(0.0483677 -0.045217 0)
(0.0418306 -0.076844 0)
(0.00489721 -0.136018 0)
(0.0304093 -0.226877 0)
(-0.0035029 0.0238308 0)
(0.0151753 0.0576563 0)
(0.0335561 0.0649541 0)
(0.0520351 0.0632871 0)
(0.0692112 0.0572033 0)
(0.0840345 0.0495012 0)
(0.0959879 0.0414655 0)
(0.105098 0.0335451 0)
(0.1113 0.0261238 0)
(0.115075 0.019329 0)
(0.115992 0.0131469 0)
(0.115068 0.00737194 0)
(0.110894 0.00195677 0)
(0.105884 -0.00365431 0)
(0.0959148 -0.00951075 0)
(0.0869813 -0.0176165 0)
(0.0677498 -0.0292752 0)
(0.0613354 -0.0606484 0)
(0.0178414 -0.120322 0)
(0.0459438 -0.204923 0)
(-0.0149102 0.0301107 0)
(-0.0031321 0.0276558 0)
(0.0227268 0.0323858 0)
(0.0473062 0.0338344 0)
(0.0693648 0.0319861 0)
(0.0885366 0.0282434 0)
(0.104557 0.0239501 0)
(0.117361 0.0198408 0)
(0.126932 0.0160529 0)
(0.133799 0.0125629 0)
(0.137705 0.00944498 0)
(0.139626 0.00640136 0)
(0.138533 0.0038194 0)
(0.136205 0.000437169 0)
(0.129479 -0.00245376 0)
(0.123672 -0.00842232 0)
(0.107592 -0.0175556 0)
(0.102372 -0.045027 0)
(0.0572272 -0.0928918 0)
(0.0775904 -0.156502 0)
(0.0399076 0.0380782 0)
(0.0459108 0.027378 0)
(0.0698138 0.0241207 0)
(0.0988701 0.0239416 0)
(0.124641 0.0230652 0)
(0.148085 0.021295 0)
(0.169281 0.0188981 0)
(0.187694 0.0168204 0)
(0.203293 0.014547 0)
(0.216222 0.0129201 0)
(0.22657 0.010963 0)
(0.23478 0.00977995 0)
(0.240657 0.00795353 0)
(0.244681 0.00702533 0)
(0.246387 0.00487914 0)
(0.244588 0.00256272 0)
(0.236565 0.0019444 0)
(0.221934 -0.00962947 0)
(0.172902 -0.0130074 0)
(0.145889 -0.0641332 0)
)
;

boundaryField
{
    movingWall
    {
        type            fixedValue;
        value           uniform (1 0 0);
    }
    fixedWalls
    {
        type            noSlip;
    }
    frontAndBack
    {
        type            empty;
    }
}


// ************************************************************************* //
