/*--------------------------------*- C++ -*----------------------------------*\
  =========                 |
  \\      /  F ield         | OpenFOAM: The Open Source CFD Toolbox
   \\    /   O peration     | Website:  https://openfoam.org
    \\  /    A nd           | Version:  11
     \\/     M anipulation  |
\*---------------------------------------------------------------------------*/
FoamFile
{
    format      ascii;
    class       volScalarField;
    location    "1.5";
    object      epsilon;
}
// * * * * * * * * * * * * * * * * * * * * * * * * * * * * * * * * * * * * * //

dimensions      [0 2 -3 0 0 0 0];

internalField   nonuniform List<scalar> 
400
(
0.00017447
0.000291473
0.000386493
0.000446197
0.000482564
0.000505889
0.000523113
0.000538443
0.000553935
0.00056992
0.000585395
0.000598068
0.000604077
0.000605681
0.000605703
0.000583737
0.000531377
0.000434719
0.000285671
0.000182363
0.000295646
0.000272073
0.000321127
0.000358898
0.000383209
0.000398728
0.000409638
0.000418464
0.000426212
0.00043276
0.000437034
0.000439093
0.000440088
0.000442037
0.000446397
0.000447438
0.000432734
0.000386605
0.000313677
0.00029117
0.000429203
0.000320414
0.00034615
0.000375562
0.000396695
0.000410717
0.00042041
0.000427815
0.000434016
0.000439435
0.000444447
0.000450531
0.000460618
0.000478437
0.000506627
0.000542959
0.000565062
0.00055308
0.000449847
0.000379983
0.000531444
0.000368518
0.000378052
0.000401132
0.000419969
0.000433472
0.000443304
0.000451307
0.000458971
0.000467704
0.000479484
0.000497763
0.000527676
0.000576348
0.000653578
0.000771756
0.000906279
0.000962443
0.000858687
0.000656722
0.000607614
0.000405686
0.000405275
0.000424412
0.000442187
0.000456324
0.000468036
0.000479225
0.000491922
0.000508509
0.000532458
0.000569761
0.000630231
0.000732556
0.000914144
0.00123262
0.00165131
0.00183991
0.0018522
0.001537
0.000663882
0.0004338
0.00042742
0.000444044
0.000461439
0.000476658
0.000490845
0.000506231
0.00052557
0.000552425
0.000592326
0.000655289
0.000760783
0.000952696
0.00131765
0.00193661
0.00261335
0.00293438
0.00303101
0.00285597
0.000705217
0.000455156
0.00044475
0.000459834
0.000477237
0.000493712
0.00051056
0.000530478
0.000556992
0.000594862
0.000651883
0.000743021
0.000900728
0.00119782
0.00175406
0.00256283
0.00325316
0.00360722
0.00374003
0.00375899
0.000735446
0.000471296
0.000457917
0.000471935
0.000489434
0.000507034
0.000526257
0.000550227
0.000583052
0.000630269
0.000701104
0.000813738
0.00100981
0.00138034
0.00203604
0.00287443
0.00357494
0.00400689
0.00417097
0.00423619
0.000757558
0.00048346
0.000467616
0.000480636
0.000498018
0.0005163
0.000537161
0.000563947
0.000600916
0.000653517
0.000730534
0.000849315
0.00105378
0.00144569
0.00212572
0.00296966
0.00379357
0.004441
0.00467882
0.00469543
0.000773974
0.000492678
0.000474515
0.00048632
0.000503153
0.000521468
0.000542955
0.00057089
0.000609067
0.000661549
0.00073429
0.000842714
0.00103228
0.00140477
0.00206273
0.00292377
0.00388167
0.00484879
0.00523
0.00504632
0.00078679
0.000499824
0.000479245
0.000489475
0.000505271
0.000522924
0.000544022
0.000571469
0.000608387
0.000658207
0.000724669
0.000818416
0.000976609
0.00129905
0.00189373
0.00275436
0.00388255
0.00520283
0.00585735
0.00530238
0.00079779
0.0005056
0.000482411
0.000490758
0.000505242
0.000522142
0.000542695
0.000569332
0.000604299
0.00064886
0.000703877
0.00077521
0.000892722
0.00114346
0.00165286
0.00249632
0.00376255
0.00539157
0.00650651
0.00550187
0.00080924
0.000510712
0.0004847
0.000491277
0.000505018
0.000521695
0.000542285
0.000568554
0.000601616
0.000641036
0.000685142
0.000736106
0.000816174
0.000995148
0.00140182
0.00218983
0.00353598
0.00545784
0.0071311
0.00561871
0.000821984
0.000515472
0.000487036
0.000493004
0.000507163
0.000525253
0.000547653
0.000575525
0.000609288
0.000647767
0.000688221
0.000728444
0.000778896
0.0008958
0.00119996
0.00188569
0.00324816
0.00545521
0.00764678
0.00567716
0.00084101
0.000521228
0.000491995
0.000500055
0.000518677
0.000543088
0.000572891
0.000608214
0.0006483
0.000690753
0.000731504
0.000767906
0.000808055
0.000895441
0.00111953
0.0017035
0.00298881
0.00536375
0.00788934
0.00570181
0.000864771
0.00053041
0.00050605
0.000525324
0.000560045
0.000604384
0.00065677
0.000715965
0.000779556
0.000843275
0.000901059
0.000948261
0.000988749
0.00105789
0.00123963
0.00172006
0.00289026
0.00532501
0.00794818
0.00571078
0.000902138
0.000554442
0.000553865
0.000613338
0.000698917
0.000802579
0.000920909
0.0010504
0.00118545
0.00131868
0.00143988
0.00154238
0.00162245
0.00170742
0.00187502
0.00228081
0.00325837
0.00552664
0.0076052
0.00564633
0.00099018
0.000632875
0.000740789
0.000946199
0.00119916
0.00148634
0.00179928
0.00212853
0.00245825
0.00277741
0.00306462
0.00331793
0.00351329
0.00368407
0.00385355
0.00418901
0.00490211
0.00659405
0.00729249
0.00555961
0.000995797
0.000870432
0.00145006
0.00220545
0.00298324
0.00377615
0.00457008
0.00535066
0.00607371
0.00674236
0.00730608
0.00780752
0.00817245
0.0084822
0.00866425
0.00879649
0.00859287
0.00838979
0.00745465
0.00540191
0.000824001
0.00107185
0.00155598
0.00202958
0.00248552
0.00291811
0.00333339
0.003735
0.00413355
0.00450328
0.00487609
0.00519214
0.00551716
0.0057374
0.00596142
0.00603159
0.00603371
0.00599952
0.0058337
0.00518202
)
;

boundaryField
{
    movingWall
    {
        type            epsilonWallFunction;
        value           nonuniform List<scalar> 
20
(
0.000824001
0.00107185
0.00155598
0.00202958
0.00248552
0.00291811
0.00333339
0.003735
0.00413355
0.00450328
0.00487609
0.00519214
0.00551716
0.0057374
0.00596142
0.00603159
0.00603371
0.00599952
0.0058337
0.00518202
)
;
    }
    fixedWalls
    {
        type            epsilonWallFunction;
        value           nonuniform List<scalar> 
60
(
0.00017447
0.000295646
0.000429203
0.000531444
0.000607614
0.000663882
0.000705217
0.000735446
0.000757558
0.000773974
0.00078679
0.00079779
0.00080924
0.000821984
0.00084101
0.000864771
0.000902138
0.00099018
0.000995797
0.000824001
0.000182363
0.00029117
0.000379983
0.000656722
0.001537
0.00285597
0.00375899
0.00423619
0.00469543
0.00504632
0.00530238
0.00550187
0.00561871
0.00567716
0.00570181
0.00571078
0.00564633
0.00555961
0.00540191
0.00518202
0.00017447
0.000291473
0.000386493
0.000446197
0.000482564
0.000505889
0.000523113
0.000538443
0.000553935
0.00056992
0.000585395
0.000598068
0.000604077
0.000605681
0.000605703
0.000583737
0.000531377
0.000434719
0.000285671
0.000182363
)
;
    }
    frontAndBack
    {
        type            empty;
    }
}


// ************************************************************************* //
