/*--------------------------------*- C++ -*----------------------------------*\
  =========                 |
  \\      /  F ield         | OpenFOAM: The Open Source CFD Toolbox
   \\    /   O peration     | Website:  https://openfoam.org
    \\  /    A nd           | Version:  11
     \\/     M anipulation  |
\*---------------------------------------------------------------------------*/
FoamFile
{
    format      ascii;
    class       volScalarField;
    location    "1.5";
    object      k;
}
// * * * * * * * * * * * * * * * * * * * * * * * * * * * * * * * * * * * * * //

dimensions      [0 2 -2 0 0 0 0];

internalField   nonuniform List<scalar> 
400
(
5.38471e-05
9.02029e-05
0.00011973
0.000138284
0.000149588
0.000156845
0.000162211
0.000166996
0.000171838
0.000176837
0.000181678
0.000185637
0.00018751
0.000188016
0.000188094
0.000181307
0.000165
0.00013478
8.82349e-05
5.63238e-05
9.15151e-05
0.00022534
0.000292726
0.000331692
0.000355889
0.000371826
0.000383586
0.000393814
0.000404039
0.000414853
0.000426083
0.000436887
0.000445849
0.000449863
0.00044774
0.000431904
0.000393122
0.000317563
0.000189657
9.01219e-05
0.000133117
0.000324818
0.000417261
0.000471043
0.000504712
0.000526722
0.000542261
0.000554551
0.000565268
0.000574817
0.000582635
0.000587044
0.000588304
0.00058427
0.0005712
0.000543068
0.000489754
0.000394916
0.00023603
0.000118623
0.000164993
0.000392495
0.000501314
0.000565265
0.000605887
0.000632731
0.000651596
0.000666055
0.000677922
0.000687526
0.000692973
0.000694428
0.000690553
0.000678131
0.000656712
0.000628394
0.000595687
0.000535858
0.000381653
0.00020946
0.00018876
0.000441364
0.000562377
0.000634232
0.000680482
0.000711542
0.0007337
0.000750823
0.000764843
0.000775599
0.00078023
0.000780153
0.000770814
0.000752879
0.000746982
0.000781394
0.000864053
0.000897961
0.000768274
0.000491814
0.000206327
0.000477098
0.000607638
0.000686011
0.000737085
0.000771977
0.000797426
0.000817561
0.000834303
0.000846286
0.000850638
0.00084775
0.000835459
0.000834408
0.00089479
0.00109314
0.00128871
0.0013502
0.00122787
0.000902931
0.000219236
0.000503221
0.000641198
0.000724919
0.000780088
0.000818346
0.0008468
0.000869736
0.00088884
0.000901218
0.000904704
0.000898851
0.000893617
0.000928497
0.00110356
0.00143117
0.0016294
0.00168627
0.00152482
0.00117741
0.000228671
0.000522151
0.00066574
0.000753636
0.00081206
0.000853004
0.000883816
0.000908798
0.000929228
0.000940625
0.000942222
0.000935189
0.00093812
0.00102144
0.00128831
0.00166811
0.00187446
0.00193694
0.00175025
0.00132463
0.000235564
0.000535672
0.000683221
0.000774068
0.000834756
0.000877497
0.000909752
0.000935735
0.000956053
0.000965304
0.000963978
0.000955086
0.000965466
0.00108587
0.00140341
0.00180879
0.00207689
0.00217178
0.00200084
0.00146772
0.000240666
0.000545186
0.000695208
0.00078777
0.000849658
0.000893227
0.000925968
0.000951936
0.00097079
0.000978042
0.000972593
0.000959943
0.000971206
0.00110473
0.00143562
0.00185773
0.00222385
0.00238424
0.00223773
0.00157561
0.000244633
0.000551882
0.000703063
0.000796181
0.000858283
0.00090186
0.000934386
0.000959724
0.000977022
0.000982686
0.000973742
0.00095727
0.000963936
0.00108718
0.00140411
0.00184202
0.00228768
0.00256688
0.00248145
0.0016553
0.000248021
0.00055679
0.000708047
0.000800781
0.000862416
0.000905622
0.00093783
0.000962697
0.00097943
0.000984934
0.000975608
0.000954917
0.000952243
0.00105126
0.00133799
0.00178203
0.00229815
0.0027033
0.00270683
0.00171694
0.000251542
0.000560971
0.000711451
0.000803276
0.000864418
0.000907806
0.000940723
0.000966519
0.00098446
0.000991197
0.000983221
0.000962143
0.000954771
0.0010243
0.00126151
0.00169292
0.0022482
0.00276663
0.00290074
0.00175297
0.000255462
0.000565244
0.000714722
0.000806076
0.000867989
0.000913154
0.000948638
0.000977512
0.000999097
0.00100985
0.00100595
0.000988307
0.000977716
0.00102719
0.00120888
0.0015989
0.00217112
0.00278261
0.00304642
0.0017709
0.000261345
0.000571322
0.000720138
0.000812797
0.000877982
0.000928391
0.00097059
0.0010072
0.00103735
0.00105732
0.00106263
0.00105367
0.00104374
0.00107376
0.0012092
0.00153524
0.00208075
0.00276144
0.00310903
0.00177842
0.000268722
0.000580603
0.000732051
0.000830491
0.000905222
0.000968275
0.00102539
0.00107855
0.00112656
0.0011653
0.00118954
0.00119723
0.00119636
0.00121469
0.00130401
0.00154661
0.00203394
0.00272731
0.00311305
0.00178112
0.000280374
0.000600597
0.000761984
0.00087842
0.000977633
0.00106945
0.0011583
0.00124529
0.00132869
0.00140367
0.00146358
0.00150401
0.00152548
0.00154643
0.0016032
0.00175915
0.00209954
0.00271689
0.00296265
0.00176065
0.00030786
0.000647883
0.000850006
0.00102286
0.0011849
0.00134209
0.0014968
0.00164876
0.00179626
0.00193442
0.00205333
0.00214862
0.00221163
0.00225197
0.00228379
0.00235544
0.00251329
0.00285676
0.00275023
0.00173366
0.000309759
0.000699983
0.00108024
0.0014181
0.00171943
0.00199553
0.00225176
0.00249012
0.00270138
0.00288795
0.00304211
0.00317254
0.00326354
0.00333104
0.00336047
0.00335881
0.00328145
0.00312298
0.00265315
0.00168429
0.000256237
0.000333549
0.000484567
0.000632319
0.000774549
0.000909509
0.00103906
0.00116429
0.00128865
0.00140396
0.00152026
0.00161873
0.00172013
0.00178864
0.00185861
0.00188046
0.00188123
0.00187059
0.00181889
0.00161564
)
;

boundaryField
{
    movingWall
    {
        type            kqRWallFunction;
        value           nonuniform List<scalar> 
20
(
0.000256237
0.000333549
0.000484567
0.000632319
0.000774549
0.000909509
0.00103906
0.00116429
0.00128865
0.00140396
0.00152026
0.00161873
0.00172013
0.00178864
0.00185861
0.00188046
0.00188123
0.00187059
0.00181889
0.00161564
)
;
    }
    fixedWalls
    {
        type            kqRWallFunction;
        value           nonuniform List<scalar> 
60
(
5.38471e-05
9.15151e-05
0.000133117
0.000164993
0.00018876
0.000206327
0.000219236
0.000228671
0.000235564
0.000240666
0.000244633
0.000248021
0.000251542
0.000255462
0.000261345
0.000268722
0.000280374
0.00030786
0.000309759
0.000256237
5.63238e-05
9.01219e-05
0.000118623
0.00020946
0.000491814
0.000902931
0.00117741
0.00132463
0.00146772
0.00157561
0.0016553
0.00171694
0.00175297
0.0017709
0.00177842
0.00178112
0.00176065
0.00173366
0.00168429
0.00161564
5.38471e-05
9.02029e-05
0.00011973
0.000138284
0.000149588
0.000156845
0.000162211
0.000166996
0.000171838
0.000176837
0.000181678
0.000185637
0.00018751
0.000188016
0.000188094
0.000181307
0.000165
0.00013478
8.82349e-05
5.63238e-05
)
;
    }
    frontAndBack
    {
        type            empty;
    }
}


// ************************************************************************* //
