/*--------------------------------*- C++ -*----------------------------------*\
  =========                 |
  \\      /  F ield         | OpenFOAM: The Open Source CFD Toolbox
   \\    /   O peration     | Website:  https://openfoam.org
    \\  /    A nd           | Version:  11
     \\/     M anipulation  |
\*---------------------------------------------------------------------------*/
FoamFile
{
    format      ascii;
    class       volScalarField;
    location    "1.5";
    object      nut;
}
// * * * * * * * * * * * * * * * * * * * * * * * * * * * * * * * * * * * * * //

dimensions      [0 2 -1 0 0 0 0];

internalField   nonuniform List<scalar> 
400
(
1.49571e-06
2.51238e-06
3.33817e-06
3.85707e-06
4.17334e-06
4.3765e-06
4.52698e-06
4.66139e-06
4.79758e-06
4.93827e-06
5.07456e-06
5.18584e-06
5.23843e-06
5.25275e-06
5.25694e-06
5.06823e-06
4.61112e-06
3.76085e-06
2.45277e-06
1.56563e-06
2.54951e-06
1.6797e-05
2.40154e-05
2.75893e-05
2.97465e-05
3.12065e-05
3.23272e-05
3.33555e-05
3.44717e-05
3.57918e-05
3.73865e-05
3.91223e-05
4.06517e-05
4.12044e-05
4.04179e-05
3.75218e-05
3.21422e-05
2.34765e-05
1.03205e-05
2.51048e-06
3.71574e-06
2.96353e-05
4.52682e-05
5.31719e-05
5.77928e-05
6.07944e-05
6.29487e-05
6.46947e-05
6.6259e-05
6.76716e-05
6.8741e-05
6.88429e-05
6.76248e-05
6.42162e-05
5.79603e-05
4.8886e-05
3.82035e-05
2.53784e-05
1.11458e-05
3.33286e-06
4.61014e-06
3.76229e-05
5.98288e-05
7.16902e-05
7.867e-05
8.31228e-05
8.61982e-05
8.84689e-05
9.0119e-05
9.09599e-05
9.01366e-05
8.71916e-05
8.13336e-05
7.18101e-05
5.93875e-05
4.60496e-05
3.52384e-05
2.68514e-05
1.52667e-05
6.0126e-06
5.27756e-06
4.32163e-05
7.0234e-05
8.53003e-05
9.42475e-05
9.98551e-05
0.000103514
0.000105871
0.000107026
0.000106468
0.000102897
9.61413e-05
8.4848e-05
6.9639e-05
5.49349e-05
4.45815e-05
4.06906e-05
3.94422e-05
2.86805e-05
1.41635e-05
5.77119e-06
4.72246e-05
7.77458e-05
9.53846e-05
0.000105965
0.000112524
0.000116595
0.000118832
0.000119195
0.000116682
0.000109944
9.87064e-05
8.25717e-05
6.57726e-05
5.46869e-05
5.55333e-05
5.7195e-05
5.5914e-05
4.47675e-05
2.5692e-05
6.13397e-06
5.00725e-05
8.31977e-05
0.000102854
0.000114761
0.000122079
0.000126403
0.000128336
0.000127656
0.000122881
0.000113002
9.78625e-05
7.97907e-05
6.47754e-05
6.24864e-05
7.19289e-05
7.34502e-05
7.09453e-05
5.59507e-05
3.31914e-05
6.39905e-06
5.20644e-05
8.71094e-05
0.000108314
0.000121262
0.000129154
0.000133588
0.000135094
0.000133285
0.000126342
0.000113964
9.67289e-05
7.84367e-05
6.80277e-05
7.33663e-05
8.71243e-05
8.84556e-05
8.42689e-05
6.61009e-05
3.72782e-05
6.5924e-06
5.3417e-05
8.98411e-05
0.000112198
0.000125926
0.000134224
0.00013867
0.000139736
0.000136896
0.000128326
0.000114482
9.66626e-05
7.96095e-05
7.3405e-05
8.33883e-05
9.91546e-05
0.000102335
9.55854e-05
7.70071e-05
4.12909e-05
6.73513e-06
5.42962e-05
9.16689e-05
0.000114847
0.000129131
0.000137702
0.000142125
0.000142858
0.000139261
0.000130135
0.000115941
9.84133e-05
8.22371e-05
7.81898e-05
8.99253e-05
0.000106234
0.000114666
0.000105513
8.61698e-05
4.42758e-05
6.84561e-06
5.48425e-05
9.28267e-05
0.000116556
0.000131214
0.000139985
0.000144437
0.000145058
0.000141212
0.000132041
0.000117758
0.000100771
8.56285e-05
8.1888e-05
9.36974e-05
0.000110869
0.000121316
0.000113977
9.46133e-05
4.65078e-05
6.93953e-06
5.51846e-05
9.35297e-05
0.000117599
0.000132488
0.000141367
0.00014586
0.000146506
0.000142869
0.000134557
0.000121702
0.000105866
9.14159e-05
8.69837e-05
9.74789e-05
0.000114491
0.000126334
0.000121988
0.000101348
4.82215e-05
7.03696e-06
5.54559e-05
9.39853e-05
0.000118208
0.000133163
0.000142171
0.000146872
0.000147874
0.000144984
0.000137937
0.000126988
0.000113183
0.000100521
9.48878e-05
0.000102171
0.000117789
0.000128647
0.000126219
0.000106195
4.92216e-05
7.14547e-06
5.57841e-05
9.43965e-05
0.000118616
0.000133697
0.000142877
0.00014789
0.000149425
0.000147447
0.00014169
0.000132332
0.000120678
0.000110456
0.000106007
0.000109608
0.000122015
0.000130609
0.000127743
0.000109231
4.97166e-05
7.30922e-06
5.63608e-05
9.48667e-05
0.000118902
0.000133757
0.000142835
0.000147993
0.000150111
0.000149388
0.000145657
0.000138928
0.00013012
0.000121335
0.000115883
0.000117546
0.000124524
0.000130372
0.000127952
0.000110269
4.99226e-05
7.5153e-06
5.71991e-05
9.53084e-05
0.000118164
0.000131683
0.000139613
0.00014408
0.000146229
0.000146523
0.000144928
0.000141335
0.00013604
0.000130282
0.000125525
0.000123455
0.000125159
0.000128819
0.000125716
0.000109736
4.99961e-05
7.84233e-06
5.85534e-05
9.43475e-05
0.000113226
0.000123075
0.000128255
0.00013112
0.00013287
0.000134032
0.000134473
0.00013389
0.000131993
0.000129088
0.000126056
0.000123371
0.000122112
0.000121756
0.000120206
0.00010387
4.94111e-05
8.6146e-06
5.96923e-05
8.77794e-05
9.95165e-05
0.000105374
0.000109065
0.000112066
0.000114942
0.000118128
0.000121256
0.000123818
0.000125227
0.000125301
0.000123891
0.000121813
0.0001192
0.00011597
0.000111388
9.33481e-05
4.86547e-05
8.67203e-06
5.06621e-05
7.24266e-05
8.20651e-05
8.91918e-05
9.49093e-05
9.9853e-05
0.000104298
0.000108134
0.00011133
0.000114001
0.000116023
0.000117292
0.000117732
0.000117304
0.000115426
0.000112781
0.000104624
8.49846e-05
4.72637e-05
7.17133e-06
9.34172e-06
1.35814e-05
1.773e-05
2.17232e-05
2.55126e-05
2.91498e-05
3.26645e-05
3.61565e-05
3.93932e-05
4.26587e-05
4.54199e-05
4.82667e-05
5.0185e-05
5.2152e-05
5.2764e-05
5.27889e-05
5.24908e-05
5.10402e-05
4.53349e-05
)
;

boundaryField
{
    movingWall
    {
        type            nutkWallFunction;
        Cmu             0.09;
        kappa           0.41;
        E               9.8;
        value           uniform 0;
    }
    fixedWalls
    {
        type            nutkWallFunction;
        Cmu             0.09;
        kappa           0.41;
        E               9.8;
        value           uniform 0;
    }
    frontAndBack
    {
        type            empty;
    }
}


// ************************************************************************* //
