/*--------------------------------*- C++ -*----------------------------------*\
  =========                 |
  \\      /  F ield         | OpenFOAM: The Open Source CFD Toolbox
   \\    /   O peration     | Website:  https://openfoam.org
    \\  /    A nd           | Version:  11
     \\/     M anipulation  |
\*---------------------------------------------------------------------------*/
FoamFile
{
    format      ascii;
    class       volScalarField;
    location    "1.5";
    object      p;
}
// * * * * * * * * * * * * * * * * * * * * * * * * * * * * * * * * * * * * * //

dimensions      [0 2 -2 0 0 0 0];

internalField   nonuniform List<scalar> 
400
(
-3.73011e-09
-8.69721e-06
-7.73532e-06
2.79151e-06
2.47526e-05
5.97792e-05
0.000110128
0.000178877
0.000270259
0.000390051
0.000545599
0.000744463
0.000995702
0.00131508
0.00170202
0.00212614
0.00254461
0.00288052
0.00307454
0.00311803
8.60839e-06
-1.14536e-06
6.6551e-07
1.33746e-05
3.67197e-05
7.16949e-05
0.000120324
0.000185379
0.000270626
0.000381182
0.00052376
0.000706695
0.000941628
0.00124267
0.00160997
0.00203557
0.00247647
0.0028495
0.00307102
0.00312308
3.87466e-06
-1.15514e-05
-1.32206e-05
-1.32184e-06
2.08834e-05
5.289e-05
9.61103e-05
0.000152748
0.000225906
0.000320058
0.000441626
0.000599724
0.00080798
0.00108365
0.00144162
0.00188789
0.00238133
0.00281192
0.00306416
0.00314111
-2.05092e-05
-4.43967e-05
-5.45068e-05
-4.85347e-05
-3.2034e-05
-7.55358e-06
2.51775e-05
6.74724e-05
0.000121609
0.000191451
0.000283099
0.000406364
0.000577735
0.000822086
0.00116732
0.00163306
0.00217201
0.00265122
0.00295183
0.00311506
-6.97543e-05
-0.000101764
-0.000122283
-0.000126178
-0.000119945
-0.000107879
-9.10764e-05
-6.94544e-05
-4.19316e-05
-5.79723e-06
4.37377e-05
0.000115499
0.000225896
0.000404611
0.000691495
0.00109757
0.00161765
0.00216258
0.0026148
0.00291056
-0.00014385
-0.000182279
-0.000212749
-0.000228287
-0.000235493
-0.000239893
-0.000244007
-0.000249345
-0.000256678
-0.00026568
-0.000274821
-0.00028069
-0.000276702
-0.000241724
-0.000122163
0.000142161
0.000599519
0.00123877
0.00191429
0.00227285
-0.000239809
-0.00028278
-0.000321929
-0.000349519
-0.000371932
-0.000395595
-0.000424494
-0.000462114
-0.000511857
-0.00057728
-0.000662776
-0.000776154
-0.000928177
-0.00110455
-0.00122121
-0.00115306
-0.000776803
-7.22561e-05
0.000769625
0.00114063
-0.000352804
-0.000398652
-0.00044501
-0.000484198
-0.000522319
-0.000566523
-0.000622286
-0.000695297
-0.000792194
-0.000921591
-0.00109585
-0.00133578
-0.00166774
-0.00207272
-0.0024298
-0.00253538
-0.00224374
-0.00156795
-0.000676464
-0.00024636
-0.000477213
-0.000524424
-0.000576385
-0.00062593
-0.000678918
-0.000743095
-0.000825307
-0.000933367
-0.00107722
-0.00127051
-0.00153333
-0.00189482
-0.0023898
-0.00298378
-0.00351313
-0.00373382
-0.00352773
-0.0029333
-0.00213827
-0.00163793
-0.000607211
-0.000654526
-0.000710197
-0.000768002
-0.00083359
-0.000915144
-0.00102058
-0.00115936
-0.00134392
-0.0015915
-0.00192799
-0.00238249
-0.00298715
-0.00369535
-0.00431958
-0.00461003
-0.0044784
-0.00397916
-0.00333402
-0.00281623
-0.000737493
-0.00078382
-0.000840971
-0.000904008
-0.000978529
-0.00107299
-0.00119595
-0.0013578
-0.00157219
-0.00185785
-0.00224023
-0.00274743
-0.00339773
-0.00414088
-0.00479139
-0.00511262
-0.00503941
-0.0046276
-0.00412458
-0.00357754
-0.000863913
-0.000908058
-0.000964044
-0.00102837
-0.00110699
-0.00120855
-0.00134181
-0.00151733
-0.00174859
-0.00205274
-0.00245238
-0.00297134
-0.00361083
-0.00432633
-0.00495288
-0.0052732
-0.00523998
-0.00486439
-0.00446704
-0.00387168
-0.000984401
-0.0010247
-0.0010761
-0.00113668
-0.00121367
-0.00131586
-0.00145186
-0.00163171
-0.00186762
-0.00217274
-0.00256911
-0.00306858
-0.00366381
-0.00431066
-0.00486909
-0.00516882
-0.00515833
-0.00471879
-0.00445416
-0.0036911
-0.00109903
-0.00113275
-0.00117491
-0.00122543
-0.00129464
-0.00139116
-0.00152315
-0.0017
-0.00193353
-0.00222435
-0.00260488
-0.00306934
-0.00360485
-0.0041647
-0.00464066
-0.00488726
-0.00482678
-0.00432288
-0.00419517
-0.00308371
-0.00121337
-0.00123477
-0.00126076
-0.00129375
-0.0013472
-0.0014321
-0.00155457
-0.00172223
-0.00194415
-0.00222718
-0.00258242
-0.00300725
-0.00348307
-0.0039607
-0.00434849
-0.00451502
-0.00437026
-0.00376303
-0.00365259
-0.00206561
-0.00133788
-0.00133211
-0.00133041
-0.00133695
-0.00136697
-0.00143403
-0.00154264
-0.00169884
-0.00190911
-0.00217942
-0.00251373
-0.0029053
-0.00333031
-0.00373542
-0.00403255
-0.00409125
-0.00380789
-0.00297926
-0.00272799
-0.00047688
-0.00150237
-0.00143368
-0.001384
-0.0013433
-0.00134526
-0.00139109
-0.00148372
-0.00162759
-0.00182741
-0.00208659
-0.00240585
-0.00277295
-0.00315798
-0.00349669
-0.0036954
-0.00360244
-0.00308976
-0.00185036
-0.00115702
0.0026408
-0.00173451
-0.00153859
-0.00139944
-0.00130792
-0.00128482
-0.00131392
-0.00139353
-0.00152572
-0.00171532
-0.00196561
-0.0022755
-0.00262574
-0.00298016
-0.00325345
-0.00333292
-0.00300888
-0.00216901
-0.000284124
0.00162664
0.00905742
-0.00223211
-0.00178269
-0.00155817
-0.00142809
-0.00138501
-0.00140266
-0.00147176
-0.00159263
-0.0017689
-0.00200309
-0.00229695
-0.00262369
-0.00295241
-0.00317047
-0.00316895
-0.00264134
-0.00126541
0.00155919
0.0058457
0.0190298
-0.00187464
0.000411662
0.000462397
0.000317017
0.000219081
0.000120507
-2.4186e-05
-0.000222548
-0.000477224
-0.000786984
-0.00114839
-0.00154405
-0.0019184
-0.00218371
-0.00214742
-0.00161414
1.85199e-06
0.00378536
0.0108222
0.0249287
)
;

boundaryField
{
    movingWall
    {
        type            zeroGradient;
    }
    fixedWalls
    {
        type            zeroGradient;
    }
    frontAndBack
    {
        type            empty;
    }
}


// ************************************************************************* //
