/*--------------------------------*- C++ -*----------------------------------*\
  =========                 |
  \\      /  F ield         | OpenFOAM: The Open Source CFD Toolbox
   \\    /   O peration     | Website:  https://openfoam.org
    \\  /    A nd           | Version:  11
     \\/     M anipulation  |
\*---------------------------------------------------------------------------*/
FoamFile
{
    format      ascii;
    class       surfaceScalarField;
    location    "1.5";
    object      phi;
}
// * * * * * * * * * * * * * * * * * * * * * * * * * * * * * * * * * * * * * //

dimensions      [0 3 -1 0 0 0 0];

internalField   nonuniform List<scalar> 
760
(
-2.38386e-08
2.3839e-08
-1.03489e-07
7.96505e-08
-2.18427e-07
1.14938e-07
-3.50137e-07
1.3171e-07
-4.90042e-07
1.39905e-07
-6.35422e-07
1.4538e-07
-7.85715e-07
1.50294e-07
-9.40417e-07
1.54701e-07
-1.09758e-06
1.5716e-07
-1.25246e-06
1.54885e-07
-1.39623e-06
1.43771e-07
-1.51446e-06
1.18224e-07
-1.58728e-06
7.28267e-08
-1.59729e-06
1.00058e-08
-1.51155e-06
-8.57369e-08
-1.31087e-06
-2.00684e-07
-9.9443e-07
-3.16439e-07
-6.02697e-07
-3.91732e-07
-2.30996e-07
-3.71701e-07
-2.30996e-07
-7.71037e-08
1.00943e-07
-1.98401e-07
2.00948e-07
-3.41629e-07
2.58166e-07
-4.9897e-07
2.89052e-07
-6.65698e-07
3.06633e-07
-8.3909e-07
3.18772e-07
-1.01741e-06
3.28617e-07
-1.19873e-06
3.36018e-07
-1.3798e-06
3.38227e-07
-1.55505e-06
3.30136e-07
-1.71577e-06
3.04492e-07
-1.84995e-06
2.52406e-07
-1.94162e-06
1.64492e-07
-1.96429e-06
3.26764e-08
-1.89442e-06
-1.556e-07
-1.70201e-06
-3.93099e-07
-1.36836e-06
-6.50084e-07
-9.04726e-07
-8.55369e-07
-3.83093e-07
-8.93334e-07
-6.14089e-07
-1.13336e-07
2.14279e-07
-2.50609e-07
3.3822e-07
-3.97643e-07
4.05199e-07
-5.54908e-07
4.46317e-07
-7.2163e-07
4.73354e-07
-8.9644e-07
4.93582e-07
-1.07801e-06
5.10188e-07
-1.26479e-06
5.22799e-07
-1.45441e-06
5.27841e-07
-1.64289e-06
5.18621e-07
-1.82391e-06
4.85513e-07
-1.9879e-06
4.16391e-07
-2.1194e-06
2.95993e-07
-2.19445e-06
1.07728e-07
-2.18077e-06
-1.69276e-07
-2.02879e-06
-5.45086e-07
-1.68804e-06
-9.90825e-07
-1.14627e-06
-1.39715e-06
-4.94681e-07
-1.54492e-06
-1.10877e-06
-1.29363e-07
3.43642e-07
-2.73886e-07
4.82743e-07
-4.21753e-07
5.53065e-07
-5.76148e-07
6.00712e-07
-7.39013e-07
6.36219e-07
-9.10904e-07
6.65473e-07
-1.09192e-06
6.91201e-07
-1.282e-06
7.12877e-07
-1.48074e-06
7.26588e-07
-1.68693e-06
7.24812e-07
-1.89778e-06
6.9636e-07
-2.10737e-06
6.2598e-07
-2.30311e-06
4.91736e-07
-2.45881e-06
2.63427e-07
-2.52985e-06
-9.82413e-08
-2.43071e-06
-6.4422e-07
-2.07722e-06
-1.34431e-06
-1.45572e-06
-2.01865e-06
-6.70787e-07
-2.32985e-06
-1.77956e-06
-1.32672e-07
4.76314e-07
-2.78312e-07
6.28384e-07
-4.24999e-07
6.99752e-07
-5.75849e-07
7.51562e-07
-7.34054e-07
7.94425e-07
-9.01813e-07
8.33232e-07
-1.08095e-06
8.7034e-07
-1.2734e-06
9.05323e-07
-1.48127e-06
9.34463e-07
-1.70669e-06
9.50234e-07
-1.95128e-06
9.40943e-07
-2.21418e-06
8.88884e-07
-2.48773e-06
7.6528e-07
-2.74281e-06
5.18514e-07
-2.90488e-06
6.38205e-08
-2.84744e-06
-7.01654e-07
-2.49056e-06
-1.7012e-06
-1.84969e-06
-2.65952e-06
-9.74619e-07
-3.20492e-06
-2.75418e-06
-1.28788e-07
6.05101e-07
-2.70996e-07
7.70593e-07
-4.13916e-07
8.42672e-07
-5.59738e-07
8.97384e-07
-7.11942e-07
9.46628e-07
-8.7378e-07
9.9507e-07
-1.04854e-06
1.0451e-06
-1.23999e-06
1.09677e-06
-1.45263e-06
1.1471e-06
-1.69182e-06
1.18942e-06
-1.96341e-06
1.21253e-06
-2.27115e-06
1.19663e-06
-2.6078e-06
1.10193e-06
-2.92737e-06
8.38085e-07
-3.10855e-06
2.44999e-07
-3.04464e-06
-7.65568e-07
-2.71718e-06
-2.02866e-06
-2.12264e-06
-3.25406e-06
-1.22708e-06
-4.10048e-06
-3.98126e-06
-1.20856e-07
7.25957e-07
-2.56232e-07
9.0597e-07
-3.92643e-07
9.79083e-07
-5.31142e-07
1.03588e-06
-6.74913e-07
1.0904e-06
-8.27616e-07
1.14777e-06
-9.93376e-07
1.21086e-06
-1.1771e-06
1.28049e-06
-1.38478e-06
1.35478e-06
-1.62381e-06
1.42845e-06
-1.90221e-06
1.49093e-06
-2.22373e-06
1.51815e-06
-2.57149e-06
1.44969e-06
-2.87339e-06
1.13998e-06
-3.00194e-06
3.7355e-07
-2.90084e-06
-8.66663e-07
-2.60575e-06
-2.32375e-06
-2.08917e-06
-3.77064e-06
-1.23498e-06
-4.95467e-06
-5.21624e-06
-1.10585e-07
8.36541e-07
-2.36611e-07
1.032e-06
-3.63942e-07
1.10641e-06
-4.9242e-07
1.16436e-06
-6.24526e-07
1.2225e-06
-7.63697e-07
1.28695e-06
-9.14099e-07
1.36126e-06
-1.08074e-06
1.44714e-06
-1.26969e-06
1.54373e-06
-1.48818e-06
1.64695e-06
-1.74269e-06
1.74544e-06
-2.03145e-06
1.80692e-06
-2.3259e-06
1.74414e-06
-2.54556e-06
1.35964e-06
-2.59604e-06
4.24029e-07
-2.48318e-06
-9.79524e-07
-2.23818e-06
-2.56875e-06
-1.81049e-06
-4.19833e-06
-1.07712e-06
-5.68804e-06
-6.29336e-06
-9.91552e-08
9.35696e-07
-2.14077e-07
1.14692e-06
-3.30156e-07
1.22249e-06
-4.45929e-07
1.28013e-06
-5.62865e-07
1.33944e-06
-6.83648e-07
1.40773e-06
-8.11727e-07
1.48934e-06
-9.5117e-07
1.58658e-06
-1.10661e-06
1.69917e-06
-1.2829e-06
1.82324e-06
-1.48246e-06
1.94499e-06
-1.69594e-06
2.0204e-06
-1.89237e-06
1.94058e-06
-2.00998e-06
1.47725e-06
-2.01381e-06
4.27856e-07
-1.93133e-06
-1.062e-06
-1.77238e-06
-2.7277e-06
-1.47852e-06
-4.49219e-06
-9.13889e-07
-6.25267e-06
-7.20725e-06
-8.76029e-08
1.0233e-06
-1.90528e-07
1.24984e-06
-2.93801e-07
1.32577e-06
-3.94562e-07
1.38089e-06
-4.931e-07
1.43798e-06
-5.91021e-07
1.50565e-06
-6.90561e-07
1.58888e-06
-7.94174e-07
1.69019e-06
-9.04162e-07
1.80916e-06
-1.02184e-06
1.94091e-06
-1.1454e-06
2.06855e-06
-1.25971e-06
2.13471e-06
-1.34681e-06
2.02768e-06
-1.37987e-06
1.51031e-06
-1.36638e-06
4.14359e-07
-1.33255e-06
-1.09583e-06
-1.26944e-06
-2.7908e-06
-1.11696e-06
-4.64467e-06
-7.67568e-07
-6.60207e-06
-7.97481e-06
-7.71116e-08
1.10041e-06
-1.68212e-07
1.34094e-06
-2.57854e-07
1.41541e-06
-3.41881e-07
1.46492e-06
-4.19444e-07
1.51554e-06
-4.91052e-07
1.57726e-06
-5.57636e-07
1.65547e-06
-6.19935e-07
1.75249e-06
-6.77904e-07
1.86713e-06
-7.29502e-07
1.99251e-06
-7.67943e-07
2.10699e-06
-7.83547e-07
2.15032e-06
-7.72255e-07
2.01639e-06
-7.43594e-07
1.48165e-06
-7.33793e-07
4.04558e-07
-7.6072e-07
-1.0689e-06
-7.96955e-07
-2.75457e-06
-7.75896e-07
-4.66573e-06
-5.96266e-07
-6.7817e-06
-8.57108e-06
-6.90584e-08
1.16947e-06
-1.49723e-07
1.42161e-06
-2.25696e-07
1.49138e-06
-2.9181e-07
1.53104e-06
-3.46456e-07
1.57019e-06
-3.89371e-07
1.62017e-06
-4.20495e-07
1.68659e-06
-4.39206e-07
1.7712e-06
-4.43551e-07
1.87147e-06
-4.2929e-07
1.97825e-06
-3.90219e-07
2.06792e-06
-3.23529e-07
2.08363e-06
-2.34187e-07
1.92705e-06
-1.64822e-07
1.41228e-06
-1.65876e-07
4.05611e-07
-2.52857e-07
-9.81918e-07
-3.85683e-07
-2.62174e-06
-4.78891e-07
-4.57253e-06
-4.59894e-07
-6.80069e-06
-9.03097e-06
-6.6e-08
1.23547e-06
-1.38499e-07
1.49411e-06
-2.01017e-07
1.5539e-06
-2.48009e-07
1.57803e-06
-2.77929e-07
1.60011e-06
-2.90391e-07
1.63263e-06
-2.84955e-07
1.68115e-06
-2.6046e-07
1.74671e-06
-2.14468e-07
1.82548e-06
-1.42282e-07
1.90606e-06
-3.9598e-08
1.96524e-06
9.0439e-08
1.95359e-06
2.3352e-07
1.78397e-06
3.33355e-07
1.31245e-06
3.20065e-07
4.18901e-07
1.84543e-07
-8.46396e-07
-1.74197e-08
-2.41978e-06
-2.24369e-07
-4.36558e-06
-3.40002e-07
-6.68506e-06
-9.37098e-06
-6.96414e-08
1.30511e-06
-1.37802e-07
1.56227e-06
-1.86918e-07
1.60301e-06
-2.12479e-07
1.60359e-06
-2.15124e-07
1.60275e-06
-1.95129e-07
1.61264e-06
-1.52337e-07
1.63836e-06
-8.57973e-08
1.68017e-06
6.74158e-09
1.73294e-06
1.27288e-07
1.78551e-06
2.78272e-07
1.81425e-06
4.5362e-07
1.77824e-06
6.29334e-07
1.60825e-06
7.45205e-07
1.19658e-06
7.26339e-07
4.37768e-07
5.56934e-07
-6.76991e-07
2.8109e-07
-2.14394e-06
-2.50165e-08
-4.05947e-06
-2.18862e-07
-6.49121e-06
-9.58984e-06
-8.88375e-08
1.39395e-06
-1.53244e-07
1.62667e-06
-1.83757e-07
1.63353e-06
-1.83081e-07
1.60291e-06
-1.54117e-07
1.57379e-06
-9.81854e-08
1.55671e-06
-1.60952e-08
1.55627e-06
9.20786e-08
1.57199e-06
2.27117e-07
1.5979e-06
3.90172e-07
1.62246e-06
5.78929e-07
1.6255e-06
7.83511e-07
1.57366e-06
9.77034e-07
1.41473e-06
1.10421e-06
1.0694e-06
1.09106e-06
4.50916e-07
9.10225e-07
-4.96157e-07
5.91553e-07
-1.82527e-06
2.28565e-07
-3.69648e-06
-4.20399e-08
-6.22061e-06
-9.63188e-06
-1.23626e-07
1.51757e-06
-1.84433e-07
1.68748e-06
-1.88101e-07
1.6372e-06
-1.50044e-07
1.56486e-06
-7.92696e-08
1.50301e-06
2.01231e-08
1.45732e-06
1.46469e-07
1.42993e-06
2.99616e-07
1.41885e-06
4.79315e-07
1.4182e-06
6.83979e-07
1.4178e-06
9.08018e-07
1.40146e-06
1.13856e-06
1.34312e-06
1.34811e-06
1.20518e-06
1.48827e-06
9.29236e-07
1.49149e-06
4.47705e-07
1.31676e-06
-3.21435e-07
9.66592e-07
-1.47509e-06
5.2559e-07
-3.25548e-06
1.21235e-07
-5.81625e-06
-9.51064e-06
-2.16049e-07
1.73362e-06
-2.31019e-07
1.70245e-06
-1.70363e-07
1.57654e-06
-6.94169e-08
1.46391e-06
6.21892e-08
1.37141e-06
2.20227e-07
1.29928e-06
4.04247e-07
1.24591e-06
6.14397e-07
1.2087e-06
8.4908e-07
1.18352e-06
1.10427e-06
1.1626e-06
1.37134e-06
1.13439e-06
1.63604e-06
1.07842e-06
1.87073e-06
9.70495e-07
2.03461e-06
7.65358e-07
2.06554e-06
4.16771e-07
1.90882e-06
-1.64711e-07
1.52151e-06
-1.08779e-06
9.56503e-07
-2.69047e-06
3.3107e-07
-5.19082e-06
-9.17957e-06
-3.02081e-07
2.0357e-06
-2.09162e-07
1.60953e-06
-2.29078e-08
1.39029e-06
1.94768e-07
1.24623e-06
4.33741e-07
1.13243e-06
6.92851e-07
1.04017e-06
9.70652e-07
9.68105e-07
1.26548e-06
9.13868e-07
1.57483e-06
8.7417e-07
1.89544e-06
8.41995e-07
2.21819e-06
8.11634e-07
2.53096e-06
7.65658e-07
2.80566e-06
6.95786e-07
3.0089e-06
5.62122e-07
3.07583e-06
3.49843e-07
2.97269e-06
-6.15683e-08
2.54362e-06
-6.58718e-07
1.8032e-06
-1.95006e-06
7.88619e-07
-4.17624e-06
-8.39095e-06
-1.70812e-07
2.20652e-06
1.71814e-07
1.2669e-06
6.02437e-07
9.59665e-07
1.04229e-06
8.06382e-07
1.47474e-06
6.99985e-07
1.90191e-06
6.12993e-07
2.32542e-06
5.44592e-07
2.74433e-06
4.94961e-07
3.15853e-06
4.59976e-07
3.5687e-06
4.3182e-07
3.96604e-06
4.14291e-07
4.34856e-06
3.83137e-07
4.68224e-06
3.62115e-07
4.96025e-06
2.84111e-07
5.08946e-06
2.20632e-07
5.01536e-06
1.2527e-08
4.66913e-06
-3.12483e-07
3.81505e-06
-1.09599e-06
2.13327e-06
-2.49445e-06
-6.25769e-06
2.20652e-06
3.47342e-06
4.43309e-06
5.23947e-06
5.93945e-06
6.55245e-06
7.09704e-06
7.592e-06
8.05197e-06
8.48379e-06
8.89809e-06
9.28122e-06
9.64334e-06
9.92745e-06
1.01481e-05
1.01606e-05
9.84812e-06
8.75214e-06
6.25769e-06
)
;

boundaryField
{
    movingWall
    {
        type            calculated;
        value           uniform 0;
    }
    fixedWalls
    {
        type            calculated;
        value           uniform 0;
    }
    frontAndBack
    {
        type            empty;
    }
}


// ************************************************************************* //
