/*--------------------------------*- C++ -*----------------------------------*\
  =========                 |
  \\      /  F ield         | OpenFOAM: The Open Source CFD Toolbox
   \\    /   O peration     | Website:  https://openfoam.org
    \\  /    A nd           | Version:  11
     \\/     M anipulation  |
\*---------------------------------------------------------------------------*/
FoamFile
{
    format      ascii;
    class       volVectorField;
    location    "1.5";
    object      U;
}
// * * * * * * * * * * * * * * * * * * * * * * * * * * * * * * * * * * * * * //

dimensions      [0 1 -1 0 0 0 0];

internalField   nonuniform List<vector> 
400
(
(-2.61738e-05 3.04903e-05 0)
(-0.00101444 0.000632776 0)
(-0.0031332 0.0010701 0)
(-0.00565237 0.00126117 0)
(-0.00839316 0.00134445 0)
(-0.0112556 0.00140185 0)
(-0.0142199 0.00146083 0)
(-0.0172826 0.00152378 0)
(-0.0204243 0.00157587 0)
(-0.0235789 0.00158508 0)
(-0.0266135 0.00149968 0)
(-0.0293362 0.00124299 0)
(-0.0313105 0.000751502 0)
(-0.0320889 0.000216574 0)
(-0.0314207 -0.000937831 0)
(-0.028445 -0.00217409 0)
(-0.0231705 -0.0033687 0)
(-0.0159742 -0.00395524 0)
(-0.00800868 -0.00327862 0)
(-0.00182783 -0.00174941 0)
(-0.000622851 0.00101856 0)
(-0.00261539 0.00272543 0)
(-0.00531068 0.0037433 0)
(-0.00835426 0.00425319 0)
(-0.0116204 0.00451664 0)
(-0.0150344 0.00469079 0)
(-0.0185631 0.00483661 0)
(-0.0221761 0.00495353 0)
(-0.0258262 0.00499645 0)
(-0.0294295 0.00488132 0)
(-0.0328458 0.00448963 0)
(-0.0358703 0.00367275 0)
(-0.038207 0.00228521 0)
(-0.039429 0.000218459 0)
(-0.039015 -0.00262901 0)
(-0.0363794 -0.00613808 0)
(-0.0310291 -0.00968671 0)
(-0.0229919 -0.0121011 0)
(-0.0129202 -0.0118506 0)
(-0.00317321 -0.00769765 0)
(-0.00112817 0.00309604 0)
(-0.00361134 0.00536098 0)
(-0.0064094 0.00662818 0)
(-0.00946702 0.00736785 0)
(-0.0127265 0.00782091 0)
(-0.016152 0.00814185 0)
(-0.0197248 0.00839708 0)
(-0.0234207 0.00858169 0)
(-0.0272044 0.00863077 0)
(-0.0310166 0.00842416 0)
(-0.0347579 0.00779212 0)
(-0.0382773 0.00652756 0)
(-0.041329 0.004393 0)
(-0.0435183 0.00114331 0)
(-0.0442646 -0.00344053 0)
(-0.0426798 -0.00931695 0)
(-0.0377126 -0.0158552 0)
(-0.0288644 -0.021418 0)
(-0.0167494 -0.0230904 0)
(-0.00387615 -0.0163684 0)
(-0.00135146 0.00555803 0)
(-0.0040687 0.00818828 0)
(-0.00690602 0.00956673 0)
(-0.00992349 0.0104632 0)
(-0.0131065 0.0110923 0)
(-0.0164576 0.0115833 0)
(-0.0199889 0.011995 0)
(-0.0237037 0.0123179 0)
(-0.0276005 0.0124753 0)
(-0.0316654 0.0123234 0)
(-0.0358661 0.0116522 0)
(-0.0401305 0.0101909 0)
(-0.0442872 0.00757811 0)
(-0.047978 0.00336335 0)
(-0.0504868 -0.00295383 0)
(-0.0504177 -0.0116775 0)
(-0.0458051 -0.0224899 0)
(-0.0361215 -0.0329579 0)
(-0.0222777 -0.0374137 0)
(-0.00498545 -0.0268894 0)
(-0.00140069 0.00819198 0)
(-0.00417244 0.011108 0)
(-0.00699944 0.0125277 0)
(-0.00995885 0.0135271 0)
(-0.0130514 0.014313 0)
(-0.0163067 0.0149899 0)
(-0.019769 0.0156068 0)
(-0.0234777 0.0161526 0)
(-0.0274751 0.0165488 0)
(-0.0318035 0.0166419 0)
(-0.0365115 0.0161996 0)
(-0.0416247 0.0148955 0)
(-0.0470935 0.0122441 0)
(-0.0526331 0.00749897 0)
(-0.0572087 -0.000535535 0)
(-0.0588087 -0.0131781 0)
(-0.0541617 -0.0299936 0)
(-0.0442839 -0.0463328 0)
(-0.0297416 -0.0542457 0)
(-0.00854058 -0.0421333 0)
(-0.00135811 0.0108134 0)
(-0.00406487 0.0139992 0)
(-0.0068252 0.0154367 0)
(-0.0096927 0.0165058 0)
(-0.0126692 0.0174297 0)
(-0.0157983 0.0183011 0)
(-0.0191489 0.0191652 0)
(-0.022793 0.0200163 0)
(-0.026813 0.020785 0)
(-0.0313057 0.0213254 0)
(-0.0363937 0.0214057 0)
(-0.0421927 0.0206564 0)
(-0.048778 0.0184258 0)
(-0.0558157 0.0133674 0)
(-0.0615951 0.00302205 0)
(-0.0628865 -0.0147928 0)
(-0.0585519 -0.0379252 0)
(-0.0490167 -0.0595941 0)
(-0.0341823 -0.0726481 0)
(-0.0141406 -0.0661109 0)
(-0.00126753 0.0133157 0)
(-0.00383235 0.0167851 0)
(-0.00647073 0.0182412 0)
(-0.00919981 0.0193607 0)
(-0.0120158 0.0204033 0)
(-0.0149648 0.0214648 0)
(-0.0181279 0.022596 0)
(-0.0215968 0.0238043 0)
(-0.0254781 0.025039 0)
(-0.0299036 0.0261781 0)
(-0.0350322 0.0270038 0)
(-0.0410295 0.0270828 0)
(-0.047984 0.02544 0)
(-0.0552793 0.0197319 0)
(-0.0603092 0.00616824 0)
(-0.0604508 -0.0168853 0)
(-0.0558163 -0.0446349 0)
(-0.0472598 -0.0715272 0)
(-0.0332122 -0.0914768 0)
(-0.0167945 -0.0939394 0)
(-0.00115111 0.0156351 0)
(-0.00352462 0.0194078 0)
(-0.00599259 0.0208894 0)
(-0.00853294 0.0220434 0)
(-0.0111318 0.0231784 0)
(-0.0138277 0.0244061 0)
(-0.0166998 0.0257898 0)
(-0.0198415 0.0273544 0)
(-0.0233597 0.0290723 0)
(-0.0273875 0.0308492 0)
(-0.0320662 0.0324681 0)
(-0.0375271 0.0333643 0)
(-0.0437658 0.0320439 0)
(-0.0498336 0.0250228 0)
(-0.0530746 0.00782087 0)
(-0.0517478 -0.0190755 0)
(-0.0477999 -0.0500038 0)
(-0.0408449 -0.0812508 0)
(-0.0284566 -0.108229 0)
(-0.0152197 -0.116857 0)
(-0.00102329 0.0177351 0)
(-0.00317681 0.0218252 0)
(-0.00543574 0.0233333 0)
(-0.00774056 0.0244988 0)
(-0.0100628 0.0256863 0)
(-0.0124252 0.0270299 0)
(-0.0148923 0.0286089 0)
(-0.0175415 0.0304642 0)
(-0.0204569 0.0325857 0)
(-0.0237359 0.034896 0)
(-0.0274605 0.0371431 0)
(-0.0316612 0.0385582 0)
(-0.0362427 0.0371105 0)
(-0.0402246 0.0284605 0)
(-0.0415093 0.00835025 0)
(-0.0399286 -0.0209327 0)
(-0.0373334 -0.0537938 0)
(-0.0326474 -0.0880574 0)
(-0.0241898 -0.121304 0)
(-0.0113431 -0.136907 0)
(-0.000898122 0.0196063 0)
(-0.0028194 0.0240081 0)
(-0.00484593 0.0255346 0)
(-0.00687765 0.0266757 0)
(-0.00886957 0.0278573 0)
(-0.0108237 0.0292392 0)
(-0.0127823 0.0309156 0)
(-0.0147948 0.0329362 0)
(-0.0169084 0.0352965 0)
(-0.0191624 0.0379113 0)
(-0.0215823 0.0404668 0)
(-0.0240371 0.0419713 0)
(-0.0264889 0.0400544 0)
(-0.0282639 0.0300495 0)
(-0.0282462 0.00832169 0)
(-0.027093 -0.0219476 0)
(-0.0260533 -0.055781 0)
(-0.0237403 -0.0922746 0)
(-0.0195779 -0.129892 0)
(-0.00943965 -0.153601 0)
(-0.000789161 0.0212551 0)
(-0.00248934 0.025949 0)
(-0.00427621 0.0274686 0)
(-0.00600987 0.0285329 0)
(-0.007629 0.0296319 0)
(-0.00911536 0.0309526 0)
(-0.010488 0.0325997 0)
(-0.0117669 0.0346235 0)
(-0.0129598 0.0370108 0)
(-0.014052 0.0396482 0)
(-0.0150166 0.0421659 0)
(-0.0155648 0.0432742 0)
(-0.0159358 0.0408871 0)
(-0.0157903 0.0302251 0)
(-0.0150699 0.00823181 0)
(-0.0147745 -0.0218354 0)
(-0.0154312 -0.0558179 0)
(-0.0154793 -0.09371 0)
(-0.0151676 -0.134667 0)
(-0.00665215 -0.166563 0)
(-0.000710126 0.0227277 0)
(-0.00223 0.0276658 0)
(-0.00378767 0.0291275 0)
(-0.00521034 0.030042 0)
(-0.00642464 0.0309655 0)
(-0.00739919 0.0321116 0)
(-0.00813596 0.0335913 0)
(-0.00863283 0.0354471 0)
(-0.00886801 0.0376442 0)
(-0.00878426 0.0400249 0)
(-0.0082784 0.0421187 0)
(-0.0072848 0.0427562 0)
(-0.00580787 0.0398847 0)
(-0.00416482 0.029302 0)
(-0.00312616 0.00824664 0)
(-0.00379919 -0.0205823 0)
(-0.00623055 -0.0540417 0)
(-0.00823292 -0.0927975 0)
(-0.0115366 -0.136237 0)
(-0.00467324 -0.176629 0)
(-0.000699885 0.0240591 0)
(-0.00210664 0.0291886 0)
(-0.00345235 0.0305134 0)
(-0.00455249 0.0311814 0)
(-0.00532927 0.0318234 0)
(-0.00575396 0.0326778 0)
(-0.00582373 0.0338578 0)
(-0.0055277 0.0353925 0)
(-0.00483298 0.037219 0)
(-0.00367045 0.039129 0)
(-0.00195059 0.040649 0)
(0.000364136 0.0407222 0)
(0.0031518 0.0374534 0)
(0.00576244 0.0275647 0)
(0.00696867 0.00841417 0)
(0.00557036 -0.0182828 0)
(0.00152279 -0.0505854 0)
(-0.00173143 -0.0896148 0)
(-0.00858953 -0.135191 0)
(-0.00249599 -0.184368 0)
(-0.000765044 0.0254812 0)
(-0.0021789 0.0305973 0)
(-0.00333956 0.0316415 0)
(-0.00408785 0.0319303 0)
(-0.00437287 0.0321661 0)
(-0.00419972 0.032616 0)
(-0.00357092 0.0333821 0)
(-0.00248171 0.0344778 0)
(-0.000910257 0.0358128 0)
(0.00120422 0.0371585 0)
(0.00391208 0.0380442 0)
(0.00717887 0.0375679 0)
(0.010789 0.0341439 0)
(0.0139293 0.0253081 0)
(0.0152309 0.00872503 0)
(0.0134301 -0.0151887 0)
(0.00835282 -0.0457481 0)
(0.00447282 -0.0845398 0)
(-0.00627005 -0.132323 0)
(0.000264707 -0.190359 0)
(-0.00108354 0.02692 0)
(-0.00261049 0.0318999 0)
(-0.00350928 0.0324568 0)
(-0.00377791 0.0321939 0)
(-0.00350054 0.0319242 0)
(-0.00264031 0.0318689 0)
(-0.0012568 0.0321359 0)
(0.000643142 0.0327223 0)
(0.0030705 0.033515 0)
(0.00604713 0.0342817 0)
(0.00956727 0.0345799 0)
(0.0135282 0.0336683 0)
(0.0176173 0.0303481 0)
(0.0210688 0.022762 0)
(0.0225011 0.0089971 0)
(0.0206973 -0.0116923 0)
(0.0151007 -0.0398684 0)
(0.0108563 -0.0780377 0)
(-0.00428404 -0.127875 0)
(0.00416304 -0.194973 0)
(-0.0015215 0.0293306 0)
(-0.0034158 0.0332426 0)
(-0.00394012 0.032883 0)
(-0.00351769 0.0318745 0)
(-0.00243104 0.0309884 0)
(-0.000723243 0.0303728 0)
(0.00154141 0.0300995 0)
(0.00434089 0.0301492 0)
(0.00767151 0.0304021 0)
(0.0115198 0.0306331 0)
(0.0158222 0.0304719 0)
(0.0204119 0.0293251 0)
(0.0249178 0.0263049 0)
(0.0286317 0.0200668 0)
(0.0303186 0.00906902 0)
(0.0288454 -0.00819625 0)
(0.0229961 -0.0333404 0)
(0.0186754 -0.0703735 0)
(-0.001925 -0.122333 0)
(0.00982382 -0.197564 0)
(-0.00301408 0.0317921 0)
(-0.00517346 0.0342219 0)
(-0.00411807 0.0324973 0)
(-0.002568 0.0306887 0)
(-0.000204032 0.0291351 0)
(0.0027034 0.0279586 0)
(0.00612581 0.0271543 0)
(0.0100653 0.0266667 0)
(0.0145294 0.0263856 0)
(0.0194424 0.0261406 0)
(0.024685 0.025653 0)
(0.0300505 0.0244671 0)
(0.0351245 0.0219704 0)
(0.0392992 0.0171531 0)
(0.0414133 0.00883412 0)
(0.0406029 -0.00481697 0)
(0.0344878 -0.0258511 0)
(0.0301851 -0.0602567 0)
(0.00131224 -0.113055 0)
(0.018277 -0.194303 0)
(-0.00513615 0.0392214 0)
(-0.00600819 0.0348043 0)
(-0.00240549 0.0313459 0)
(0.00155039 0.0287101 0)
(0.00616716 0.0265682 0)
(0.0111718 0.0248451 0)
(0.0165533 0.0235015 0)
(0.0222991 0.0224903 0)
(0.028341 0.0217417 0)
(0.0346528 0.0211076 0)
(0.041085 0.0204177 0)
(0.0474879 0.0193116 0)
(0.0533765 0.0174719 0)
(0.0583471 0.0141052 0)
(0.0610688 0.00858529 0)
(0.0614227 -0.00102129 0)
(0.0552813 -0.0167609 0)
(0.0501823 -0.0465701 0)
(0.0107366 -0.0956635 0)
(0.0341481 -0.174659 0)
(-0.0042828 0.0371939 0)
(-0.00124682 0.0224346 0)
(0.00765419 0.0182944 0)
(0.0163824 0.0159056 0)
(0.0251532 0.0139463 0)
(0.0337809 0.0122838 0)
(0.0422956 0.0110127 0)
(0.0507461 0.0101031 0)
(0.0590493 0.00950184 0)
(0.0673071 0.00907783 0)
(0.0753118 0.00876068 0)
(0.0831807 0.00826329 0)
(0.0902082 0.00751492 0)
(0.0965284 0.00587041 0)
(0.100398 0.0032966 0)
(0.101654 -0.00236332 0)
(0.0964399 -0.010833 0)
(0.0902551 -0.0318021 0)
(0.0449501 -0.0680501 0)
(0.0681679 -0.1323 0)
(0.0474331 0.0563589 0)
(0.0525842 0.0375648 0)
(0.0773457 0.028053 0)
(0.0975494 0.0231312 0)
(0.112705 0.0200986 0)
(0.125473 0.0177482 0)
(0.136746 0.0158317 0)
(0.147163 0.0143762 0)
(0.15652 0.0132574 0)
(0.165575 0.0122698 0)
(0.173636 0.0116616 0)
(0.181758 0.0106281 0)
(0.188629 0.0103357 0)
(0.195276 0.00839466 0)
(0.199914 0.00811396 0)
(0.202722 0.00362882 0)
(0.199655 0.000852783 0)
(0.190238 -0.00659924 0)
(0.147931 -0.0196478 0)
(0.14306 -0.11029 0)
)
;

boundaryField
{
    movingWall
    {
        type            fixedValue;
        value           uniform (1 0 0);
    }
    fixedWalls
    {
        type            noSlip;
    }
    frontAndBack
    {
        type            empty;
    }
}


// ************************************************************************* //
